tree
version=v4
num_class=1
num_tree_per_iteration=1
label_index=0
max_feature_idx=14
objective=binary sigmoid:1
feature_names=response_time s_tap_count ratio_tap_position_y scroll_length event_scroll s_scroll_speed tap_position_x taskNum tap_position_y screen_width s_view_position scroll_time ratio_tap_position_x s_choice_left screen_height
feature_infos=[0:10.399999999999981] [1:1] none [0:14300.666666666672] [0:6] [-3503.3333333333576:6900.0000000000018] none [1:142] none [390:390] [-343.99999999999989:1145.6666666666642] [-0.5:18.799999999999962] none [0:1] [844:844]
tree_sizes=639 749 751 748 651 747 649 749 648 649 651 648 653 635 755 645 752 549 653 747 637 649 651 654 647 653 761 652 651 753 659 760 649 754 648 653 654 651 654 756 658 863 653 655 752 654 653 753 654 655 757 754 653 654 752 651 757 660 752 653 754 756 756 753 756 757 653 651 759 653 754 654 662 655 753 754 756 651 653 758 654 655 653 651 759 656 752 655 761 660 655 649 664 653 651 653 653 651 649 652

Tree=0
num_leaves=5
num_cat=0
split_feature=3 10 7 11
split_gain=4.35102 5.33558 1.48426 3.17338
threshold=832.3333333333386 348.50000000000489 105.50000000000001 2.0500000000000003
decision_type=2 2 2 2
left_child=1 -1 3 -3
right_child=-2 2 -4 -5
leaf_value=0.54060384864312439 0.5725661119096902 0.49739403384685643 0.39897795796196223 0.40219255340543869
leaf_weight=8.2483634352684039 5.1846855878829947 9.1910335421562213 5.1846855878829947 5.6560206413269034
leaf_count=35 22 39 22 24
internal_value=0.488353 0.472914 0.445041 0.461127
internal_weight=0 28.2801 20.0317 14.8471
internal_count=142 120 85 63
is_linear=0
shrinkage=1


Tree=1
num_leaves=6
num_cat=0
split_feature=3 10 0 7 0
split_gain=3.59219 4.31766 2.76309 3.78896 0.998217
threshold=832.3333333333386 348.50000000000489 0.15000000000000005 63.500000000000007 1.9500000000000008
decision_type=2 2 2 2 2
left_child=1 -1 -3 4 -4
right_child=-2 2 3 -5 -6
leaf_value=0.047682619548223594 0.077555122574355845 -0.097417136733542617 -0.01952816177232353 0.057956089729934684 -0.08351006088211449
leaf_weight=8.1405954062938708 5.0727636516094199 5.7210178524255779 4.9582334756851179 4.7441611886024466 4.7981271892786026
leaf_count=35 22 24 21 20 20
internal_value=0 -0.0138115 -0.0385673 -0.0153487 -0.0509941
internal_weight=0 28.3621 20.2215 14.5005 9.75636
internal_count=142 120 85 61 41
is_linear=0
shrinkage=0.1


Tree=2
num_leaves=6
num_cat=0
split_feature=3 7 5 0 0
split_gain=2.96967 1.60248 2.15494 0.715492 0.247491
threshold=832.3333333333386 120.50000000000001 193.60504920838693 0.15000000000000005 1.6500000000000006
decision_type=2 2 2 2 2
left_child=1 2 3 -1 -5
right_child=-2 -3 -4 4 -6
leaf_value=-0.0060921171068323799 0.071511780444596204 -0.062284356608390268 -0.046855266218442222 0.053210085493351593 0.020865461138553903
leaf_weight=6.5685051828622916 4.9574608504772177 5.2440721094608298 7.1172091811895362 4.6813171952962858 4.7824685871601105
leaf_count=28 22 22 30 20 20
internal_value=0 -0.0123703 -0.00106323 0.0192652 0.0368649
internal_weight=0 28.3936 23.1495 16.0323 9.46379
internal_count=142 120 98 68 40
is_linear=0
shrinkage=0.1


Tree=3
num_leaves=6
num_cat=0
split_feature=3 3 0 0 11
split_gain=2.4579 1.10937 1.60577 2.82065 1.73532
threshold=832.3333333333386 730.3333333333286 0.15000000000000005 1.0500000000000003 0.55000000000000004
decision_type=2 2 2 2 2
left_child=1 2 4 -4 -1
right_child=-2 -3 3 -5 -6
leaf_value=-0.063282032791387985 0.065982188148380458 -0.049299677599649747 0.080669267153498689 -0.020652209326492393 0.014976771262005971
leaf_weight=6.1472963094711357 4.8418167829513541 5.9972116947174063 5.1184654384851438 5.9315821677446365 5.2560912370681763
leaf_count=26 22 25 22 25 22
internal_value=0 -0.0110912 -0.000885902 0.0262807 -0.0272107
internal_weight=0 28.4506 22.4534 11.05 11.4034
internal_count=142 120 95 47 48
is_linear=0
shrinkage=0.1


Tree=4
num_leaves=5
num_cat=0
split_feature=10 7 11 7
split_gain=2.5908 2.42513 3.52375 3.47634
threshold=639.66666666666799 72.500000000000014 1.0000000180025095e-35 30.500000000000004
decision_type=2 2 2 2
left_child=1 3 -3 -1
right_child=-2 2 -4 -5
leaf_value=0.041070473649193855 -0.067561713767855081 -0.0081523307348743291 0.097349280068048591 -0.05432549305623785
leaf_weight=6.5489360541105297 4.8297821283340445 6.3760275244712812 6.2878981381654739 9.1672276854515058
leaf_count=28 21 27 27 39
internal_value=0 0.0116665 0.0442314 -0.0145739
internal_weight=0 28.3801 12.6639 15.7162
internal_count=142 121 54 67
is_linear=0
shrinkage=0.1


Tree=5
num_leaves=6
num_cat=0
split_feature=3 7 3 0 0
split_gain=2.0843 1.37901 1.5395 0.95162 2.29174
threshold=832.3333333333386 120.50000000000001 730.3333333333286 1.0500000000000003 0.15000000000000005
decision_type=2 2 2 2 2
left_child=1 2 3 4 -1
right_child=-2 -3 -4 -5 -6
leaf_value=-0.0045711586135821491 0.061577673119797893 -0.056182410860642074 -0.042866145064534546 -0.016370447543727126 0.087788736945702092
leaf_weight=6.5882564038038343 4.7386430054903022 5.2784684598445883 6.0577048361301413 5.9809870868921271 4.5364533513784409
leaf_count=28 22 22 25 25 20
internal_value=0 -0.0100558 0.000455531 0.0157972 0.0330915
internal_weight=0 28.4419 23.1634 17.1057 11.1247
internal_count=142 120 98 73 48
is_linear=0
shrinkage=0.1


Tree=6
num_leaves=5
num_cat=0
split_feature=10 10 10 3
split_gain=2.26272 2.02238 2.90878 2.40116
threshold=639.66666666666799 466.00000000000006 348.50000000000489 699.33333333333223
decision_type=2 2 2 2
left_child=1 2 -1 -4
right_child=-2 -3 3 -5
leaf_value=0.044879921779694666 -0.062875892895459348 0.061870182620139519 -0.072104776637690757 0.010624855823524824
leaf_weight=8.0440962463617378 4.853570193052291 6.1278861165046683 6.9835481941699964 7.0500090718269348
leaf_count=35 21 27 29 30
internal_value=0 0.0110443 -0.00306298 -0.0305441
internal_weight=0 28.2055 22.0777 14.0336
internal_count=142 121 94 59
is_linear=0
shrinkage=0.1


Tree=7
num_leaves=6
num_cat=0
split_feature=7 7 0 0 7
split_gain=1.74746 1.60073 4.87051 1.74014 0.433199
threshold=30.500000000000004 72.500000000000014 0.15000000000000005 1.3500000000000003 120.50000000000001
decision_type=2 2 2 2 2
left_child=-1 3 4 -2 -3
right_child=1 2 -4 -5 -6
leaf_value=0.045020308194605077 -0.085976983436802656 -0.011837760218302415 0.08956595839277004 -0.0022403095971522736 -0.05163392028983213
leaf_weight=6.8846329748630515 4.859699025750162 6.3240837305784243 5.0214619338512412 5.0717088431119919 4.8200950622558594
leaf_count=30 21 27 23 21 20
internal_value=0 -0.0116172 0.00779484 -0.0432149 -0.0290504
internal_weight=0 26.097 16.1656 9.93141 11.1442
internal_count=142 112 70 42 47
is_linear=0
shrinkage=0.1


Tree=8
num_leaves=5
num_cat=0
split_feature=10 10 10 3
split_gain=1.965 1.62081 2.4646 1.82787
threshold=639.66666666666799 466.00000000000006 348.50000000000489 699.33333333333223
decision_type=2 2 2 2
left_child=1 2 -1 -4
right_child=-2 -3 3 -5
leaf_value=0.042303417959380113 -0.058403772468344162 0.056519989163026613 -0.063205477236996169 0.0089128799146516689
leaf_weight=7.9678057432174745 4.8696763515472403 5.9945248514413825 7.0613571852445585 6.9965838342905045
leaf_count=35 21 27 29 30
internal_value=0 0.0104181 -0.00212893 -0.0273124
internal_weight=0 28.0203 22.0257 14.0579
internal_count=142 121 94 59
is_linear=0
shrinkage=0.1


Tree=9
num_leaves=5
num_cat=0
split_feature=10 11 10 11
split_gain=1.57684 1.41008 2.99836 1.58606
threshold=639.66666666666799 2.4000000000000008 466.00000000000006 0.55000000000000004
decision_type=2 2 2 2
left_child=1 2 3 -1
right_child=-2 -3 -4 -5
leaf_value=-0.031833636838735739 -0.051914392912045776 -0.03183174533440055 0.091134366214967705 0.030085971555893171
leaf_weight=7.6599606275558569 4.9272521287202826 6.3780281394720069 4.8244717270135871 8.9940963089466077
leaf_count=33 21 27 22 39
internal_value=0 0.0094557 0.021716 0.00160632
internal_weight=0 27.8566 21.4785 16.6541
internal_count=142 121 94 72
is_linear=0
shrinkage=0.1


Tree=10
num_leaves=5
num_cat=0
split_feature=7 7 7 0
split_gain=1.75146 2.17907 2.63188 1.46647
threshold=105.50000000000001 72.500000000000014 30.500000000000004 1.3500000000000003
decision_type=2 2 2 2
left_child=1 2 -1 -4
right_child=-2 -3 3 -5
leaf_value=0.042251951267413664 -0.038464155688268907 0.059557636037304323 -0.077295523539280528 -0.00062988189451371884
leaf_weight=6.7838778048753801 8.6129405200481397 7.3295654505491248 4.9269090443849546 5.0547260940074921
leaf_count=30 37 33 21 21
internal_value=0 0.0140756 -0.00580834 -0.0384718
internal_weight=0 24.0951 16.7655 9.98164
internal_count=142 105 72 42
is_linear=0
shrinkage=0.1


Tree=11
num_leaves=5
num_cat=0
split_feature=10 0 7 7
split_gain=1.61757 2.81238 3.02536 2.0862
threshold=348.50000000000489 0.15000000000000005 72.500000000000014 45.500000000000007
decision_type=2 2 2 2
left_child=-1 -2 3 -3
right_child=1 2 -4 -5
leaf_value=0.039711465559350102 -0.073194662378065489 0.014674497305522706 0.07872160198512021 -0.062994197406968586
leaf_weight=7.8784753531217566 5.8075250387191799 8.8384954333305377 4.4264383018016806 5.6812433749437323
leaf_count=35 24 39 21 23
internal_value=0 -0.0123136 0.00634806 -0.0157155
internal_weight=0 24.7537 18.9462 14.5197
internal_count=142 107 83 62
is_linear=0
shrinkage=0.1


Tree=12
num_leaves=5
num_cat=0
split_feature=7 4 11 7
split_gain=1.41382 1.88353 1.59323 0.0382072
threshold=105.50000000000001 1.0000000180025095e-35 1.5000000000000002 39.500000000000007
decision_type=2 2 2 2
left_child=1 -1 -3 -4
right_child=-2 2 3 -5
leaf_value=0.050870640069600251 -0.034485935750815523 -0.047314161983768706 0.024937114927440451 0.01207331352303294
leaf_weight=8.4095152765512484 8.6063445806503278 6.1707626879215232 4.4751001447439176 4.7699440717697144
leaf_count=38 37 27 20 20
internal_value=0 0.0128023 -0.00796451 0.0183001
internal_weight=0 23.8253 15.4158 9.24504
internal_count=142 105 67 40
is_linear=0
shrinkage=0.1


Tree=13
num_leaves=5
num_cat=0
split_feature=10 0 11 11
split_gain=1.32223 2.24726 2.85399 1.15877
threshold=348.50000000000489 0.15000000000000005 2.4000000000000008 1.25
decision_type=2 2 2 2
left_child=-1 -2 3 -3
right_child=1 2 -4 -5
leaf_value=0.03622491146806521 -0.06537268797593343 0.0096578433717338114 -0.053571042471421984 0.072067982504751993
leaf_weight=7.7656193375587454 5.8246128261089352 8.5671781599521655 5.6697409451007834 4.557689130306243
leaf_count=35 24 38 24 21
internal_value=0 -0.0111011 0.00571813 0.0313301
internal_weight=0 24.6192 18.7946 13.1249
internal_count=142 107 83 59
is_linear=0
shrinkage=0.1


Tree=14
num_leaves=6
num_cat=0
split_feature=10 10 10 3 11
split_gain=1.2201 1.26956 1.51515 1.50637 0.111261
threshold=639.66666666666799 466.00000000000006 348.50000000000489 412.50000000000119 1.6500000000000001
decision_type=2 2 2 2 2
left_child=1 2 -1 -4 -5
right_child=-2 -3 3 4 -6
leaf_value=0.033013014777045005 -0.045901582030538804 0.050161976405076393 -0.069108924895396218 -0.010447356682127049 0.011397584553510188
leaf_weight=7.6740302592516008 4.8648507595062247 5.7603585422039023 4.6063506901264182 4.5372663587331754 4.7960445135831833
leaf_count=35 21 27 19 20 20
internal_value=0 0.0084465 -0.00267128 -0.0223161 0.000777954
internal_weight=0 27.3741 21.6137 13.9397 9.33331
internal_count=142 121 94 59 40
is_linear=0
shrinkage=0.1


Tree=15
num_leaves=5
num_cat=0
split_feature=7 7 7 0
split_gain=1.12941 1.5902 1.91874 1.15314
threshold=105.50000000000001 72.500000000000014 30.500000000000004 1.3500000000000003
decision_type=2 2 2 2
left_child=1 2 -1 -4
right_child=-2 -3 3 -5
leaf_value=0.036430845477452921 -0.03091810153608154 0.051580573000864771 -0.067064045030617817 0.00094233493616866372
leaf_weight=6.6176330596208635 8.5403315126895887 6.9778038114309302 4.980566203594206 4.9928140044212341
leaf_count=30 37 33 21 21
internal_value=0 0.0115276 -0.0053177 -0.0330191
internal_weight=0 23.5688 16.591 9.97338
internal_count=142 105 72 42
is_linear=0
shrinkage=0.1


Tree=16
num_leaves=6
num_cat=0
split_feature=10 7 11 0 5
split_gain=1.00451 1.36927 2.6265 1.92906 2.85797
threshold=639.66666666666799 72.500000000000014 1.0000000180025095e-35 2.6500000000000017 279.75243147657073
decision_type=2 2 2 2 2
left_child=1 3 -3 4 -1
right_child=-2 2 -4 -5 -6
leaf_value=-0.093266889186068722 -0.041599471932963004 -0.012179268840447389 0.082393927175962917 0.040863696764429136 0.011138714241042943
leaf_weight=4.7536073029041308 4.8665529191493979 6.0901545286178571 5.6710736900568008 4.7756652832031241 5.8465370386838913
leaf_count=20 21 27 27 21 26
internal_value=0 0.00773881 0.0334224 -0.011907 -0.0356817
internal_weight=0 27.137 11.7612 15.3758 10.6001
internal_count=142 121 54 67 46
is_linear=0
shrinkage=0.1


Tree=17
num_leaves=4
num_cat=0
split_feature=7 4 5
split_gain=1.04366 1.41201 1.3588
threshold=105.50000000000001 1.0000000180025095e-35 228.64923747276717
decision_type=2 2 2
left_child=1 -1 -3
right_child=-2 2 -4
leaf_value=0.04494483567877508 -0.029750366141919851 0.024734843353675418 -0.034992078255329982
leaf_weight=8.0896243155002647 8.5038406252861005 7.2319538593292227 8.0476952493190748
leaf_count=38 37 31 36
internal_value=0 0.0111626 -0.00672295
internal_weight=0 23.3693 15.2796
internal_count=142 105 67
is_linear=0
shrinkage=0.1


Tree=18
num_leaves=5
num_cat=0
split_feature=7 10 7 10
split_gain=0.897283 1.09448 2.56917 0.666229
threshold=30.500000000000004 631.49999999999693 63.500000000000007 350.33333333333036
decision_type=2 2 2 2
left_child=-1 2 -2 -4
right_child=1 -3 3 -5
leaf_value=0.033224445527989394 -0.047275721477960359 -0.049875400624805513 0.0033820271745514546 0.048332909962172127
leaf_weight=6.5493627190589931 6.9263255149126115 5.0652721226215354 6.0602945387363416 7.2318142354488373
leaf_count=30 29 22 28 33
internal_value=0 -0.00830767 0.00210618 0.0278384
internal_weight=0 25.2837 20.2184 13.2921
internal_count=142 112 90 61
is_linear=0
shrinkage=0.1


Tree=19
num_leaves=6
num_cat=0
split_feature=0 7 0 7 7
split_gain=0.959775 2.30298 1.11563 1.97473 0.15208
threshold=0.15000000000000005 72.500000000000014 2.6500000000000017 45.500000000000007 114.50000000000001
decision_type=2 2 2 2 2
left_child=4 2 3 -2 -1
right_child=1 -3 -4 -5 -6
leaf_value=-0.036425288270124 0.014016615091648844 0.07635542297055159 0.036526428346124157 -0.069381420510616632 -0.012772632568735202
leaf_weight=5.0815266519784945 6.7247479856014305 4.4784964621067038 4.7011293321847907 4.9138429909944534 5.8454231917858124
leaf_count=23 30 23 21 20 25
internal_value=0 0.0128254 -0.00458733 -0.0211942 -0.0237722
internal_weight=0 20.8182 16.3397 11.6386 10.9269
internal_count=142 94 71 50 48
is_linear=0
shrinkage=0.1


Tree=20
num_leaves=5
num_cat=0
split_feature=10 0 11 11
split_gain=0.900878 1.85163 2.5133 0.897047
threshold=348.50000000000489 0.15000000000000005 2.4000000000000008 1.25
decision_type=2 2 2 2
left_child=-1 -2 3 -3
right_child=1 2 -4 -5
leaf_value=0.030446600911005317 -0.058965350548535245 0.011692498878243154 -0.049557546229880241 0.067612456717793187
leaf_weight=7.5191833376884487 5.7059505134820965 8.41241303086281 5.6071300208568564 4.3531085550785056
leaf_count=35 24 38 24 21
internal_value=0 -0.00920496 0.00624901 0.0307615
internal_weight=0 24.0786 18.3727 12.7655
internal_count=142 107 83 59
is_linear=0
shrinkage=0.1


Tree=21
num_leaves=5
num_cat=0
split_feature=0 5 5 11
split_gain=0.709674 1.24989 1.16059 1.01686
threshold=0.25000000000000006 150.81410825199643 380.29365079364965 0.55000000000000004
decision_type=2 2 2 2
left_child=3 -2 -3 -1
right_child=1 2 -4 -5
leaf_value=-0.045888021450296759 0.048390307624985203 -0.040019040116521014 0.020499821503401006 0.0120374214025001
leaf_weight=6.4529735445976275 6.3739141821861294 5.5937239378690702 7.3098058104515076 5.7141111642122269
leaf_count=28 29 24 35 26
internal_value=0 0.0121608 -0.00573531 -0.0186841
internal_weight=0 19.2774 12.9035 12.1671
internal_count=142 88 59 54
is_linear=0
shrinkage=0.1


Tree=22
num_leaves=5
num_cat=0
split_feature=10 0 11 5
split_gain=0.817318 1.37811 1.94978 1.6899
threshold=348.50000000000489 0.15000000000000005 2.4000000000000008 781.33333333333405
decision_type=2 2 2 2
left_child=-1 -2 3 -3
right_child=1 2 -4 -5
leaf_value=0.029115214299602499 -0.051728372693716267 0.057070213534439196 -0.044195335415311232 -0.017429914604881726
leaf_weight=7.4602680206298855 5.6964295804500606 7.4258179813623446 5.6481010615825644 5.1606910079717636
leaf_count=35 24 34 24 25
internal_value=0 -0.00879377 0.00461885 0.0265238
internal_weight=0 23.931 18.2346 12.5865
internal_count=142 107 83 59
is_linear=0
shrinkage=0.1


Tree=23
num_leaves=5
num_cat=0
split_feature=7 4 11 4
split_gain=0.742138 1.1683 1.33898 0.00602254
threshold=105.50000000000001 1.0000000180025095e-35 1.5000000000000002 1.5000000000000002
decision_type=2 2 2 2
left_child=1 -1 -3 -4
right_child=-2 2 3 -5
leaf_value=0.040863477961656944 -0.025303272929668153 -0.042709695835463864 0.015352890431820752 0.020545538473316704
leaf_weight=7.8265481144189897 8.353620231151579 6.1398384273052207 4.467399522662161 4.4669274240732193
leaf_count=38 37 27 20 20
internal_value=0 0.00951727 -0.00675777 0.0179491
internal_weight=0 22.9007 15.0742 8.93433
internal_count=142 105 67 40
is_linear=0
shrinkage=0.1


Tree=24
num_leaves=5
num_cat=0
split_feature=10 0 11 5
split_gain=0.666038 1.12257 1.72465 1.3092
threshold=348.50000000000489 0.15000000000000005 2.4000000000000008 781.33333333333405
decision_type=2 2 2 2
left_child=-1 -2 3 -3
right_child=1 2 -4 -5
leaf_value=0.026493705812262677 -0.04676068449843241 0.052234289520520664 -0.041585926731807242 -0.013417048477083984
leaf_weight=7.3617495298385647 5.6703295409679439 7.3057378679513949 5.6614261418581 5.1991717219352722
leaf_count=35 24 34 24 25
internal_value=0 -0.0079177 0.00420651 0.0249384
internal_weight=0 23.8367 18.1663 12.5049
internal_count=142 107 83 59
is_linear=0
shrinkage=0.1


Tree=25
num_leaves=5
num_cat=0
split_feature=7 10 7 10
split_gain=0.704982 0.894334 2.39271 1.19962
threshold=30.500000000000004 631.49999999999693 57.500000000000007 350.33333333333036
decision_type=2 2 2 2
left_child=-1 2 -2 -4
right_child=1 -3 3 -5
leaf_value=0.029774922731319309 -0.054752083814820489 -0.045626528518454917 -0.0077762688583376928 0.050223874058701871
leaf_weight=6.3976721912622478 5.3933034986257615 4.9194624572992316 6.638486519455908 7.7048995196819305
leaf_count=30 23 22 31 36
internal_value=0 -0.00747908 0.00202935 0.0233799
internal_weight=0 24.6562 19.7367 14.3434
internal_count=142 112 90 67
is_linear=0
shrinkage=0.1


Tree=26
num_leaves=6
num_cat=0
split_feature=0 0 11 11 7
split_gain=0.670083 1.2809 1.57028 0.422775 0.265644
threshold=2.6500000000000017 1.0500000000000003 0.90000000000000013 1.0000000180025095e-35 93.500000000000014
decision_type=2 2 2 2 2
left_child=1 2 3 -1 -5
right_child=-2 -3 -4 4 -6
leaf_value=-0.024818845262284894 0.035343360748731067 -0.049419262606107357 0.060144940506162675 -0.011544168934406013 0.023480849129842392
leaf_weight=8.1193699240684634 4.6148432344198218 5.3949173390865317 4.1697598770260802 4.1076320111751539 4.5797213762998581
leaf_count=37 21 23 21 19 21
internal_value=0 -0.00596175 0.00521504 -0.00841311 0.00692001
internal_weight=0 26.3714 20.9765 16.8067 8.68735
internal_count=142 121 98 77 40
is_linear=0
shrinkage=0.1


Tree=27
num_leaves=5
num_cat=0
split_feature=7 11 11 5
split_gain=0.625592 1.00286 1.07624 1.79313
threshold=105.50000000000001 0.40000000000000013 1.0500000000000003 279.75243147657073
decision_type=2 2 2 2
left_child=1 -1 -3 -4
right_child=-2 2 3 -5
leaf_value=0.046771631527310203 -0.023347518855320212 -0.041013879082304083 -0.01670331071334652 0.062484949483354216
leaf_weight=5.3176718950271669 8.2724855244159681 5.1844900399446514 7.5172339677810651 4.6150245144963264
leaf_count=25 37 23 33 24
internal_value=0 0.00878693 -0.00287751 0.0134193
internal_weight=0 22.6344 17.3167 12.1323
internal_count=142 105 80 57
is_linear=0
shrinkage=0.1


Tree=28
num_leaves=5
num_cat=0
split_feature=10 7 7 7
split_gain=0.63994 0.883617 1.2117 1.01423
threshold=348.50000000000489 105.50000000000001 72.500000000000014 45.500000000000007
decision_type=2 2 2 2
left_child=-1 2 3 -2
right_child=1 -3 -4 -5
leaf_value=0.026025385653736233 0.0093164179763142417 -0.045897391743257181 0.046833552542388954 -0.045517221714857829
leaf_weight=7.3112834990024593 8.4898085668683105 4.8455234467983237 4.5607939437031737 5.5970568954944602
leaf_count=35 39 22 23 23
internal_value=0 -0.00785192 0.00203405 -0.0124703
internal_weight=0 23.4932 18.6477 14.0869
internal_count=142 107 85 62
is_linear=0
shrinkage=0.1


Tree=29
num_leaves=6
num_cat=0
split_feature=10 7 11 7 3
split_gain=0.522786 0.715882 1.13783 1.33168 0.564671
threshold=348.50000000000489 105.50000000000001 2.4000000000000008 36.500000000000007 699.33333333333223
decision_type=2 2 2 2 2
left_child=-1 2 3 -2 -5
right_child=1 -3 -4 4 -6
leaf_value=0.023656402960090549 -0.032555956108863769 -0.041321709830050186 -0.035814124623099061 0.015620367491097437 0.065189406376218825
leaf_weight=7.2428522855043438 3.7020499631762567 4.8439304530620566 5.6002319902181616 4.9981619268655759 4.2541754767298698
leaf_count=35 18 22 24 22 21
internal_value=0 -0.00708806 0.00184909 0.018131 0.0384119
internal_weight=0 23.3985 18.5546 12.9544 9.25234
internal_count=142 107 85 61 43
is_linear=0
shrinkage=0.1


Tree=30
num_leaves=5
num_cat=0
split_feature=0 0 11 11
split_gain=0.635087 1.00481 1.17727 0.470257
threshold=2.6500000000000017 1.0500000000000003 0.90000000000000013 1.0000000180025095e-35
decision_type=2 2 2 2
left_child=1 2 3 -1
right_child=-2 -3 -4 -5
leaf_value=-0.025077711374828299 0.034576764376169855 -0.044528731766569983 0.052954645891744458 0.0085787501236229604
leaf_weight=7.9741134196519985 4.5641965717077246 5.3407119810581198 3.9856869056820861 8.6599172875285131
leaf_count=37 21 23 21 40
internal_value=0 -0.00587185 0.00414067 -0.00755567
internal_weight=0 25.9604 20.6197 16.634
internal_count=142 121 98 77
is_linear=0
shrinkage=0.1


Tree=31
num_leaves=6
num_cat=0
split_feature=0 7 7 10 11
split_gain=0.518539 1.01347 1.87829 1.70626 0.986224
threshold=2.6500000000000017 30.500000000000004 63.500000000000007 616.50000000000011 1.0000000180025095e-35
decision_type=2 2 2 2 2
left_child=1 -1 -3 4 -4
right_child=-2 2 3 -5 -6
leaf_value=0.044076512137766803 0.031406180381379302 -0.062473024319321925 -0.0067440783094662145 -0.051149011837865001 0.049757276286374025
leaf_weight=3.5842891633510652 4.5246358364820471 5.7469456046819714 5.9542013257741946 4.2069247215986243 6.4205052852630615
leaf_count=17 21 25 27 20 32
internal_value=0 -0.00528366 -0.0132072 0.00386761 0.0225711
internal_weight=0 25.9129 22.3286 16.5816 12.3747
internal_count=142 121 104 79 59
is_linear=0
shrinkage=0.1


Tree=32
num_leaves=5
num_cat=0
split_feature=10 5 10 10
split_gain=0.426025 1.33198 1.11391 1.31431
threshold=379.83333333333582 102.95752895752945 466.00000000000006 631.49999999999693
decision_type=2 2 2 2
left_child=1 -1 -2 -4
right_child=2 -3 3 -5
leaf_value=-0.010389518728906907 -0.035999238266395575 0.059557971426285938 0.051099168150865008 -0.021256138395198854
leaf_weight=7.4834382981061953 8.4696365147829074 4.2791291922330856 4.7947207316756231 5.2696537375450134
leaf_count=36 38 20 24 24
internal_value=0 0.0150568 -0.0092752 0.0132143
internal_weight=0 11.7626 18.534 10.0644
internal_count=142 56 86 48
is_linear=0
shrinkage=0.1


Tree=33
num_leaves=6
num_cat=0
split_feature=0 0 3 10 10
split_gain=0.400639 0.763276 0.935097 0.691691 1.13677
threshold=2.6500000000000017 1.0500000000000003 771.16666666667118 256.16666666667157 466.00000000000006
decision_type=2 2 2 2 2
left_child=1 2 3 -1 -5
right_child=-2 -3 -4 4 -6
leaf_value=0.028035702136312946 0.027823297406430598 -0.038337249219585451 0.044841621831596012 -0.04959696825628869 0.01235020201799239
leaf_weight=4.1532134860754146 4.465198040008544 5.3267173618078223 4.4271628558635703 6.0741952881216985 5.7822475656867027
leaf_count=20 21 23 23 28 27
internal_value=0 -0.00462289 0.00416453 -0.00708394 -0.0193861
internal_weight=0 25.7635 20.4368 16.0097 11.8564
internal_count=142 121 98 75 55
is_linear=0
shrinkage=0.1


Tree=34
num_leaves=5
num_cat=0
split_feature=10 5 7 10
split_gain=0.392888 1.13416 0.938514 1.31644
threshold=379.83333333333582 102.95752895752945 36.500000000000007 631.49999999999693
decision_type=2 2 2 2
left_child=1 -1 -2 -4
right_child=2 -3 3 -5
leaf_value=-0.0088896728977009617 -0.043955661595395254 0.055905274435377496 0.0300172940163498 -0.035824379352388455
leaf_weight=7.4880872294306773 5.4071860834956196 4.225991003215313 8.191499359905718 4.8255578875541678
leaf_count=36 26 20 38 22
internal_value=0 0.0144859 -0.00893727 0.0056091
internal_weight=0 11.7141 18.4242 13.0171
internal_count=142 56 86 60
is_linear=0
shrinkage=0.1


Tree=35
num_leaves=5
num_cat=0
split_feature=7 7 10 10
split_gain=0.435501 0.569303 1.17412 0.879861
threshold=30.500000000000004 57.500000000000007 616.50000000000011 350.33333333333036
decision_type=2 2 2 2
left_child=-1 -2 3 -3
right_child=1 2 -4 -5
leaf_value=0.023861140045813481 -0.03202202352590585 -0.0092557116876352315 -0.043064481323403063 0.041708383241196488
leaf_weight=6.1678461208939579 6.2012628167867687 6.4641140177845973 4.1966265961527816 7.1175050586462021
leaf_count=30 27 31 20 34
internal_value=0 -0.0059331 0.00316702 0.0174522
internal_weight=0 23.9795 17.7782 13.5816
internal_count=142 112 85 65
is_linear=0
shrinkage=0.1


Tree=36
num_leaves=5
num_cat=0
split_feature=10 0 10 7
split_gain=0.402552 0.962499 1.56074 1.16774
threshold=348.50000000000489 0.15000000000000005 616.50000000000011 36.500000000000007
decision_type=2 2 2 2
left_child=-1 -2 3 -3
right_child=1 2 -4 -5
leaf_value=0.020978616080854568 -0.043190195038306567 -0.047375467183073616 0.054385719836027885 0.013373155775605062
leaf_weight=7.0940572097897556 5.4022870212793377 5.5793227106332797 4.7017123252153388 7.3101229518651962
leaf_count=35 24 25 23 35
internal_value=0 -0.00627063 0.00506746 -0.0129225
internal_weight=0 22.9934 17.5912 12.8894
internal_count=142 107 83 60
is_linear=0
shrinkage=0.1


Tree=37
num_leaves=5
num_cat=0
split_feature=7 7 10 10
split_gain=0.446636 0.483351 1.03575 0.830336
threshold=30.500000000000004 57.500000000000007 616.50000000000011 350.33333333333036
decision_type=2 2 2 2
left_child=-1 -2 3 -3
right_child=1 2 -4 -5
leaf_value=0.024188793127974034 -0.030067359732125994 -0.010135671896281622 -0.04133313676311616 0.039517609733230638
leaf_weight=6.14616281539202 6.1979808062315014 6.4428987801074999 4.1443532407283774 7.0565579161047935
leaf_count=30 27 31 20 34
internal_value=0 -0.00604404 0.00239495 0.0158195
internal_weight=0 23.8418 17.6438 13.4995
internal_count=142 112 85 65
is_linear=0
shrinkage=0.1


Tree=38
num_leaves=5
num_cat=0
split_feature=10 0 10 5
split_gain=0.362042 0.848468 1.43092 1.08129
threshold=348.50000000000489 0.15000000000000005 616.50000000000011 193.60504920838693
decision_type=2 2 2 2
left_child=-1 -2 3 -3
right_child=1 2 -4 -5
leaf_value=0.019944347759085879 -0.040774267546407068 0.021448407358773031 0.052213512818587993 -0.037275075346922357
leaf_weight=7.0572940185666111 5.3610278069973019 5.4231426566839236 4.6526857763528815 7.4335481449961662
leaf_count=35 24 25 23 35
internal_value=0 -0.00596523 0.00469262 -0.0125046
internal_weight=0 22.8704 17.5094 12.8567
internal_count=142 107 83 60
is_linear=0
shrinkage=0.1


Tree=39
num_leaves=6
num_cat=0
split_feature=5 7 11 7 10
split_gain=0.376752 1.51018 0.649241 1.45316 0.506941
threshold=279.75243147657073 36.500000000000007 0.75000000000000011 105.50000000000001 379.83333333333582
decision_type=2 2 2 2 2
left_child=2 -2 3 -1 -4
right_child=1 -3 4 -5 -6
leaf_value=0.051908372778168878 -0.031832790856443631 0.054767665261376601 -0.0030261236113155844 -0.018242646379055146 -0.050786660163834152
leaf_weight=4.6886468976736122 3.4783904999494535 4.7820468619465828 4.3331954032182676 7.9763204753398895 4.5622299462556839
leaf_count=23 17 24 21 37 20
internal_value=0 0.018301 -0.00681538 0.00772768 -0.0275212
internal_weight=0 8.26044 21.5604 12.665 8.89543
internal_count=142 41 101 60 41
is_linear=0
shrinkage=0.1


Tree=40
num_leaves=5
num_cat=0
split_feature=7 11 4 11
split_gain=0.439891 0.478254 1.54626 1.3154
threshold=30.500000000000004 1.5000000000000002 1.0000000180025095e-35 1.0000000180025095e-35
decision_type=2 2 2 2
left_child=-1 2 3 -2
right_child=1 -3 -4 -5
leaf_value=0.02402218424169314 -0.027359663073461455 0.018986058391819903 -0.065789326239406851 0.035205975415235222
leaf_weight=6.126470714807513 7.0082252547144943 5.7660237923264495 4.3752144724130622 6.4558945447206497
leaf_count=30 33 28 19 32
internal_value=0 -0.00605053 -0.0141429 0.00263986
internal_weight=0 23.6054 17.8393 13.4641
internal_count=142 112 84 65
is_linear=0
shrinkage=0.1


Tree=41
num_leaves=7
num_cat=0
split_feature=5 11 11 11 3 10
split_gain=0.343148 1.18542 0.633082 1.22147 0.467871 0.0158407
threshold=279.75243147657073 1.0500000000000003 0.75000000000000011 1.0000000180025095e-35 412.50000000000119 382.33333333333491
decision_type=2 2 2 2 2 2
left_child=2 -2 3 5 -4 -1
right_child=1 -3 4 -5 -6 -7
leaf_value=-0.017689748494787574 -0.0224653410783715 0.053795969590951176 -0.05104274267665411 0.05325486087156165 -0.0051002289962438505 -0.0090876327451200178
leaf_weight=4.3485575169324928 3.8814143091440183 4.2923566550016403 4.2229229956865293 4.0391096100211135 4.6657277047634125 4.2164231240749359
leaf_count=20 17 24 20 20 21 20
internal_value=0 0.0175824 -0.0064899 0.00792283 -0.0269271 -0.013455
internal_weight=0 8.17377 21.4927 12.6041 8.88865 8.56498
internal_count=142 41 101 60 41 40
is_linear=0
shrinkage=0.1


Tree=42
num_leaves=5
num_cat=0
split_feature=7 11 0 0
split_gain=0.376001 0.834371 1.01129 0.879423
threshold=105.50000000000001 0.40000000000000013 0.65000000000000002 1.6500000000000006
decision_type=2 2 2 2
left_child=1 -1 -3 -4
right_child=-2 2 3 -5
leaf_value=0.042149107583306346 -0.01850113248249351 -0.039954092105866361 0.049810513318649101 -0.0082745759066031408
leaf_weight=5.1400973051786485 7.9193034172058097 5.3063128814101246 4.1158700808882696 7.1080840229988098
leaf_count=25 37 28 19 33
internal_value=0 0.0069606 -0.00398128 0.0130255
internal_weight=0 21.6704 16.5303 11.224
internal_count=142 105 80 52
is_linear=0
shrinkage=0.1


Tree=43
num_leaves=5
num_cat=0
split_feature=7 7 7 11
split_gain=0.349213 0.401746 0.899994 0.628181
threshold=30.500000000000004 72.500000000000014 105.50000000000001 1.9000000000000001
decision_type=2 2 2 2
left_child=-1 3 -3 -2
right_child=1 2 -4 -5
leaf_value=0.021559742759795931 -0.045111286107862192 0.034731779749912921 -0.016618721294025862 0.0062166573170068379
leaf_weight=6.0548958703875568 5.1044662445783633 5.9899553805589658 7.9338755756616592 4.4745219796895981
leaf_count=30 22 33 37 20
internal_value=0 -0.00537219 0.00547198 -0.0211351
internal_weight=0 23.5028 13.9238 9.57899
internal_count=142 112 70 42
is_linear=0
shrinkage=0.1


Tree=44
num_leaves=6
num_cat=0
split_feature=0 0 11 7 7
split_gain=0.312996 0.778807 0.864779 1.51479 0.9869
threshold=2.6500000000000017 1.0500000000000003 0.55000000000000004 102.50000000000001 69.500000000000014
decision_type=2 2 2 2 2
left_child=1 2 3 -1 -4
right_child=-2 -3 4 -5 -6
leaf_value=0.022221034687786287 0.024771931199025814 -0.038379161888661556 0.066036909051928536 -0.05985823153453948 0.0022779534933891074
leaf_weight=4.5884486064314931 4.3898285925388327 5.259972244501113 3.6785290911793691 4.4090003967285156 7.1393522620201111
leaf_count=23 21 23 18 20 37
internal_value=0 -0.00417329 0.00490665 -0.0180001 0.0239586
internal_weight=0 25.0753 19.8153 8.99745 10.8179
internal_count=142 121 98 43 55
is_linear=0
shrinkage=0.1


Tree=45
num_leaves=5
num_cat=0
split_feature=10 11 3 10
split_gain=0.392483 0.618112 1.32087 1.62814
threshold=348.50000000000489 2.4000000000000008 771.16666666667118 466.00000000000006
decision_type=2 2 2 2
left_child=-1 2 3 -2
right_child=1 -3 -4 -5
leaf_value=0.020872392180202735 -0.051804738246035376 -0.035722012565642315 0.045067338835421744 0.022624787490020153
leaf_weight=6.9610612764954594 6.0206289142370277 5.4176263511180869 5.1961462348699561 5.7420286610722542
leaf_count=35 27 24 28 28
internal_value=0 -0.00631633 0.00307755 -0.0154714
internal_weight=0 22.3764 16.9588 11.7627
internal_count=142 107 83 55
is_linear=0
shrinkage=0.1


Tree=46
num_leaves=5
num_cat=0
split_feature=10 5 11 0
split_gain=0.33156 0.999158 0.730439 0.972436
threshold=379.83333333333582 102.95752895752945 2.0500000000000003 0.25000000000000006
decision_type=2 2 2 2
left_child=1 -1 3 -2
right_child=2 -3 -4 -5
leaf_value=-0.0087052212529621347 -0.028067683398978756 0.052991440186805329 -0.043708181222992366 0.026375166781325496
leaf_weight=7.310233838856222 5.709943890571596 4.0954367816448212 4.4069727063179007 7.7118346393108368
leaf_count=36 27 20 20 39
internal_value=0 0.0134482 -0.00838448 0.00321388
internal_weight=0 11.4057 17.8288 13.4218
internal_count=142 56 86 66
is_linear=0
shrinkage=0.1


Tree=47
num_leaves=6
num_cat=0
split_feature=5 7 7 10 11
split_gain=0.335579 1.00702 1.0031 0.740229 0.1394
threshold=193.60504920838693 51.500000000000007 36.500000000000007 348.50000000000489 0.55000000000000004
decision_type=2 2 2 2 2
left_child=1 -1 -2 -3 -5
right_child=2 3 -4 4 -6
leaf_value=0.046846165383794193 -0.053224392524530907 0.023165703418042728 0.011291853764089851 -0.011100183002025116 -0.036354629776264351
leaf_weight=4.9276679754257264 4.0361489281058294 5.4926294907927504 5.9813800752162933 4.3884899765253049 4.3543639928102493
leaf_count=23 20 27 30 22 20
internal_value=0 0.00788329 -0.0147023 -0.00560386 -0.0236781
internal_weight=0 19.1632 10.0175 14.2355 8.74285
internal_count=142 92 50 69 42
is_linear=0
shrinkage=0.1


Tree=48
num_leaves=5
num_cat=0
split_feature=7 7 0 11
split_gain=0.279001 0.482468 0.72243 0.689577
threshold=30.500000000000004 57.500000000000007 0.25000000000000006 0.55000000000000004
decision_type=2 2 2 2
left_child=-1 -2 3 -3
right_child=1 2 -4 -5
leaf_value=0.019452229922343991 -0.029110768953707823 -0.034904545234349015 0.032057582108741961 0.014716982523253581
leaf_weight=5.9462648630142239 6.0476786643266705 5.8508708924055117 5.9049664139747611 5.3717585504055023
leaf_count=30 27 27 32 26
internal_value=0 -0.00482926 0.00374443 -0.011153
internal_weight=0 23.1753 17.1276 11.2226
internal_count=142 112 85 53
is_linear=0
shrinkage=0.1


Tree=49
num_leaves=5
num_cat=0
split_feature=5 0 0 11
split_gain=0.30866 0.698947 0.628046 0.463108
threshold=193.60504920838693 0.25000000000000006 1.0500000000000003 0.55000000000000004
decision_type=2 2 2 2
left_child=1 3 -2 -1
right_child=2 -3 -4 -5
leaf_value=-0.027128019797336884 0.0072795452068406099 0.030989437738145255 -0.043450528590946731 0.013288967346525148
leaf_weight=6.0243713855743461 5.7928381860256177 7.6437393724918357 4.2168767303228378 5.3550242483615875
leaf_count=28 31 38 19 26
internal_value=0 0.00760173 -0.0140919 -0.00810821
internal_weight=0 19.0231 10.0097 11.3794
internal_count=142 92 50 54
is_linear=0
shrinkage=0.1


Tree=50
num_leaves=6
num_cat=0
split_feature=10 11 10 0 0
split_gain=0.272432 0.552882 1.30527 1.62344 0.375907
threshold=348.50000000000489 2.7499999999999996 382.33333333333491 0.55000000000000016 0.15000000000000005
decision_type=2 2 2 2 2
left_child=-1 2 -2 4 -4
right_child=1 -3 3 -5 -6
leaf_value=0.017598635854378018 -0.048629204166520175 -0.034920671207552066 -0.027807445354967781 0.065079099610969096 0.013655655573970785
leaf_weight=6.8165229186415699 3.7975169792771402 4.8964922279119483 4.5134259909391385 4.7118899673223487 4.2411871701478958
leaf_count=35 18 22 21 23 23
internal_value=0 -0.0052618 0.00315017 0.0177518 -0.00772058
internal_weight=0 22.1605 17.264 13.4665 8.75461
internal_count=142 107 85 67 44
is_linear=0
shrinkage=0.1


Tree=51
num_leaves=6
num_cat=0
split_feature=0 0 11 7 7
split_gain=0.285886 0.648629 0.539559 1.15288 1.07281
threshold=2.6500000000000017 1.0500000000000003 0.55000000000000004 102.50000000000001 96.500000000000014
decision_type=2 2 2 2 2
left_child=1 2 3 -1 -4
right_child=-2 -3 4 -5 -6
leaf_value=0.02129283912643171 0.023938907758601035 -0.035385041950364335 -0.0070511497406303804 -0.050935781210790801 0.057817139550799035
leaf_weight=4.5453659892082303 4.2891593202948561 5.2039748877286902 6.1861898824572545 4.3008348792791367 4.3368931040167809
leaf_count=23 21 23 32 20 23
internal_value=0 -0.00404092 0.00438036 -0.0138232 0.0196831
internal_weight=0 24.5733 19.3693 8.8462 10.5231
internal_count=142 121 98 43 55
is_linear=0
shrinkage=0.1


Tree=52
num_leaves=5
num_cat=0
split_feature=7 5 11 10
split_gain=0.290172 0.919219 0.752658 0.6374
threshold=36.500000000000007 279.75243147657073 0.75000000000000011 399.00000000000369
decision_type=2 2 2 2
left_child=-1 2 3 -2
right_child=1 -3 -4 -5
leaf_value=-0.017319166386969356 0.033753111774306725 0.045970762240148816 -0.034704510260066476 -0.013488466892283566
leaf_weight=7.1656923070549992 5.6813121438026482 4.5253533720970145 5.6165155321359626 5.7431549951434135
leaf_count=36 28 24 26 28
internal_value=0 0.00590787 -0.00473111 0.0100045
internal_weight=0 21.5663 17.041 11.4245
internal_count=142 106 82 56
is_linear=0
shrinkage=0.1


Tree=53
num_leaves=5
num_cat=0
split_feature=11 10 4 7
split_gain=0.279669 1.09255 0.968775 0.640482
threshold=1.5000000000000002 379.83333333333582 1.0000000180025095e-35 105.50000000000001
decision_type=2 2 2 2
left_child=2 -2 3 -1
right_child=1 -3 -4 -5
leaf_value=0.033955918994587997 0.05596680242109401 -0.013545760322228427 -0.040407031480100122 -0.010499927707171411
leaf_weight=5.5909825339913422 3.7654344737529737 5.6594778299331665 5.9323213249444953 7.709590882062912
leaf_count=30 20 28 27 37
internal_value=0 0.0142259 -0.0068014 0.00818738
internal_weight=0 9.42491 19.2329 13.3006
internal_count=142 48 94 67
is_linear=0
shrinkage=0.1


Tree=54
num_leaves=6
num_cat=0
split_feature=7 7 10 3 7
split_gain=0.264244 0.479549 1.21457 2.13076 0.584947
threshold=30.500000000000004 96.500000000000014 357.33333333333218 730.3333333333286 120.50000000000001
decision_type=2 2 2 2 2
left_child=-1 2 -2 -4 -3
right_child=1 4 3 -5 -6
leaf_value=0.019001492707189951 -0.061994728452562368 0.037992562832741474 0.053012537716930902 -0.041806597256194886 -0.012722667096004385
leaf_weight=5.8840835317969349 4.120202541351321 4.6153059713542444 4.4938563331961614 5.0145311877131462 4.4836302995681763
leaf_count=30 22 24 20 24 22
internal_value=0 -0.00477558 -0.0166445 0.00300684 0.0130019
internal_weight=0 22.7275 13.6286 9.50839 9.09894
internal_count=142 112 66 44 46
is_linear=0
shrinkage=0.1


Tree=55
num_leaves=5
num_cat=0
split_feature=10 10 10 5
split_gain=0.291954 0.904855 0.654756 0.845474
threshold=639.66666666666799 466.00000000000006 379.83333333333582 102.95752895752945
decision_type=2 2 2 2
left_child=1 2 3 -1
right_child=-2 -3 -4 -5
leaf_value=-0.010412498989717744 -0.024211479860566546 0.041569840299077544 -0.027191080750218873 0.04720497599685327
leaf_weight=7.1346112713217824 4.2061634361743918 5.144263081252574 8.1378497332334501 3.9605430886149406
leaf_count=36 21 27 38 20
internal_value=0 0.00431703 -0.005647 0.0101547
internal_weight=0 24.3773 19.233 11.0952
internal_count=142 121 94 56
is_linear=0
shrinkage=0.1


Tree=56
num_leaves=6
num_cat=0
split_feature=10 7 11 11 10
split_gain=0.236545 0.843064 1.20461 0.449066 1.32244
threshold=639.66666666666799 72.500000000000014 1.0000000180025095e-35 1.5000000000000002 382.33333333333036
decision_type=2 2 2 2 2
left_child=1 3 -3 -1 -5
right_child=-2 2 -4 4 -6
leaf_value=-0.034301789454682839 -0.021761459571700146 -0.0056335057071643328 0.063292184639145641 0.04391189243775296 -0.034723413512239183
leaf_weight=5.4900544807314935 4.2114446461200705 5.566039636731146 4.6572121009230614 4.04340962320566 4.5399239733815193
leaf_count=25 21 27 27 20 22
internal_value=0 0.0039101 0.0257657 -0.0119663 0.00231986
internal_weight=0 24.2966 10.2233 14.0734 8.58333
internal_count=142 121 54 67 42
is_linear=0
shrinkage=0.1


Tree=57
num_leaves=5
num_cat=0
split_feature=7 11 4 11
split_gain=0.264033 0.393351 1.11086 0.499564
threshold=30.500000000000004 1.5000000000000002 1.0000000180025095e-35 1.0000000180025095e-35
decision_type=2 2 2 2
left_child=-1 2 3 -2
right_child=1 -3 -4 -5
leaf_value=0.019036126948011881 -0.01608704708930354 0.018653479097602028 -0.055872529602325333 0.023513072511281614
leaf_weight=5.8609139174222973 6.7387556880712562 5.4350066632032386 4.3499251753091803 6.0418391525745392
leaf_count=30 33 28 19 32
internal_value=0 -0.00478624 -0.012223 0.00263333
internal_weight=0 22.5655 17.1305 12.7806
internal_count=142 112 84 65
is_linear=0
shrinkage=0.1


Tree=58
num_leaves=6
num_cat=0
split_feature=5 0 5 0 10
split_gain=0.283315 1.7739 1.08272 0.836213 0.380872
threshold=279.75243147657073 0.65000000000000002 150.81410825199643 0.25000000000000006 357.33333333333218
decision_type=2 2 2 2 2
left_child=2 -2 3 4 -1
right_child=1 -3 -4 -5 -6
leaf_value=0.0082459946747373575 -0.030677785205533416 0.064691267577300246 -0.05310004678645891 0.036661009042541465 -0.028946142867659608
leaf_weight=5.3694140911102384 3.9558632895350447 3.8470632135868073 3.949504703283309 5.5885656848549834 5.6515972763299942
leaf_count=26 22 19 18 29 28
internal_value=0 0.0163419 -0.0060388 0.00515165 -0.0108262
internal_weight=0 7.80293 20.5591 16.6096 11.021
internal_count=142 41 101 83 54
is_linear=0
shrinkage=0.1


Tree=59
num_leaves=5
num_cat=0
split_feature=3 11 10 7
split_gain=0.258483 0.51504 1.04942 1.40887
threshold=771.16666666667118 2.2500000000000013 466.00000000000006 72.500000000000014
decision_type=2 2 2 2
left_child=1 2 3 -1
right_child=-2 -3 -4 -5
leaf_value=-0.076369328102313214 0.017092751994986204 0.023915059624309482 0.022449857003655996 -0.0034352556207580681
leaf_weight=4.2501675635576337 6.8125961236655703 4.7195722982287398 5.4720025956630698 7.0284974202513695
leaf_count=19 37 22 28 36
internal_value=0 -0.00526369 -0.0134849 -0.0309192
internal_weight=0 21.4702 16.7507 11.2787
internal_count=142 105 83 55
is_linear=0
shrinkage=0.1


Tree=60
num_leaves=6
num_cat=0
split_feature=5 5 11 10 7
split_gain=0.284304 0.843517 0.693497 0.499773 1.94886
threshold=279.75243147657073 150.81410825199643 1.0500000000000003 350.33333333333036 105.50000000000001
decision_type=2 2 2 2 2
left_child=1 3 -2 -1 -5
right_child=2 -3 -4 4 -6
leaf_value=-0.01609708455223529 -0.013981640412268688 -0.047392976981910112 0.045789001595717124 0.060251106882216993 -0.031184142582426702
leaf_weight=7.1197224706411459 3.817389875650405 3.9782513976097098 3.9496291130781174 5.1686919480562192 4.2459806948900223
leaf_count=36 17 18 24 25 22
internal_value=0 -0.00605167 0.0164125 0.00389524 0.0190142
internal_weight=0 20.5126 7.76702 16.5344 9.41467
internal_count=142 101 41 83 47
is_linear=0
shrinkage=0.1


Tree=61
num_leaves=6
num_cat=0
split_feature=5 0 5 0 10
split_gain=0.232145 1.34534 0.680701 0.557989 0.37363
threshold=279.75243147657073 0.65000000000000002 150.81410825199643 0.25000000000000006 348.50000000000489
decision_type=2 2 2 2 2
left_child=2 -2 3 4 -1
right_child=1 -3 -4 -5 -6
leaf_value=0.011150097248028921 -0.025667984290533574 0.057981446727021393 -0.042489049699345596 0.029618392650803033 -0.025912951424424908
leaf_weight=4.8958929777145475 3.9617642909288397 3.7355986014008522 3.992823213338851 5.4755273312330237 6.1198665052652359
leaf_count=24 22 19 18 29 30
internal_value=0 0.0149278 -0.00544173 0.00352806 -0.00944049
internal_weight=0 7.69736 20.4841 16.4913 11.0158
internal_count=142 41 101 83 54
is_linear=0
shrinkage=0.1


Tree=62
num_leaves=6
num_cat=0
split_feature=7 7 11 0 7
split_gain=0.229791 0.426721 1.07742 0.682787 0.556297
threshold=30.500000000000004 96.500000000000014 0.55000000000000004 1.2500000000000002 72.500000000000014
decision_type=2 2 2 2 2
left_child=-1 3 -3 4 -2
right_child=1 2 -4 -5 -6
leaf_value=0.017949828790658536 -0.058248223718752268 -0.019817964850396802 0.050213993347864673 0.013983509337528245 -0.0072953753724374895
leaf_weight=5.7495043054223087 4.2745320945978182 4.742744252085684 4.0923777520656586 4.9357946366071692 4.2964857518672943
leaf_count=30 19 23 23 23 24
internal_value=0 -0.00446719 0.0126204 -0.0156446 -0.0327065
internal_weight=0 22.3419 8.83512 13.5068 8.57102
internal_count=142 112 46 66 43
is_linear=0
shrinkage=0.1


Tree=63
num_leaves=6
num_cat=0
split_feature=10 11 10 7 10
split_gain=0.21619 0.589022 1.0269 1.69644 0.320791
threshold=348.50000000000489 2.7499999999999996 382.33333333333491 51.500000000000007 510.50000000000006
decision_type=2 2 2 2 2
left_child=-1 2 -2 -4 -5
right_child=1 -3 3 4 -6
leaf_value=0.015956212002132524 -0.042539806980022736 -0.03573989408846389 0.070992282891008618 0.014920513752371373 -0.023392326631454116
leaf_weight=6.5911485850811031 3.6762320064008298 4.7692478895187369 4.0522611290216437 3.8160602748393995 5.1143269240856171
leaf_count=35 18 22 21 20 26
internal_value=0 -0.00475346 0.0041176 0.0173293 -0.0070208
internal_weight=0 21.4281 16.6589 12.9826 8.93039
internal_count=142 107 85 67 46
is_linear=0
shrinkage=0.1


Tree=64
num_leaves=6
num_cat=0
split_feature=0 0 3 0 11
split_gain=0.22188 0.710581 0.563992 0.141683 0.185354
threshold=2.6500000000000017 1.0500000000000003 771.16666666667118 0.15000000000000005 0.55000000000000004
decision_type=2 2 2 2 2
left_child=1 2 3 4 -1
right_child=-2 -3 -4 -5 -6
leaf_value=-0.023194215689448263 0.021572113846910674 -0.0368685629936093 0.038602949719490666 0.010110039995563166 0.0044373029380867469
leaf_weight=5.3431664705276578 4.1116931065917006 5.0529863834381095 4.0161031372845164 4.956290401518344 4.4491890072822571
leaf_count=26 21 23 23 27 22
internal_value=0 -0.00358316 0.00537996 -0.00366677 -0.0106397
internal_weight=0 23.8177 18.7647 14.7486 9.79236
internal_count=142 121 98 75 48
is_linear=0
shrinkage=0.1


Tree=65
num_leaves=6
num_cat=0
split_feature=10 13 10 5 0
split_gain=0.203723 0.597357 0.82059 1.25111 0.0515723
threshold=600.83333333333951 1.0000000180025095e-35 268.83333333332854 228.64923747276717 0.15000000000000005
decision_type=2 2 2 2 2
left_child=1 -1 -3 4 -4
right_child=-2 2 3 -5 -6
leaf_value=0.034859230360932129 -0.016146339776365769 -0.043421260667571696 0.022491664118778412 -0.035937448700861067 0.038144663916400451
leaf_weight=5.0252324752509656 6.0355204045772544 4.0861305668950108 4.130604073405264 4.2783916220068923 4.2918938174843788
leaf_count=25 33 22 19 22 21
internal_value=0 0.0046127 -0.00444167 0.00809884 0.030468
internal_weight=0 21.8123 16.787 12.7009 8.4225
internal_count=142 109 84 62 40
is_linear=0
shrinkage=0.1


Tree=66
num_leaves=5
num_cat=0
split_feature=7 5 11 7
split_gain=0.23129 0.826355 0.660602 0.32624
threshold=36.500000000000007 279.75243147657073 0.75000000000000011 120.50000000000001
decision_type=2 2 2 2
left_child=-1 2 3 -2
right_child=1 -3 -4 -5
leaf_value=-0.015720405439232053 0.022907340147696201 0.04401765150335904 -0.033100866786918294 -0.012359216526435093
leaf_weight=6.9318367615342167 6.7767888233065658 4.3735480159521094 5.5202655792236319 4.2795578092336655
leaf_count=36 34 24 26 22
internal_value=0 0.00535242 -0.00484896 0.00925679
internal_weight=0 20.9502 16.5766 11.0563
internal_count=142 106 82 56
is_linear=0
shrinkage=0.1


Tree=67
num_leaves=5
num_cat=0
split_feature=10 11 0 5
split_gain=0.250307 0.433832 0.71884 1.09963
threshold=348.50000000000489 2.7499999999999996 0.15000000000000005 346.36363636363666
decision_type=2 2 2 2
left_child=-1 2 -2 -4
right_child=1 -3 3 -5
leaf_value=0.017109949483062936 -0.029480712913220256 -0.031851491340265124 0.051786471945078773 -0.010588044698319771
leaf_weight=6.6045909374952343 4.9291186556220117 4.7376010119915 4.9455514028668386 6.5961005985736847
leaf_count=35 24 22 25 36
internal_value=0 -0.00518384 0.00248676 0.0161392
internal_weight=0 21.2084 16.4708 11.5417
internal_count=142 107 85 61
is_linear=0
shrinkage=0.1


Tree=68
num_leaves=6
num_cat=0
split_feature=7 10 13 7 10
split_gain=0.238949 0.392855 1.43396 1.96101 1.07182
threshold=30.500000000000004 600.83333333333951 1.0000000180025095e-35 66.500000000000014 268.83333333332854
decision_type=2 2 2 2 2
left_child=-1 2 -2 -4 -5
right_child=1 -3 3 4 -6
leaf_value=0.018324208370744433 0.053000595595516342 -0.029545303273048121 -0.073994893262749814 -0.034498765311064265 0.037253319299763568
leaf_weight=5.7154937684536007 4.2359546571970066 4.9135205671191207 3.8344262391328785 3.2569231390953046 5.7703898437321186
leaf_count=30 21 26 18 17 30
internal_value=0 -0.00462423 0.00253756 -0.0140822 0.0113662
internal_weight=0 22.0112 17.0977 12.8617 9.02731
internal_count=142 112 86 65 47
is_linear=0
shrinkage=0.1


Tree=69
num_leaves=5
num_cat=0
split_feature=10 10 10 3
split_gain=0.234918 0.46076 0.676153 0.584853
threshold=348.50000000000489 466.00000000000006 639.66666666666799 699.33333333333223
decision_type=2 2 2 2
left_child=-1 3 -3 -2
right_child=1 2 -4 -5
leaf_value=0.016597768453683239 -0.038499190960888968 0.037325252151663102 -0.017883621483930922 0.0054744963399648112
leaf_weight=6.5815520398318794 6.4057345092296618 4.8700163215398771 4.0741426050662994 5.7300811000168324
leaf_count=35 29 27 21 30
internal_value=0 -0.00504422 0.0121771 -0.0177365
internal_weight=0 21.08 8.94416 12.1358
internal_count=142 107 48 59
is_linear=0
shrinkage=0.1


Tree=70
num_leaves=6
num_cat=0
split_feature=0 0 3 10 7
split_gain=0.202062 0.52653 0.504294 0.391771 0.985474
threshold=2.6500000000000017 1.0500000000000003 771.16666666667118 256.16666666667157 111.50000000000001
decision_type=2 2 2 2 2
left_child=1 2 3 -1 -5
right_child=-2 -3 -4 4 -6
leaf_value=0.022853009135041225 0.020675127534590304 -0.032258790254931911 0.036014876567295788 0.010787356271549678 -0.05124531493112431
leaf_weight=3.8945277035236456 4.0684004575014105 4.9987127333879462 3.9483376070857039 6.3540221191942674 4.2900659218430519
leaf_count=20 21 23 23 33 22
internal_value=0 -0.00346401 0.00432185 -0.00428521 -0.0142147
internal_weight=0 23.4857 18.487 14.5386 10.6441
internal_count=142 121 98 75 55
is_linear=0
shrinkage=0.1


Tree=71
num_leaves=5
num_cat=0
split_feature=7 5 7 7
split_gain=0.223432 0.690528 0.416278 0.0156047
threshold=36.500000000000007 135.79242636746184 96.500000000000014 123.50000000000001
decision_type=2 2 2 2
left_child=-1 2 -2 -4
right_child=1 -3 3 -5
leaf_value=-0.015508130067338609 -0.029551746052526286 0.030676546212981232 0.010232681579696321 0.0014161691466783215
leaf_weight=6.8763899654150036 5.3660505414009121 7.0525281354784957 4.5332943275570852 3.6031544432044029
leaf_count=36 27 37 23 19
internal_value=0 0.00531556 -0.00793081 0.00632837
internal_weight=0 20.555 13.5025 8.13645
internal_count=142 106 69 42
is_linear=0
shrinkage=0.1


Tree=72
num_leaves=5
num_cat=0
split_feature=7 11 4 11
split_gain=0.211179 0.371627 1.04069 0.371962
threshold=30.500000000000004 1.5000000000000002 1.0000000180025095e-35 1.0000000180025095e-35
decision_type=2 2 2 2
left_child=-1 2 3 -2
right_child=1 -3 -4 -5
leaf_value=0.017288546007768742 -0.013354973317343838 0.019036956039681946 -0.054267742033845857 0.021436242286242756
leaf_weight=5.6653248295187977 6.5184457078576141 5.1655979454517356 4.2633088231086722 5.8137377575039864
leaf_count=30 33 28 19 32
internal_value=0 -0.00438635 -0.0116772 0.00304658
internal_weight=0 21.7611 16.5955 12.3322
internal_count=142 112 84 65
is_linear=0
shrinkage=0.1


Tree=73
num_leaves=5
num_cat=0
split_feature=7 0 0 10
split_gain=0.197047 0.543229 1.3953 0.202969
threshold=36.500000000000007 0.25000000000000006 0.84999999999999998 357.33333333333218
decision_type=2 2 2 2
left_child=-1 3 -3 -2
right_child=1 2 -4 -5
leaf_value=-0.014580889898061895 0.0033801752234657589 0.067778203358572917 -0.0086852331178968109 -0.024373863477816643
leaf_weight=6.8626843690872219 5.1489016264677065 3.9637947641313058 5.9973000735044479 5.3968659564852715
leaf_count=36 25 25 28 28
internal_value=0 0.00499504 0.0217417 -0.0108231
internal_weight=0 20.5069 9.96109 10.5458
internal_count=142 106 53 53
is_linear=0
shrinkage=0.1


Tree=74
num_leaves=6
num_cat=0
split_feature=7 7 0 11 7
split_gain=0.204962 0.325075 0.786145 0.770716 0.553192
threshold=30.500000000000004 96.500000000000014 1.2500000000000002 0.55000000000000004 72.500000000000014
decision_type=2 2 2 2 2
left_child=-1 2 4 -3 -2
right_child=1 3 -4 -5 -6
leaf_value=0.017032292143552685 -0.058417309525411 -0.01669275564790974 0.018187251565930911 0.043968292365694127 -0.0070325301769903828
leaf_weight=5.6605363711714771 4.1745786070823687 4.592781186103819 4.7813332080841056 3.8503854684531689 4.2059814855456352
leaf_count=30 19 23 23 23 24
internal_value=0 -0.00434428 -0.0141687 0.0109708 -0.0326286
internal_weight=0 21.6051 13.1619 8.44317 8.38056
internal_count=142 112 66 46 43
is_linear=0
shrinkage=0.1


Tree=75
num_leaves=6
num_cat=0
split_feature=10 7 5 7 10
split_gain=0.178095 1.31822 0.708023 0.502303 0.389591
threshold=219.33333333333943 111.50000000000001 193.60504920838693 36.500000000000007 382.33333333333491
decision_type=2 2 2 2 2
left_child=-1 2 4 -4 -2
right_child=1 -3 3 -5 -6
leaf_value=0.020593387472275446 0.0059329743689863291 -0.050822214528887459 -0.038409754165292638 0.0086129865069947045 0.046484077424275044
leaf_weight=3.6662710607051876 4.3916520029306465 4.6459806188940993 3.8844624906778318 5.4715423434972763 5.1446488127112389
leaf_count=20 22 24 20 30 26
internal_value=0 -0.00310108 0.00863446 -0.0109101 0.0278095
internal_weight=0 23.5383 18.8923 9.356 9.5363
internal_count=142 122 98 50 48
is_linear=0
shrinkage=0.1


Tree=76
num_leaves=6
num_cat=0
split_feature=7 10 13 10 7
split_gain=0.185389 0.35715 1.10629 0.996581 1.48916
threshold=30.500000000000004 600.83333333333951 1.0000000180025095e-35 268.83333333332854 72.500000000000014
decision_type=2 2 2 2 2
left_child=-1 2 -2 -4 -5
right_child=1 -3 3 4 -6
leaf_value=0.016243951916266409 0.047739251235871888 -0.028215260645269365 -0.055513183576744451 -0.039911089041787612 0.042521497739767052
leaf_weight=5.6305138543248203 4.1202647760510525 4.7892338037490836 3.706741310656068 3.91716820001602 4.9746042117476463
leaf_count=30 21 26 19 19 27
internal_value=0 -0.00413869 0.00275825 -0.0119525 0.00620677
internal_weight=0 21.508 16.7188 12.5985 8.89177
internal_count=142 112 86 65 46
is_linear=0
shrinkage=0.1


Tree=77
num_leaves=5
num_cat=0
split_feature=10 11 3 10
split_gain=0.22138 0.429181 0.729443 1.07549
threshold=348.50000000000489 2.7499999999999996 771.16666666667118 466.00000000000006
decision_type=2 2 2 2
left_child=-1 2 3 -2
right_child=1 -3 -4 -5
leaf_value=0.016242112757291979 -0.038859136465350934 -0.03169856305123106 0.036131943164389328 0.023019027435109224
leaf_weight=6.4659339822828796 6.210580490529539 4.6512278318405142 4.6574632972478858 5.1282434016466141
leaf_count=35 29 22 28 28
internal_value=0 -0.0049616 0.00281269 -0.0108733
internal_weight=0 20.6475 15.9963 11.3388
internal_count=142 107 85 57
is_linear=0
shrinkage=0.1


Tree=78
num_leaves=5
num_cat=0
split_feature=0 5 7 11
split_gain=0.205583 1.05086 0.475033 0.522566
threshold=0.55000000000000016 279.75243147657073 96.500000000000014 0.55000000000000004
decision_type=2 2 2 2
left_child=2 -2 -1 -4
right_child=1 -3 3 -5
leaf_value=-0.027714408331065921 -0.013161709566289932 0.04733284169630822 -0.014213617631402956 0.036689364796501617
leaf_weight=6.6326266005635288 7.5997469425201398 4.6154659017920494 4.5593306347727758 3.6164591200649738
leaf_count=35 37 25 23 22
internal_value=0 0.0096959 -0.00782922 0.00830268
internal_weight=0 12.2152 14.8084 8.17579
internal_count=142 62 80 45
is_linear=0
shrinkage=0.1


Tree=79
num_leaves=6
num_cat=0
split_feature=10 0 10 11 10
split_gain=0.202666 0.326842 0.799736 0.496918 0.289321
threshold=348.50000000000489 0.15000000000000005 616.50000000000011 2.7499999999999996 386.33333333333377
decision_type=2 2 2 2 2
left_child=-1 -2 3 4 -3
right_child=1 2 -4 -5 -6
leaf_value=0.015578970649025112 -0.027781734875543886 -0.01565120394041259 0.040627369484873513 -0.040232974504637919 0.022666688000544284
leaf_weight=6.4360148236155537 4.742046736180785 3.9560059048235399 4.0260551720857611 3.8929188102483749 3.9261229746043682
leaf_count=35 24 21 23 18 21
internal_value=0 -0.00475691 0.00215303 -0.0110019 0.00343511
internal_weight=0 20.5431 15.8011 11.775 7.88213
internal_count=142 107 83 60 42
is_linear=0
shrinkage=0.1


Tree=80
num_leaves=5
num_cat=0
split_feature=7 10 7 10
split_gain=0.207964 0.417252 0.617524 0.773876
threshold=30.500000000000004 600.83333333333951 57.500000000000007 350.33333333333036
decision_type=2 2 2 2
left_child=-1 2 -2 -4
right_child=1 -3 3 -5
leaf_value=0.017263290297309369 -0.029213908811252038 -0.030630613670294068 -0.011215418770338444 0.039185373790195759
leaf_weight=5.5858721584081676 4.3651076257228913 4.7241955474019042 5.9439441934227926 6.249586746096611
leaf_count=30 21 26 31 34
internal_value=0 -0.00441662 0.00306225 0.0146166
internal_weight=0 21.2828 16.5586 12.1935
internal_count=142 112 86 65
is_linear=0
shrinkage=0.1


Tree=81
num_leaves=5
num_cat=0
split_feature=10 5 10 11
split_gain=0.199202 0.823016 0.478281 0.591916
threshold=379.83333333333582 102.95752895752945 466.00000000000006 0.75000000000000011
decision_type=2 2 2 2
left_child=1 -1 -2 -4
right_child=2 -3 3 -5
leaf_value=-0.0099028190461804312 -0.025060093133631913 0.04836706849461072 0.034781446073915624 -0.017780398726734942
leaf_weight=6.8376637473702448 7.6475527361035374 3.7550969384610653 4.4252720251679403 4.153309740126133
leaf_count=36 38 20 25 23
internal_value=0 0.0107537 -0.00687647 0.00933369
internal_weight=0 10.5928 16.2261 8.57858
internal_count=142 56 86 48
is_linear=0
shrinkage=0.1


Tree=82
num_leaves=5
num_cat=0
split_feature=0 5 10 7
split_gain=0.199362 0.816158 0.526564 0.901542
threshold=0.55000000000000016 279.75243147657073 219.33333333333943 111.50000000000001
decision_type=2 2 2 2
left_child=2 -2 -1 -4
right_child=1 -3 3 -5
leaf_value=0.028058696528960914 -0.010550384451138645 0.043127400920850323 0.0049157931554000547 -0.052324077130446491
leaf_weight=3.2142705172300365 7.5430582463741285 4.5359581112861633 6.9580616354942304 4.5515846312046051
leaf_count=17 37 25 39 24
internal_value=0 0.0096069 -0.00772653 -0.0177202
internal_weight=0 12.079 14.7239 11.5096
internal_count=142 62 80 63
is_linear=0
shrinkage=0.1


Tree=83
num_leaves=5
num_cat=0
split_feature=5 7 0 7
split_gain=0.225753 0.709882 0.47914 0.285657
threshold=193.60504920838693 51.500000000000007 1.0500000000000003 108.50000000000001
decision_type=2 2 2 2
left_child=1 -1 -2 -3
right_child=2 3 -4 -5
leaf_value=0.04052703616070566 0.0069771340488010815 -0.019676560214727412 -0.039357870923726196 0.0099982560841751812
leaf_weight=4.5876769647002282 5.2645971551537496 6.6651665791869146 3.8739761039614677 6.3196704611182213
leaf_count=23 31 35 19 34
internal_value=0 0.00671293 -0.012665 -0.00523394
internal_weight=0 17.5725 9.13857 12.9848
internal_count=142 92 50 69
is_linear=0
shrinkage=0.1


Tree=84
num_leaves=6
num_cat=0
split_feature=7 10 13 10 10
split_gain=0.188046 0.532853 0.607986 0.811248 0.355016
threshold=36.500000000000007 631.49999999999693 1.0000000180025095e-35 268.83333333332854 399.00000000000369
decision_type=2 2 2 2 2
left_child=-1 2 -2 -4 -5
right_child=1 -3 3 4 -6
leaf_value=-0.014401684690246533 0.04639217743770311 -0.026960745884219192 -0.038568211028393432 0.039502674666556881 -0.0020885119693199463
leaf_weight=6.7112381085753468 4.1114053614437625 4.1473428085446349 3.5063456892967197 4.1416638530790788 4.0682780146598816
leaf_count=36 22 22 18 24 20
internal_value=0 0.00494609 0.0133067 0.0016965 0.018893
internal_weight=0 19.975 15.8277 11.7163 8.20994
internal_count=142 106 84 62 44
is_linear=0
shrinkage=0.1


Tree=85
num_leaves=5
num_cat=0
split_feature=10 10 10 7
split_gain=0.199767 0.364842 0.518331 0.440873
threshold=348.50000000000489 466.00000000000006 639.66666666666799 51.500000000000007
decision_type=2 2 2 2
left_child=-1 3 -3 -2
right_child=1 2 -4 -5
leaf_value=0.015467957086794788 0.0028045604255328722 0.033435421459838154 -0.016023830172762068 -0.035955573741282831
leaf_weight=6.4111723303794887 5.9781389608979243 4.6582759544253332 3.8869725465774536 5.7640009634196758
leaf_count=35 28 27 21 31
internal_value=0 -0.00478202 0.0109379 -0.0162221
internal_weight=0 20.2874 8.54525 11.7421
internal_count=142 107 48 59
is_linear=0
shrinkage=0.1


Tree=86
num_leaves=6
num_cat=0
split_feature=5 7 10 7 7
split_gain=0.174101 0.578198 0.675225 0.597272 0.422334
threshold=193.60504920838693 51.500000000000007 256.16666666667157 111.50000000000001 36.500000000000007
decision_type=2 2 2 2 2
left_child=1 -1 -3 -4 -2
right_child=4 2 3 -5 -6
leaf_value=0.036635478901986956 -0.036478858062479184 0.033320040068208677 0.0031495776982073871 -0.047487566829028265 0.0070868615133756196
leaf_weight=4.539208345115191 3.8191724866628629 3.4110494852066031 5.438515253365038 4.0744596347212791 5.3315241411328316
leaf_count=23 20 18 29 22 30
internal_value=0 0.00593219 -0.0048515 -0.0185386 -0.0110959
internal_weight=0 17.4632 12.924 9.51297 9.1507
internal_count=142 92 69 51 50
is_linear=0
shrinkage=0.1


Tree=87
num_leaves=5
num_cat=0
split_feature=7 0 0 7
split_gain=0.160831 0.402405 1.18504 0.368892
threshold=36.500000000000007 0.25000000000000006 0.84999999999999998 108.50000000000001
decision_type=2 2 2 2
left_child=-1 3 -3 -2
right_child=1 2 -4 -5
leaf_value=-0.013325713056157144 -0.032108796498000435 0.062672659909677852 -0.0090835747338978163 0.0065647778419216972
leaf_weight=6.6947452127933529 4.1700790077447909 3.8043287582695466 5.8262488394975662 6.0372136458754539
leaf_count=36 20 25 28 33
internal_value=0 0.00459933 0.019262 -0.00923489
internal_weight=0 19.8379 9.63058 10.2073
internal_count=142 106 53 53
is_linear=0
shrinkage=0.1


Tree=88
num_leaves=6
num_cat=0
split_feature=7 10 13 7 10
split_gain=0.189311 0.295032 0.739995 0.928271 1.22251
threshold=30.500000000000004 600.83333333333951 1.0000000180025095e-35 72.500000000000014 268.83333333332854
decision_type=2 2 2 2 2
left_child=-1 2 -2 -4 -5
right_child=1 -3 3 4 -6
leaf_value=0.016555051667818826 0.039777785894123313 -0.026536205878587002 -0.046444647916895267 -0.038621794337573935 0.042005824759610955
leaf_weight=5.5222121030092266 3.9447820391506037 4.6304128766059867 4.4598545581102336 3.0798803716897964 4.829200055450201
leaf_count=30 21 26 22 16 27
internal_value=0 -0.00425853 0.00206466 -0.00996305 0.0106086
internal_weight=0 20.9441 16.3137 12.3689 7.90908
internal_count=142 112 86 65 43
is_linear=0
shrinkage=0.1


Tree=89
num_leaves=5
num_cat=0
split_feature=10 13 10 7
split_gain=0.169275 0.370155 0.628546 0.913708
threshold=348.50000000000489 1.0000000180025095e-35 466.00000000000006 51.500000000000007
decision_type=2 2 2 2
left_child=-1 -2 3 -3
right_child=1 2 -4 -5
leaf_value=0.014304534408590792 -0.029336858811715945 0.014908686519334857 0.025412999454968395 -0.050679508267899354
leaf_weight=6.3577938638627556 4.5963287949562117 4.6371307745575852 6.9114960134029397 3.9191441088914871
leaf_count=35 25 22 38 22
internal_value=0 -0.00442017 0.00298395 -0.0151335
internal_weight=0 20.0641 15.4678 8.55627
internal_count=142 107 82 44
is_linear=0
shrinkage=0.1


Tree=90
num_leaves=5
num_cat=0
split_feature=7 10 10 10
split_gain=0.174407 0.416188 0.533098 0.484426
threshold=36.500000000000007 631.49999999999693 350.33333333333036 399.00000000000369
decision_type=2 2 2 2
left_child=-1 2 -2 -4
right_child=1 -3 3 -5
leaf_value=-0.013910821100536883 -0.0086780962003458507 -0.023666389516015598 0.054967235774120653 0.0076563331345820482
leaf_weight=6.6583599373698261 6.8495927602052715 4.0714780166745177 3.8754656389355642 4.9014163594692945
leaf_count=36 36 22 22 26
internal_value=0 0.00481024 0.0122298 0.0285466
internal_weight=0 19.698 15.6265 8.77688
internal_count=142 106 84 48
is_linear=0
shrinkage=0.1


Tree=91
num_leaves=5
num_cat=0
split_feature=5 7 0 7
split_gain=0.160012 0.477539 0.426911 0.175438
threshold=193.60504920838693 51.500000000000007 1.0500000000000003 108.50000000000001
decision_type=2 2 2 2
left_child=1 -1 -2 -3
right_child=2 3 -4 -5
leaf_value=0.033775182413327248 0.008001511680686019 -0.015466582068892835 -0.035771253474160526 0.0079999603524763523
leaf_weight=4.4928446337580743 5.2308554425835592 6.5975717231631261 3.8813018351793289 6.160784125328064
leaf_count=23 31 35 19 34
internal_value=0 0.0057382 -0.0106434 -0.004135
internal_weight=0 17.2512 9.11216 12.7584
internal_count=142 92 50 69
is_linear=0
shrinkage=0.1


Tree=92
num_leaves=5
num_cat=0
split_feature=0 5 11 11
split_gain=0.154912 0.896638 0.33671 0.00574746
threshold=0.55000000000000016 279.75243147657073 0.75000000000000011 1.0000000180025095e-35
decision_type=2 2 2 2
left_child=2 -2 3 -1
right_child=1 -3 -4 -5
leaf_value=0.00037858946082367217 -0.012935029095635542 0.043737624912078873 -0.032735463052037915 0.0051904964830963183
leaf_weight=6.8410140201449412 7.3658269941806775 4.4955656081438065 3.7345106396824113 3.8957996293902397
leaf_count=36 37 25 22 22
internal_value=0 0.00854437 -0.00687151 0.00212457
internal_weight=0 11.8614 14.4713 10.7368
internal_count=142 62 80 58
is_linear=0
shrinkage=0.1


Tree=93
num_leaves=5
num_cat=0
split_feature=5 0 0 10
split_gain=0.164566 0.396864 0.367884 0.2604
threshold=193.60504920838693 0.25000000000000006 1.0500000000000003 357.33333333333218
decision_type=2 2 2 2
left_child=1 3 -2 -1
right_child=2 -3 -4 -5
leaf_value=0.0089785085259847415 0.0065007633613546421 0.024367408291135692 -0.034243081502430613 -0.022772634111603431
leaf_weight=5.2663962990045601 5.2083295378833991 6.9061026871204367 3.8573422506451607 5.0693124011158943
leaf_count=26 31 38 19 28
internal_value=0 0.0058072 -0.0108353 -0.00659434
internal_weight=0 17.2418 9.06567 10.3357
internal_count=142 92 50 54
is_linear=0
shrinkage=0.1


Tree=94
num_leaves=5
num_cat=0
split_feature=7 5 10 7
split_gain=0.20142 0.373004 0.306345 0.281907
threshold=36.500000000000007 135.79242636746184 466.00000000000006 99.500000000000014
decision_type=2 2 2 2
left_child=-1 2 3 -2
right_child=1 -3 -4 -5
leaf_value=-0.01502622223960225 -0.03452942570183664 0.02438677592397093 0.016105223336119873 0.0021132393164820834
leaf_weight=6.6132937781512764 4.1664608940482157 6.6611238755285731 4.5713987573981276 4.2323573306202888
leaf_count=36 21 37 26 22
internal_value=0 0.00515223 -0.00472607 -0.0160643
internal_weight=0 19.6313 12.9702 8.39882
internal_count=142 106 69 43
is_linear=0
shrinkage=0.1


Tree=95
num_leaves=5
num_cat=0
split_feature=7 11 7 7
split_gain=0.171048 0.649287 0.603236 0.505827
threshold=105.50000000000001 0.40000000000000013 60.500000000000007 36.500000000000007
decision_type=2 2 2 2
left_child=1 -1 3 -3
right_child=-2 2 -4 -5
leaf_value=0.036889286901541786 -0.013554248252180668 -0.010716352843970697 -0.03409630715203528 0.035442611302915226
leaf_weight=4.7711776681244435 6.8239687532186499 5.5975224822759611 4.9255690686404696 4.122511975467205
leaf_count=25 37 31 28 21
internal_value=0 0.00485092 -0.0055864 0.00886083
internal_weight=0 19.4168 14.6456 9.72003
internal_count=142 105 80 52
is_linear=0
shrinkage=0.1


Tree=96
num_leaves=5
num_cat=0
split_feature=10 11 10 11
split_gain=0.155412 0.446937 0.390639 0.652668
threshold=466.00000000000006 0.75000000000000011 382.33333333333036 1.5000000000000002
decision_type=2 2 2 2
left_child=2 -2 3 -1
right_child=1 -3 -4 -5
leaf_value=-0.011024797012061193 0.03405346976449547 -0.012249935301565276 -0.023840395503763531 0.040373401263675293
leaf_weight=7.2382167503237778 4.24921692535281 4.0921029597520828 6.8995057940483084 3.7507947459816933
leaf_count=37 25 23 35 22
internal_value=0 0.0113378 -0.00519073 0.00651855
internal_weight=0 8.34132 17.8885 10.989
internal_count=142 48 94 59
is_linear=0
shrinkage=0.1


Tree=97
num_leaves=5
num_cat=0
split_feature=7 7 0 7
split_gain=0.164417 0.286795 0.996933 0.559586
threshold=30.500000000000004 72.500000000000014 1.2500000000000002 105.50000000000001
decision_type=2 2 2 2
left_child=-1 2 -2 -3
right_child=1 3 -4 -5
leaf_value=0.015522144164048873 -0.053617776576923251 0.030230532046825322 0.014469166520625677 -0.013032399992258385
leaf_weight=5.4503787979483631 4.1040583550930041 5.31782044097781 4.5177724584937096 6.8292360007762909
leaf_count=30 19 33 23 37
internal_value=0 -0.00399265 -0.0179407 0.00590754
internal_weight=0 20.7689 8.62183 12.1471
internal_count=142 112 42 70
is_linear=0
shrinkage=0.1


Tree=98
num_leaves=5
num_cat=0
split_feature=0 7 10 5
split_gain=0.178675 0.3456 0.689542 0.312389
threshold=1.0500000000000003 105.50000000000001 399.33333333333036 193.60504920838693
decision_type=2 2 2 2
left_child=1 2 -1 -2
right_child=3 -3 -4 -5
leaf_value=-0.0049625469343534748 0.005419080720866643 -0.01171600853535306 0.046286524552981302 -0.032900609404345478
leaf_weight=6.1092154737561994 4.7504975199699384 6.8364956602454177 4.6037702225148678 3.8528213128447533
leaf_count=35 25 37 26 19
internal_value=0 0.00585082 0.0170611 -0.0117416
internal_weight=0 17.5495 10.713 8.60332
internal_count=142 98 61 44
is_linear=0
shrinkage=0.1


Tree=99
num_leaves=5
num_cat=0
split_feature=7 5 0 7
split_gain=0.151955 0.337764 0.363604 0.533624
threshold=36.500000000000007 279.75243147657073 0.84999999999999998 105.50000000000001
decision_type=2 2 2 2
left_child=-1 2 3 -2
right_child=1 -3 -4 -5
leaf_value=-0.013071719478202883 0.033715906846237931 0.030465536287916983 -0.027451476757911944 -0.010534154193473621
leaf_weight=6.5857502706348923 4.52901439368725 3.985335160046815 4.1634938120841971 6.8427975997328758
leaf_count=36 25 24 20 37
internal_value=0 0.00449463 -0.00216779 0.00708917
internal_weight=0 19.5206 15.5353 11.3718
internal_count=142 106 82 62
is_linear=0
shrinkage=0.1


end of trees

feature_importances:
taskNum=119
s_view_position=108
response_time=70
scroll_time=65
s_scroll_speed=40
scroll_length=20
event_scroll=8
s_choice_left=6

parameters:
[boosting: gbdt]
[objective: binary]
[metric: binary_error]
[tree_learner: serial]
[device_type: cpu]
[data_sample_strategy: bagging]
[data: ]
[valid: ]
[num_iterations: 100]
[learning_rate: 0.1]
[num_leaves: 31]
[num_threads: 0]
[seed: 0]
[deterministic: 0]
[force_col_wise: 0]
[force_row_wise: 0]
[histogram_pool_size: -1]
[max_depth: -1]
[min_data_in_leaf: 20]
[min_sum_hessian_in_leaf: 0.001]
[bagging_fraction: 1]
[pos_bagging_fraction: 1]
[neg_bagging_fraction: 1]
[bagging_freq: 0]
[bagging_seed: 3]
[feature_fraction: 0.8]
[feature_fraction_bynode: 1]
[feature_fraction_seed: 2]
[extra_trees: 0]
[extra_seed: 6]
[early_stopping_round: 0]
[first_metric_only: 0]
[max_delta_step: 0]
[lambda_l1: 0]
[lambda_l2: 0]
[linear_lambda: 0]
[min_gain_to_split: 0]
[drop_rate: 0.1]
[max_drop: 50]
[skip_drop: 0.5]
[xgboost_dart_mode: 0]
[uniform_drop: 0]
[drop_seed: 4]
[top_rate: 0.2]
[other_rate: 0.1]
[min_data_per_group: 100]
[max_cat_threshold: 32]
[cat_l2: 10]
[cat_smooth: 10]
[max_cat_to_onehot: 4]
[top_k: 20]
[monotone_constraints: ]
[monotone_constraints_method: basic]
[monotone_penalty: 0]
[feature_contri: ]
[forcedsplits_filename: ]
[refit_decay_rate: 0.9]
[cegb_tradeoff: 1]
[cegb_penalty_split: 0]
[cegb_penalty_feature_lazy: ]
[cegb_penalty_feature_coupled: ]
[path_smooth: 0]
[interaction_constraints: ]
[verbosity: -1]
[saved_feature_importance_type: 0]
[use_quantized_grad: 0]
[num_grad_quant_bins: 4]
[quant_train_renew_leaf: 0]
[stochastic_rounding: 1]
[linear_tree: 0]
[max_bin: 255]
[max_bin_by_feature: ]
[min_data_in_bin: 3]
[bin_construct_sample_cnt: 200000]
[data_random_seed: 1]
[is_enable_sparse: 1]
[enable_bundle: 1]
[use_missing: 1]
[zero_as_missing: 0]
[feature_pre_filter: 0]
[pre_partition: 0]
[two_round: 0]
[header: 0]
[label_column: ]
[weight_column: ]
[group_column: ]
[ignore_column: ]
[categorical_feature: ]
[forcedbins_filename: ]
[precise_float_parser: 0]
[parser_config_file: ]
[objective_seed: 5]
[num_class: 1]
[is_unbalance: 0]
[scale_pos_weight: 1]
[sigmoid: 1]
[boost_from_average: 1]
[reg_sqrt: 0]
[alpha: 0.9]
[fair_c: 1]
[poisson_max_delta_step: 0.7]
[tweedie_variance_power: 1.5]
[lambdarank_truncation_level: 30]
[lambdarank_norm: 1]
[label_gain: ]
[lambdarank_position_bias_regularization: 0]
[eval_at: ]
[multi_error_top_k: 1]
[auc_mu_weights: ]
[num_machines: 1]
[local_listen_port: 12400]
[time_out: 120]
[machine_list_filename: ]
[machines: ]
[gpu_platform_id: -1]
[gpu_device_id: -1]
[gpu_use_dp: 0]
[num_gpu: 1]

end of parameters

pandas_categorical:[]
