tree
version=v4
num_class=1
num_tree_per_iteration=1
label_index=0
max_feature_idx=14
objective=binary sigmoid:1
feature_names=response_time s_tap_count ratio_tap_position_y scroll_length event_scroll s_scroll_speed tap_position_x taskNum tap_position_y screen_width s_view_position scroll_time ratio_tap_position_x s_choice_left screen_height
feature_infos=[0:10.399999999999981] [1:1] none [0:14300.666666666672] [0:6] [-3503.3333333333576:6900.0000000000018] none [1:145] none [390:390] [-343.99999999999989:1145.6666666666642] [-0.5:18.799999999999962] none [0:1] [844:844]
tree_sizes=740 646 747 750 746 748 750 749 650 648 754 751 749 745 745 741 651 754 650 551 653 763 754 750 761 749 651 854 753 652 652 757 759 545 653 661 654 663 655 754 757 654 758 651 758 756 649 657 654 655 757 651 755 652 761 652 655 756 756 755 654 754 761 652 762 756 755 759 650 654 651 655 656 757 656 652 655 753 548 659 660 655 758 656 654 652 754 654 655 654 757 663 663 654 756 758 757 759 757 655

Tree=0
num_leaves=6
num_cat=0
split_feature=3 10 10 11 10
split_gain=4.57043 5.66084 1.35409 1.75267 1.21553
threshold=832.3333333333386 348.50000000000489 600.83333333333951 2.0500000000000003 399.33333333333036
decision_type=2 2 2 2 2
left_child=1 -1 3 4 -3
right_child=-2 2 -4 -5 -6
leaf_value=0.51773033635045573 0.54950604367958222 0.42445172323137093 0.37309608230063873 0.38776912256656221 0.49198105627340499
leaf_weight=8.2967895269393939 5.2151248455047599 5.4521759748458916 4.7410225868225089 5.4521759748458853 5.2151248455047607
leaf_count=35 22 23 20 23 22
internal_value=0.463285 0.447863 0.420075 0.433892 0.457466
internal_weight=0 29.1573 20.8605 16.1195 10.6673
internal_count=145 123 88 68 45
is_linear=0
shrinkage=1


Tree=1
num_leaves=5
num_cat=0
split_feature=10 10 10 3
split_gain=3.99531 2.57781 3.61327 2.80051
threshold=659.66666666667163 466.00000000000006 348.50000000000489 699.33333333333223
decision_type=2 2 2 2
left_child=1 2 -1 -4
right_child=-2 -3 3 -5
leaf_value=0.049682077867685956 -0.084747988679360342 0.065364078208172 -0.079092886283341393 0.010124057260183152
leaf_weight=8.1888858973980003 4.7826602309942237 7.2937906533479682 6.9396669417619687 7.1366090923547745
leaf_count=35 20 31 29 30
internal_value=0 0.0137679 -0.00313431 -0.0338603
internal_weight=0 29.559 22.2652 14.0763
internal_count=145 125 94 59
is_linear=0
shrinkage=0.1


Tree=2
num_leaves=6
num_cat=0
split_feature=7 7 0 7 0
split_gain=3.72718 1.84117 5.14289 3.84391 1.02065
threshold=120.50000000000001 72.500000000000014 0.15000000000000005 30.500000000000004 1.3500000000000003
decision_type=2 2 2 2 2
left_child=1 3 -3 -1 -5
right_child=-2 2 -4 4 -6
leaf_value=0.050731546306853163 -0.072069811212222473 -0.013305485496402739 0.1227330803287404 -0.07764638626770215 -0.013692300518386727
leaf_weight=7.0924212485551896 5.9221671968698493 6.3206806629896146 4.9594522565603256 4.9726974070072156 5.0090771168470383
leaf_count=30 25 27 21 21 21
internal_value=0 0.0151547 0.0465056 -0.00555741 -0.0455528
internal_weight=0 28.3543 11.2801 17.0742 9.98177
internal_count=145 120 48 72 42
is_linear=0
shrinkage=0.1


Tree=3
num_leaves=6
num_cat=0
split_feature=3 3 0 0 11
split_gain=3.22877 1.26573 2.51501 2.91645 0.604715
threshold=832.3333333333386 730.3333333333286 0.15000000000000005 1.0500000000000003 0.55000000000000004
decision_type=2 2 2 2 2
left_child=1 2 4 -4 -1
right_child=-2 -3 3 -5 -6
leaf_value=-0.054796316333454068 0.074358616722731183 -0.053726631246520141 0.086977329127598771 -0.015399177146556604 -0.010005253567303024
leaf_weight=6.3887999206781441 5.0034084767103186 5.9525447338819495 5.192804887890814 5.9952126890420914 5.7063894718885422
leaf_count=27 22 25 22 25 24
internal_value=0 -0.0125754 -0.00205477 0.0321178 -0.0336643
internal_weight=0 29.2358 23.2832 11.188 12.0952
internal_count=145 123 98 47 51
is_linear=0
shrinkage=0.1


Tree=4
num_leaves=6
num_cat=0
split_feature=7 3 3 0 0
split_gain=2.77721 1.80528 1.99203 0.995403 2.48186
threshold=120.50000000000001 832.3333333333386 730.3333333333286 1.0500000000000003 0.15000000000000005
decision_type=2 2 2 2 2
left_child=1 2 3 4 -1
right_child=-2 -3 -4 -5 -6
leaf_value=-0.002604135605819177 -0.061437887172227361 0.068590377862167873 -0.047800924829965279 -0.013816789741888463 0.092950496050801343
leaf_weight=6.6256725937128156 6.0296132713556281 4.8879345655441275 6.0176827907562247 6.0126626938581458 4.6089588105678558
leaf_count=28 25 22 25 25 20
internal_value=0 0.0133446 0.00173756 0.0190218 0.0365967
internal_weight=0 28.1529 23.265 17.2473 11.2346
internal_count=145 120 98 73 48
is_linear=0
shrinkage=0.1


Tree=5
num_leaves=6
num_cat=0
split_feature=7 3 5 7 7
split_gain=2.23443 1.50708 1.62292 0.529954 0.369065
threshold=120.50000000000001 832.3333333333386 193.60504920838693 51.500000000000007 96.500000000000014
decision_type=2 2 2 2 2
left_child=1 2 3 -1 -5
right_child=-2 -3 -4 4 -6
leaf_value=0.046337222471415779 -0.054721688979793119 0.063294064111520817 -0.037741474648612383 -0.0085365626870947484 0.028597085763702752
leaf_weight=5.0057503134012284 6.0892410129308692 4.773392751812934 7.2236125916242591 6.3646062165498716 4.6188698559999466
leaf_count=21 25 22 30 27 20
internal_value=0 0.0121204 0.00159727 0.0193697 0.00707921
internal_weight=0 27.9862 23.2128 15.9892 10.9835
internal_count=145 120 98 68 47
is_linear=0
shrinkage=0.1


Tree=6
num_leaves=6
num_cat=0
split_feature=10 7 7 7 5
split_gain=3.73935 1.82256 2.84191 2.2667 0.0020137
threshold=659.66666666667163 72.500000000000014 105.50000000000001 30.500000000000004 228.64923747276717
decision_type=2 2 2 2 2
left_child=1 3 -3 -1 -5
right_child=-2 2 -4 4 -6
leaf_value=0.036581718762393176 -0.0822982951604454 0.090925388173267549 -0.0020163557844493753 -0.038659441685761631 -0.041562931051175547
leaf_weight=6.4608316123485627 4.7314607948064795 6.1225542873144132 7.1110397130250931 4.8013861328363401 4.7534699887037277
leaf_count=28 20 27 30 20 20
internal_value=0 0.0135223 0.0409834 -0.00916843 -0.0401039
internal_weight=0 29.2493 13.2336 16.0157 9.55486
internal_count=145 125 57 68 40
is_linear=0
shrinkage=0.1


Tree=7
num_leaves=6
num_cat=0
split_feature=3 7 3 3 7
split_gain=1.82638 1.08079 1.32012 0.346089 0.437927
threshold=832.3333333333386 120.50000000000001 730.3333333333286 196.00000000000003 93.500000000000014
decision_type=2 2 2 2 2
left_child=1 2 3 4 -1
right_child=-2 -3 -4 -5 -6
leaf_value=0.049817728710922694 0.058444701486097095 -0.046354291569148019 -0.039092146946693974 -0.0016693282207357833 0.0076494655018372873
leaf_weight=4.6013866811990827 4.6456649154424658 6.1374230831861487 6.091277450323104 7.1118497103452674 5.2989979833364487
leaf_count=20 22 25 25 30 23
internal_value=0 -0.0090532 0.000855801 0.0151593 0.0272479
internal_weight=0 29.2409 23.1035 17.0122 9.90038
internal_count=145 123 98 73 43
is_linear=0
shrinkage=0.1


Tree=8
num_leaves=5
num_cat=0
split_feature=10 10 10 3
split_gain=3.04009 1.47639 2.89915 2.41541
threshold=659.66666666667163 466.00000000000006 348.50000000000489 699.33333333333223
decision_type=2 2 2 2
left_child=1 2 -1 -4
right_child=-2 -3 3 -5
leaf_value=0.047567432557294703 -0.073807430856437761 0.052918565983742588 -0.06918853449395794 0.013677633339945023
leaf_weight=8.0761429667472893 4.7671189457178107 6.8549099117517462 7.0088667422533018 7.0614046603441238
leaf_count=35 20 31 29 30
internal_value=0 0.0123637 -0.000189129 -0.0276007
internal_weight=0 29.0013 22.1464 14.0703
internal_count=145 125 94 59
is_linear=0
shrinkage=0.1


Tree=9
num_leaves=5
num_cat=0
split_feature=10 10 10 3
split_gain=2.44435 1.22096 2.36542 1.93144
threshold=659.66666666667163 466.00000000000006 348.50000000000489 699.33333333333223
decision_type=2 2 2 2
left_child=1 2 -1 -4
right_child=-2 -3 3 -5
leaf_value=0.043401883705101937 -0.065769029749548569 0.048470212220619077 -0.06162264849418423 0.01234465674573614
leaf_weight=7.9717903435230317 4.8121533393859854 6.7417383491992942 7.0784103125333768 7.0425444692373276
leaf_count=35 20 31 29 30
internal_value=0 0.0112196 -0.000147645 -0.0247329
internal_weight=0 28.8345 22.0927 14.121
internal_count=145 125 94 59
is_linear=0
shrinkage=0.1


Tree=10
num_leaves=6
num_cat=0
split_feature=10 7 7 7 3
split_gain=1.97126 1.23052 2.33673 1.73939 0.0251494
threshold=659.66666666667163 72.500000000000014 105.50000000000001 30.500000000000004 699.33333333333223
decision_type=2 2 2 2 2
left_child=1 3 -3 -1 -5
right_child=-2 2 -4 4 -6
leaf_value=0.032325230556267383 -0.058800207515102114 0.080226467400932366 -0.0056250230852410614 -0.030256214533235033 -0.040518557973602501
leaf_weight=6.3075747340917614 4.8424459546804419 5.7945896685123426 7.0006809085607529 4.8216160386800748 4.7312486618757248
leaf_count=28 20 27 30 20 20
internal_value=0 0.0101832 0.0332545 -0.00842936 -0.0353388
internal_weight=0 28.6557 12.7953 15.8604 9.55286
internal_count=145 125 57 68 40
is_linear=0
shrinkage=0.1


Tree=11
num_leaves=6
num_cat=0
split_feature=10 13 7 7 7
split_gain=1.5937 1.03102 1.50915 3.71377 3.47932
threshold=659.66666666667163 1.0000000180025095e-35 30.500000000000004 66.500000000000014 105.50000000000001
decision_type=2 2 2 2 2
left_child=1 -1 -3 -4 -5
right_child=-2 2 3 4 -6
leaf_value=0.044429067743687704 -0.052700683871927161 0.045172616870965257 -0.083468421304454005 0.068608415238398252 -0.043031473036729287
leaf_weight=6.445451274514201 4.8614816963672629 5.351784914731982 5.4641849547624615 6.0441742986440641 5.187597930431366
leaf_count=28 20 24 23 28 22
internal_value=0 0.00924726 -0.00103782 -0.0158503 0.0170455
internal_weight=0 28.4932 22.0477 16.696 11.2318
internal_count=145 125 97 73 50
is_linear=0
shrinkage=0.1


Tree=12
num_leaves=6
num_cat=0
split_feature=3 10 7 11 10
split_gain=1.42173 2.18313 2.60109 2.4456 1.05767
threshold=832.3333333333386 348.50000000000489 114.50000000000001 2.0500000000000003 399.33333333333036
decision_type=2 2 2 2 2
left_child=1 -1 3 4 -3
right_child=-2 2 -4 -5 -6
leaf_value=0.037425856995627269 0.053013338630599753 -0.0090000570010066294 -0.088814910937372871 -0.05670594181295216 0.05522225290589533
leaf_weight=7.7658428102731731 4.4236716777086249 4.9714101403951698 4.854248881340026 5.8899982720613471 5.2962613701820374
leaf_count=35 22 21 20 24 23
internal_value=0 -0.00787955 -0.0246241 -0.00533922 0.024127
internal_weight=0 28.7778 21.0119 16.1577 10.2677
internal_count=145 123 88 68 44
is_linear=0
shrinkage=0.1


Tree=13
num_leaves=6
num_cat=0
split_feature=0 7 10 0 7
split_gain=1.45113 3.11731 2.42497 1.54587 2.40759
threshold=0.15000000000000005 72.500000000000014 348.50000000000489 2.6500000000000017 45.500000000000007
decision_type=2 2 2 2 2
left_child=2 3 -1 4 -2
right_child=1 -3 -4 -5 -6
leaf_value=0.021866052201999431 0.014278684662966282 0.087533368051399552 -0.069358671687228396 0.0430896801450876 -0.077624237743230184
leaf_weight=5.3356839269399625 6.8001211732626015 4.7173615097999564 6.4201226979494095 4.81026367843151 4.907792404294014
leaf_count=24 30 23 27 21 20
internal_value=0 0.0158382 -0.0279539 -0.00463696 -0.0242457
internal_weight=0 21.2355 11.7558 16.5182 11.7079
internal_count=145 94 51 71 50
is_linear=0
shrinkage=0.1


Tree=14
num_leaves=6
num_cat=0
split_feature=5 11 11 11 3
split_gain=0.989839 3.35601 0.478872 1.20079 0.276674
threshold=279.75243147657073 1.25 0.75000000000000011 1.0000000180025095e-35 412.50000000000119
decision_type=2 2 2 2 2
left_child=2 -2 3 -1 -4
right_child=1 -3 4 -5 -6
leaf_value=-0.020265856059786244 -0.031594786790001904 0.090732749371258636 -0.04549374660000946 0.040306128210864628 -0.011288415318098656
leaf_weight=9.2791521400213259 4.5617954432964307 4.4115983545780182 4.5927478671073896 5.0562082529067984 4.8745269626379013
leaf_count=41 20 21 20 22 21
internal_value=0 0.0285452 -0.0104283 0.00109842 -0.027882
internal_weight=0 8.97339 23.8026 14.3354 9.46727
internal_count=145 41 104 63 41
is_linear=0
shrinkage=0.1


Tree=15
num_leaves=6
num_cat=0
split_feature=0 3 5 11 11
split_gain=1.14232 1.84596 1.18736 2.80098 0.645115
threshold=0.15000000000000005 196.00000000000003 279.75243147657073 1.25 0.55000000000000004
decision_type=2 2 2 2 2
left_child=4 -2 -3 -4 -1
right_child=1 2 3 -5 -6
leaf_value=-0.047121118078013342 0.078472151489153444 -0.026411320318941413 -0.028227533196278506 0.084160675566656989 -0.00023834509172421746
leaf_weight=6.1374714523553831 3.6868281513452557 8.4042529612779635 4.5935779213905317 4.287108913064003 5.6249337643384933
leaf_count=27 17 36 20 21 24
internal_value=0 0.0142328 0.000530704 0.0260273 -0.0247012
internal_weight=0 20.9718 17.2849 8.88069 11.7624
internal_count=145 94 77 41 51
is_linear=0
shrinkage=0.1


Tree=16
num_leaves=5
num_cat=0
split_feature=10 10 10 5
split_gain=1.34787 0.927057 1.58129 0.84685
threshold=659.66666666667163 466.00000000000006 348.50000000000489 279.75243147657073
decision_type=2 2 2 2
left_child=1 2 -1 -4
right_child=-2 -3 3 -5
leaf_value=0.035097263036522788 -0.04897107182855532 0.042147865753971517 -0.041982750764495397 0.0083951831827928491
leaf_weight=7.6812819689512315 4.7529832869768134 6.3708780854940406 8.2030752897262555 5.6247462928295127
leaf_count=35 20 31 34 25
internal_value=0 0.00864219 -0.00128201 -0.0214905
internal_weight=0 27.88 21.5091 13.8278
internal_count=145 125 94 59
is_linear=0
shrinkage=0.1


Tree=17
num_leaves=6
num_cat=0
split_feature=10 7 0 7 0
split_gain=1.09239 0.819875 1.87195 1.13359 0.299608
threshold=659.66666666667163 63.500000000000007 2.6500000000000017 105.50000000000001 1.0500000000000003
decision_type=2 2 2 2 2
left_child=1 2 4 -3 -1
right_child=-2 3 -4 -5 -6
leaf_value=-0.017251062959281995 -0.044027844304435189 0.053494214683640767 0.041402422396554658 -0.0037396358022397575 -0.053558599198451545
leaf_weight=4.4146521240472811 4.7576569169759741 6.9647876322269422 4.7691977322101584 6.8780975341796875 4.684537798166275
leaf_count=20 20 34 21 30 20
internal_value=0 0.00783998 -0.00934488 0.0250565 -0.0359433
internal_weight=0 27.7113 13.8684 13.8429 9.09919
internal_count=145 125 61 64 40
is_linear=0
shrinkage=0.1


Tree=18
num_leaves=5
num_cat=0
split_feature=0 4 10 5
split_gain=1.04577 1.90127 1.74405 1.16487
threshold=0.15000000000000005 1.0000000180025095e-35 348.50000000000489 228.64923747276717
decision_type=2 2 2 2
left_child=2 -2 -1 -3
right_child=1 3 -4 -5
leaf_value=0.018740142803902571 0.064483212381137744 0.024971352872155374 -0.059031900295527719 -0.030352349800418545
leaf_weight=5.2765928059816343 5.4383980184793499 7.1767988353967658 6.3576256930828094 8.1027963459491712
leaf_count=24 27 31 27 36
internal_value=0 0.013706 -0.0237591 -0.0043669
internal_weight=0 20.718 11.6342 15.2796
internal_count=145 94 51 67
is_linear=0
shrinkage=0.1


Tree=19
num_leaves=4
num_cat=0
split_feature=0 4 5
split_gain=0.850945 1.58145 0.940889
threshold=0.15000000000000005 1.0000000180025095e-35 228.64923747276717
decision_type=2 2 2
left_child=-1 -2 -3
right_child=1 2 -4
leaf_value=-0.021438670963107906 0.059364209448942565 0.022569939300828804 -0.02712800108556437
leaf_weight=11.602363824844359 5.3228430226445225 7.1479415893554679 8.1562651097774488
leaf_count=51 27 31 36
internal_value=0 0.0124134 -0.00391621
internal_weight=0 20.627 15.3042
internal_count=145 94 67
is_linear=0
shrinkage=0.1


Tree=20
num_leaves=5
num_cat=0
split_feature=10 11 10 11
split_gain=0.879962 1.15474 2.24195 1.79707
threshold=659.66666666667163 2.4000000000000008 466.00000000000006 0.55000000000000004
decision_type=2 2 2 2
left_child=1 2 3 -1
right_child=-2 -3 -4 -5
leaf_value=-0.036786010630076103 -0.039803939063548635 -0.030859059774272148 0.075007313782478394 0.030400343657487422
leaf_weight=7.3517541140318015 4.6922640204429618 6.2164659649133673 5.22768411040306 8.6832007020711881
leaf_count=33 20 27 26 39
internal_value=0 0.00705303 0.0181372 -0.000403457
internal_weight=0 27.4791 21.2626 16.035
internal_count=145 125 98 72
is_linear=0
shrinkage=0.1


Tree=21
num_leaves=6
num_cat=0
split_feature=5 11 11 11 3
split_gain=0.634299 1.89703 0.365391 0.768377 0.318645
threshold=279.75243147657073 1.0500000000000003 0.75000000000000011 1.0000000180025095e-35 412.50000000000119
decision_type=2 2 2 2 2
left_child=2 -2 3 -1 -4
right_child=1 -3 4 -5 -6
leaf_value=-0.015132143929143256 -0.027396808495293003 0.066571457800508882 -0.042656728768555849 0.034120437070060433 -0.0058387279152184949
leaf_weight=9.1490493863821047 3.9772011339664441 4.6721537113189697 4.531790763139723 4.8448340147733679 4.8839452266693115
leaf_count=41 17 24 20 22 21
internal_value=0 0.0233624 -0.00832838 0.00191963 -0.0235592
internal_weight=0 8.64935 23.4096 13.9939 9.41574
internal_count=145 41 104 63 41
is_linear=0
shrinkage=0.1


Tree=22
num_leaves=6
num_cat=0
split_feature=7 7 7 11 11
split_gain=1.0343 0.928268 1.39347 1.99663 1.77645
threshold=30.500000000000004 57.500000000000007 105.50000000000001 0.55000000000000004 0.75000000000000011
decision_type=2 2 2 2 2
left_child=-1 -2 4 -4 -3
right_child=1 2 3 -5 -6
leaf_value=0.035738374395966326 -0.042208725854870031 0.079276555833338258 -0.072362253876148752 0.021461947341208393 -0.0064369962507504139
leaf_weight=6.5252594947814968 6.2933831512928036 4.0113268941640872 4.6282783746719343 4.4478072226047516 6.0873848497867584
leaf_count=30 27 19 20 20 29
internal_value=0 -0.00888442 0.00205299 -0.026383 0.0276094
internal_weight=0 25.4682 19.1748 9.07609 10.0987
internal_count=145 115 88 40 48
is_linear=0
shrinkage=0.1


Tree=23
num_leaves=6
num_cat=0
split_feature=10 7 11 5 10
split_gain=1.00064 2.14243 1.92488 1.26702 0.648066
threshold=348.50000000000489 114.50000000000001 2.4000000000000008 781.33333333333405 401.50000000000006
decision_type=2 2 2 2 2
left_child=-1 2 3 4 -2
right_child=1 -3 -4 -5 -6
leaf_value=0.03206480396381186 0.020846968430203169 -0.070808349564296991 -0.044738841434082237 -0.015535212555290071 0.074500215741047274
leaf_weight=7.5325922369956997 4.6190493851900154 4.6356415748596183 5.6160540282726279 5.0596793815493575 4.391759917140007
leaf_count=35 20 20 24 25 21
internal_value=0 -0.00964637 0.0047556 0.0245107 0.0469969
internal_weight=0 24.3222 19.6865 14.0705 9.01081
internal_count=145 110 90 66 41
is_linear=0
shrinkage=0.1


Tree=24
num_leaves=6
num_cat=0
split_feature=0 0 0 11 11
split_gain=0.818413 1.35332 1.61673 0.394228 0.293401
threshold=2.6500000000000017 1.0500000000000003 0.25000000000000006 0.55000000000000004 0.90000000000000013
decision_type=2 2 2 2 2
left_child=1 2 3 -1 -4
right_child=-2 -3 4 -5 -6
leaf_value=-0.035772687471332804 0.038750937623177703 -0.051246394319177858 0.020750410395291838 -0.00036367806132821647 0.057034795466575507
leaf_weight=6.4236798286438077 4.6937855035066596 5.4036885201930991 4.9588594287633878 6.1589677631855011 4.0475482046604156
leaf_count=29 21 23 23 28 21
internal_value=0 -0.00649072 0.00471152 -0.0184406 0.0370569
internal_weight=0 26.9927 21.5891 12.5826 9.00641
internal_count=145 124 101 57 44
is_linear=0
shrinkage=0.1


Tree=25
num_leaves=6
num_cat=0
split_feature=7 7 5 10 7
split_gain=1.29689 1.24901 1.89355 1.40347 0.739793
threshold=15.500000000000002 36.500000000000007 279.75243147657073 348.50000000000489 114.50000000000001
decision_type=2 2 2 2 2
left_child=-1 -2 3 -3 -5
right_child=1 2 -4 4 -6
leaf_value=0.061201200654978596 -0.05413020535725286 0.026804573889139083 0.058142852754316438 -0.012595962659933603 -0.062936933789670663
leaf_weight=3.1392923593521145 4.617135331034663 6.3259366750717225 4.8943284153938285 8.0225043445825559 4.589099556207656
leaf_count=15 21 29 24 36 20
internal_value=0 -0.00652632 0.00269636 -0.0116336 -0.030914
internal_weight=0 28.449 23.8319 18.9375 12.6116
internal_count=145 130 109 85 56
is_linear=0
shrinkage=0.1


Tree=26
num_leaves=5
num_cat=0
split_feature=10 0 0 5
split_gain=0.744308 1.13723 1.50783 1.44874
threshold=348.50000000000489 0.15000000000000005 1.0500000000000003 781.33333333333405
decision_type=2 2 2 2
left_child=-1 -2 3 -3
right_child=1 2 -4 -5
leaf_value=0.02795154948098626 -0.045476765536639291 0.072511163379064492 -0.02596225379889297 -0.0062115320724248852
leaf_weight=7.3932280391454723 6.1374670118093517 4.5584235116839427 8.5460400432348234 4.7986081689596176
leaf_count=35 27 22 37 24
internal_value=0 -0.00832996 0.00440458 0.0321395
internal_weight=0 24.0405 17.9031 9.35703
internal_count=145 110 83 46
is_linear=0
shrinkage=0.1


Tree=27
num_leaves=7
num_cat=0
split_feature=7 7 5 7 7 11
split_gain=1.09087 1.01115 1.59294 0.805745 0.996552 1.63669
threshold=15.500000000000002 36.500000000000007 279.75243147657073 66.500000000000014 105.50000000000001 0.55000000000000004
decision_type=2 2 2 2 2 2
left_child=-1 -2 3 -3 -5 -6
right_child=1 2 -4 4 5 -7
leaf_value=0.056744752607211471 -0.04847043945415877 -0.045997923296465071 0.053768964323433283 0.036889373859955624 -0.061158372182958713 0.024845767507336129
leaf_weight=3.0761871486902264 4.6705887168645885 4.8119467943906846 4.8142800331115714 5.0571583881974211 4.4879297465085966 4.3646856546401978
leaf_count=15 21 20 24 25 20 20
internal_value=0 -0.00596816 0.00246619 -0.0107263 0.00147557 -0.018755
internal_weight=0 28.2066 23.536 18.7217 13.9098 8.85262
internal_count=145 130 109 85 65 40
is_linear=0
shrinkage=0.1


Tree=28
num_leaves=6
num_cat=0
split_feature=7 7 5 7 7
split_gain=0.900525 0.808575 1.31196 0.651877 0.815577
threshold=15.500000000000002 36.500000000000007 279.75243147657073 66.500000000000014 105.50000000000001
decision_type=2 2 2 2 2
left_child=-1 -2 3 -3 -5
right_child=1 2 -4 4 -6
leaf_value=0.052107012810521602 -0.043116175535263042 -0.041383458266382338 0.049265337166104733 0.033645851772320989 -0.016917683991618419
leaf_weight=3.0181200876832035 4.722574174404147 4.8135233521461549 4.733325980603694 4.9936749488115302 8.8318340331315976
leaf_count=15 21 20 24 25 40
internal_value=0 -0.00537565 0.00225013 -0.00968924 0.0013455
internal_weight=0 28.0949 23.3724 18.639 13.8255
internal_count=145 130 109 85 65
is_linear=0
shrinkage=0.1


Tree=29
num_leaves=5
num_cat=0
split_feature=7 10 7 10
split_gain=0.79622 0.836494 1.31366 0.478486
threshold=30.500000000000004 600.83333333333951 72.500000000000014 350.33333333333036
decision_type=2 2 2 2
left_child=-1 2 -2 -4
right_child=1 -3 3 -5
leaf_value=0.031739165704047945 -0.028053821448736405 -0.040559258777285355 0.0048208973452259531 0.047284790795756704
leaf_weight=6.3600504249334362 8.0287377387285286 5.9618177264928809 5.4364225417375547 5.1838325411081314
leaf_count=30 34 29 26 26
internal_value=0 -0.00795255 0.00247135 0.0255479
internal_weight=0 24.6108 18.649 10.6203
internal_count=145 115 86 52
is_linear=0
shrinkage=0.1


Tree=30
num_leaves=5
num_cat=0
split_feature=10 0 0 5
split_gain=0.660597 1.04143 1.23164 1.21537
threshold=348.50000000000489 0.15000000000000005 1.0500000000000003 781.33333333333405
decision_type=2 2 2 2
left_child=-1 -2 3 -3
right_child=1 2 -4 -5
leaf_value=0.026541973412001207 -0.043870937252914667 0.067567230321320379 -0.023220017242530939 -0.0053291128678580333
leaf_weight=7.2718863710761097 6.0095928311347988 4.4065391123294848 8.4385921657085401 4.755415290594101
leaf_count=35 27 22 37 24
internal_value=0 -0.00792859 0.00434369 0.0297312
internal_weight=0 23.6101 17.6005 9.16195
internal_count=145 110 83 46
is_linear=0
shrinkage=0.1


Tree=31
num_leaves=6
num_cat=0
split_feature=7 10 7 5 7
split_gain=0.669173 0.815259 0.837947 0.749601 0.976302
threshold=15.500000000000002 600.83333333333951 39.500000000000007 135.79242636746184 108.50000000000001
decision_type=2 2 2 2 2
left_child=-1 2 -2 4 -4
right_child=1 -3 3 -5 -6
leaf_value=0.045678148003290578 -0.034958003981943972 -0.035526487176454173 -0.027582909070583819 0.046019988407671027 0.030053494023718569
leaf_weight=2.9253100827336338 4.2306420803070131 6.5249012932181349 5.9895804375410098 5.2912789136171332 5.7702627778053284
leaf_count=15 18 32 29 25 26
internal_value=0 -0.00460287 0.00487818 0.0147621 0.000697841
internal_weight=0 27.8067 21.2818 17.0511 11.7598
internal_count=145 130 98 80 55
is_linear=0
shrinkage=0.1


Tree=32
num_leaves=6
num_cat=0
split_feature=7 11 4 7 11
split_gain=0.641429 0.676207 1.4729 0.600788 1.36839
threshold=30.500000000000004 1.5000000000000002 1.0000000180025095e-35 105.50000000000001 0.55000000000000004
decision_type=2 2 2 2 2
left_child=-1 2 3 -2 -5
right_child=1 -3 -4 4 -6
leaf_value=0.02872125254247801 0.025500230578410395 0.022452433335966263 -0.066611494828991882 -0.055992671008810224 0.023364074366501619
leaf_weight=6.2658422514796284 5.4103517830371919 5.8660179898142806 4.4565871059894553 4.4158644974231702 4.277942918241024
leaf_count=30 28 28 19 20 20
internal_value=0 -0.00714357 -0.0164972 -0.000662262 -0.0169438
internal_weight=0 24.4268 18.5607 14.1042 8.69381
internal_count=145 115 87 68 40
is_linear=0
shrinkage=0.1


Tree=33
num_leaves=4
num_cat=0
split_feature=0 5 5
split_gain=0.4267 1.23055 1.11188
threshold=0.25000000000000006 150.81410825199643 380.29365079364965
decision_type=2 2 2
left_child=-1 -2 -3
right_child=1 2 -4
leaf_value=-0.014355476298070165 0.046770263187742932 -0.041979026360599282 0.018388572859402715
leaf_weight=12.173524022102358 6.0409595668315914 5.467339560389517 6.9036351665854454
leaf_count=57 29 24 35
internal_value=0 0.00977473 -0.00829083
internal_weight=0 18.4119 12.371
internal_count=145 88 59
is_linear=0
shrinkage=0.1


Tree=34
num_leaves=5
num_cat=0
split_feature=10 7 11 5
split_gain=0.558262 0.963469 1.58112 0.980741
threshold=348.50000000000489 114.50000000000001 2.4000000000000008 346.36363636363666
decision_type=2 2 2 2
left_child=-1 2 3 -2
right_child=1 -3 -4 -5
leaf_value=0.024567360213973672 0.04917466204554146 -0.049705057163707322 -0.043152121125677123 -0.0046758133638074781
leaf_weight=7.1725017800927189 6.3853427693247848 4.3631907254457465 5.4401825815439215 7.1904482915997505
leaf_count=35 30 20 24 36
internal_value=0 -0.00732499 0.00239906 0.0206526
internal_weight=0 23.3792 19.016 13.5758
internal_count=145 110 90 66
is_linear=0
shrinkage=0.1


Tree=35
num_leaves=5
num_cat=0
split_feature=7 11 4 11
split_gain=0.559346 0.613551 1.314 0.460496
threshold=30.500000000000004 1.5000000000000002 1.0000000180025095e-35 1.0000000180025095e-35
decision_type=2 2 2 2
left_child=-1 2 3 -2
right_child=1 -3 -4 -5
leaf_value=0.026923138323848291 -0.018546100099817341 0.021535932404749925 -0.062844583720954875 0.017857032259379638
leaf_weight=6.2113838270306614 7.0179282873868996 5.8342233672738066 4.4709168523550025 6.8831687942147255
leaf_count=30 34 28 19 34
internal_value=0 -0.00671603 -0.0156877 -0.000520983
internal_weight=0 24.2062 18.372 13.9011
internal_count=145 115 87 68
is_linear=0
shrinkage=0.1


Tree=36
num_leaves=5
num_cat=0
split_feature=10 11 0 7
split_gain=0.465706 0.847973 1.60872 1.02508
threshold=348.50000000000489 2.4000000000000008 0.25000000000000006 36.500000000000007
decision_type=2 2 2 2
left_child=-1 2 -2 -4
right_child=1 -3 3 -5
leaf_value=0.022569174380994143 -0.033618054790787597 -0.041228649363172776 -0.014152102361084171 0.050380689297717302
leaf_weight=7.0974246561527279 6.9734403043985429 5.4458970278501502 3.7738546654582006 7.0783043727278709
leaf_count=35 33 24 18 35
internal_value=0 -0.00669311 0.00385784 0.0279393
internal_weight=0 23.2715 17.8256 10.8522
internal_count=145 110 86 53
is_linear=0
shrinkage=0.1


Tree=37
num_leaves=5
num_cat=0
split_feature=7 11 4 11
split_gain=0.544957 0.504621 1.20287 0.408022
threshold=30.500000000000004 1.5000000000000002 1.0000000180025095e-35 1.0000000180025095e-35
decision_type=2 2 2 2
left_child=-1 2 3 -2
right_child=1 -3 -4 -5
leaf_value=0.026594925299344863 -0.017202564275960949 0.019149200867953416 -0.059854066474119762 0.017177392077261343
leaf_weight=6.1931575238704708 6.979605928063398 5.7568232491612426 4.4754091203212729 6.8300704956054688
leaf_count=30 34 28 19 34
internal_value=0 -0.00667073 -0.0147998 -0.000198724
internal_weight=0 24.0419 18.2851 13.8097
internal_count=145 115 87 68
is_linear=0
shrinkage=0.1


Tree=38
num_leaves=5
num_cat=0
split_feature=10 10 10 5
split_gain=0.413243 0.898926 0.940512 1.06396
threshold=659.66666666667163 466.00000000000006 379.83333333333582 102.95752895752945
decision_type=2 2 2 2
left_child=1 2 3 -1
right_child=-2 -3 -4 -5
leaf_value=-0.0095182712695135868 -0.028595690510839072 0.039433036301262735 -0.030512689590777544 0.053483709572335149
leaf_weight=7.3870481103658765 4.2938446253538123 5.8383904099464408 8.4568989276885969 4.2071201279759407
leaf_count=36 20 31 38 20
internal_value=0 0.00490096 -0.00515395 0.013343
internal_weight=0 25.8895 20.0511 11.5942
internal_count=145 125 94 56
is_linear=0
shrinkage=0.1


Tree=39
num_leaves=6
num_cat=0
split_feature=7 7 0 10 10
split_gain=0.457166 0.445351 1.27477 1.17939 0.563743
threshold=30.500000000000004 72.500000000000014 1.3500000000000003 600.83333333333951 350.33333333333036
decision_type=2 2 2 2 2
left_child=-1 2 -2 4 -3
right_child=1 3 -4 -5 -6
leaf_value=0.024500267741898167 -0.058766905678923044 0.00038152645218458159 0.014020622364704386 -0.040662869924476992 0.047213272084925005
leaf_weight=6.1311159431934383 4.8611620664596575 5.3095542043447477 4.7643203288316727 4.0476191043853751 4.9824403747916222
leaf_count=30 21 26 21 21 26
internal_value=0 -0.0061006 -0.0227393 0.00506814 0.0230532
internal_weight=0 23.9651 9.62548 14.3396 10.292
internal_count=145 115 42 73 52
is_linear=0
shrinkage=0.1


Tree=40
num_leaves=6
num_cat=0
split_feature=5 5 10 5 7
split_gain=0.41216 0.720762 0.705453 0.638424 1.17007
threshold=279.75243147657073 912.78571428571411 348.50000000000489 1.0000000180025095e-35 111.50000000000001
decision_type=2 2 2 2 2
left_child=2 -2 -1 4 -4
right_child=1 -3 3 -5 -6
leaf_value=0.019429954584452042 0.048254417038586135 -0.011470428132280913 0.030252123955365813 -0.045446378767487292 -0.040898293761498727
leaf_weight=6.9176104143261972 4.1848577409982664 3.9071081653237343 4.9486557990312559 5.7210363596677771 4.3368439674377441
leaf_count=34 21 20 24 25 21
internal_value=0 0.019417 -0.00699018 -0.0191692 -0.00297907
internal_weight=0 8.09197 21.9241 15.0065 9.2855
internal_count=145 41 104 70 45
is_linear=0
shrinkage=0.1


Tree=41
num_leaves=5
num_cat=0
split_feature=0 10 10 10
split_gain=0.343276 0.866845 0.659535 0.54657
threshold=0.25000000000000006 510.50000000000006 510.50000000000006 379.83333333333582
decision_type=2 2 2 2
left_child=2 3 -1 -2
right_child=1 -3 -4 -5
leaf_value=0.0042142823878704343 0.01905022674337032 0.045819523991086249 -0.045229329173906305 -0.021827960120109197
leaf_weight=7.7094698846340197 5.7550640776753443 4.6855197846889487 4.1501533836126328 7.5774951204657555
leaf_count=37 29 25 20 34
internal_value=0 0.00882016 -0.013088 -0.00418269
internal_weight=0 18.0181 11.8596 13.3326
internal_count=145 88 57 63
is_linear=0
shrinkage=0.1


Tree=42
num_leaves=6
num_cat=0
split_feature=0 0 0 10 11
split_gain=0.328745 1.02293 0.909288 0.537129 0.494733
threshold=2.6500000000000017 1.0500000000000003 0.25000000000000006 510.50000000000006 0.75000000000000011
decision_type=2 2 2 2 2
left_child=1 2 3 -1 -4
right_child=-2 -3 4 -5 -6
leaf_value=0.0037971703762817708 0.025667751973766979 -0.043469540955925513 0.0036112700156510761 -0.04089501092480121 0.052661059886931254
leaf_weight=7.7011647820472806 4.3073177039623252 5.2632171511650077 3.6466348692774755 4.1319932788610458 4.7153374999761581
leaf_count=37 21 23 18 20 26
internal_value=0 -0.00420456 0.0060286 -0.0118088 0.0312706
internal_weight=0 25.4583 20.1951 11.8332 8.36197
internal_count=145 124 101 57 44
is_linear=0
shrinkage=0.1


Tree=43
num_leaves=5
num_cat=0
split_feature=10 11 3 10
split_gain=0.278173 0.802672 1.28548 1.7255
threshold=348.50000000000489 2.4000000000000008 771.16666666667118 466.00000000000006
decision_type=2 2 2 2
left_child=-1 2 3 -2
right_child=1 -3 -4 -5
leaf_value=0.01767546035265824 -0.050565711995812904 -0.038888652531556434 0.04728239033415868 0.024689499867755961
leaf_weight=6.9155704453587559 6.0079459846019798 5.4008597731590262 5.1262371465563765 6.1816409081220627
leaf_count=35 27 24 28 31
internal_value=0 -0.00523077 0.00526722 -0.0124019
internal_weight=0 22.7167 17.3158 12.1896
internal_count=145 110 86 58
is_linear=0
shrinkage=0.1


Tree=44
num_leaves=6
num_cat=0
split_feature=7 13 7 7 11
split_gain=0.395074 1.01196 1.38339 1.91005 0.376655
threshold=30.500000000000004 1.0000000180025095e-35 63.500000000000007 117.50000000000001 0.40000000000000013
decision_type=2 2 2 2 2
left_child=-1 -2 -3 4 -4
right_child=1 2 3 -5 -6
leaf_value=0.022986315814323293 0.029753196611202556 -0.061204651869420028 0.05064983560733799 -0.052910909095769579 0.0072321663951206931
leaf_weight=6.0148400515317944 5.9905105829238954 5.1847207695245734 4.0774737074971181 4.3589684069156647 3.9179897978901863
leaf_count=30 30 23 21 20 21
internal_value=0 -0.00573192 -0.0178519 0.000341735 0.029374
internal_weight=0 23.5297 17.5392 12.3544 7.99546
internal_count=145 115 85 62 42
is_linear=0
shrinkage=0.1


Tree=45
num_leaves=6
num_cat=0
split_feature=7 11 0 7 10
split_gain=0.322169 0.479553 0.939963 0.288518 2.21849
threshold=30.500000000000004 1.5000000000000002 0.45000000000000007 126.50000000000001 350.33333333333945
decision_type=2 2 2 2 2
left_child=-1 2 3 4 -2
right_child=1 -3 -4 -5 -6
leaf_value=0.02084899189972763 -0.063385267936529252 0.020441557975251115 -0.053060745633072476 0.022860637626349645 0.033889004991527423
leaf_weight=5.9707267209887531 4.2238431870937401 5.5706611201167098 4.4377099126577368 3.9189383238553992 5.26962049305439
leaf_count=30 21 28 19 19 28
internal_value=0 -0.00517289 -0.0131666 3.29689e-05 -0.00939038
internal_weight=0 23.4208 17.8501 13.4124 9.49346
internal_count=145 115 87 68 49
is_linear=0
shrinkage=0.1


Tree=46
num_leaves=5
num_cat=0
split_feature=10 0 0 3
split_gain=0.310819 0.575059 1.03687 0.930905
threshold=348.50000000000489 0.15000000000000005 1.0500000000000003 730.3333333333286
decision_type=2 2 2 2
left_child=-1 -2 3 -3
right_child=1 2 -4 -5
leaf_value=0.01866722296006269 -0.033145780486026087 0.068997036023759742 -0.021734991881681556 0.0016423514125167898
leaf_weight=6.9108136296272304 5.6629882454872158 3.3634588494896906 8.2150900885462743 5.2624684572219849
leaf_count=35 27 18 37 28
internal_value=0 -0.0055789 0.00369079 0.0279056
internal_weight=0 22.504 16.841 8.62593
internal_count=145 110 83 46
is_linear=0
shrinkage=0.1


Tree=47
num_leaves=5
num_cat=0
split_feature=0 5 0 11
split_gain=0.309024 1.36032 0.0502875 0.089745
threshold=0.55000000000000016 279.75243147657073 0.35000000000000009 0.55000000000000004
decision_type=2 2 2 2
left_child=2 -2 3 -1
right_child=1 -3 -4 -5
leaf_value=-0.014192815509250143 -0.013844409505833797 0.052434934720811011 -0.018912145738953577 0.0029644710158532538
leaf_weight=6.3471831381321007 8.0884402990341169 5.0175044983625403 3.9659810140728942 5.866484172642231
leaf_count=32 37 25 22 29
internal_value=0 0.0115301 -0.00912866 -0.00595181
internal_weight=0 13.1059 16.1796 12.2137
internal_count=145 62 83 61
is_linear=0
shrinkage=0.1


Tree=48
num_leaves=5
num_cat=0
split_feature=10 10 11 7
split_gain=0.332247 0.714422 0.844657 0.342379
threshold=659.66666666667163 466.00000000000006 0.55000000000000004 39.500000000000007
decision_type=2 2 2 2
left_child=1 2 -1 -4
right_child=-2 -3 3 -5
leaf_value=-0.032532323777617611 -0.026266603186630169 0.036052100948341874 -0.010392436781703776 0.02360500467466195
leaf_weight=6.9606924206018546 4.104906052350997 5.5606248825788489 4.7411206513643247 7.8947917073965073
leaf_count=33 20 31 22 39
internal_value=0 0.0044166 -0.00456011 0.0108488
internal_weight=0 25.1572 19.5966 12.6359
internal_count=145 125 94 61
is_linear=0
shrinkage=0.1


Tree=49
num_leaves=5
num_cat=0
split_feature=10 11 10 0
split_gain=0.314485 0.638247 0.93289 1.40617
threshold=348.50000000000489 0.40000000000000013 600.83333333333951 1.6500000000000006
decision_type=2 2 2 2
left_child=-1 -2 3 -3
right_child=1 2 -4 -5
leaf_value=0.018775761770217312 0.023962903103049826 0.030016919590146397 -0.05214827772190711 -0.039121585462552948
leaf_weight=6.8950659930706051 5.4861434251070049 6.7160640731453913 4.8814252763986579 5.234424963593483
leaf_count=35 28 33 26 23
internal_value=0 -0.00565808 -0.0153127 -0.000266386
internal_weight=0 22.3181 16.8319 11.9505
internal_count=145 110 82 56
is_linear=0
shrinkage=0.1


Tree=50
num_leaves=6
num_cat=0
split_feature=0 0 0 5 10
split_gain=0.361878 0.631455 0.670205 0.964556 0.50117
threshold=2.6500000000000017 1.0500000000000003 0.25000000000000006 781.33333333333405 510.50000000000006
decision_type=2 2 2 2 2
left_child=1 2 4 -4 -1
right_child=-2 -3 3 -5 -6
leaf_value=0.0034762573452481352 0.027060736521644691 -0.035462108776615729 0.064859177655156516 -0.0047669690687190177 -0.040119155206949031
leaf_weight=7.582586184144029 4.2543466761708251 5.2086039036512366 3.5480294078588468 4.5300602316856384 4.0429617017507553
leaf_count=37 21 23 20 24 20
internal_value=0 -0.00449665 0.00368899 0.025814 -0.0116847
internal_weight=0 24.9122 19.7036 8.07809 11.6255
internal_count=145 124 101 44 57
is_linear=0
shrinkage=0.1


Tree=51
num_leaves=5
num_cat=0
split_feature=5 7 7 7
split_gain=0.295807 1.07581 0.765943 0.521917
threshold=193.60504920838693 51.500000000000007 36.500000000000007 108.50000000000001
decision_type=2 2 2 2
left_child=1 -1 -2 -3
right_child=2 3 -4 -5
leaf_value=0.047823691645552217 -0.047416284269182929 -0.026554322251501172 0.0092662616930456292 0.011721174827106972
leaf_weight=4.8906708136200967 4.0405848398804647 6.805439315736292 5.8145579472184181 7.4762233272194862
leaf_count=23 20 35 30 37
internal_value=0 0.00734424 -0.0139734 -0.00651771
internal_weight=0 19.1723 9.85514 14.2817
internal_count=145 95 50 72
is_linear=0
shrinkage=0.1


Tree=52
num_leaves=6
num_cat=0
split_feature=7 7 0 11 7
split_gain=0.289836 0.414588 1.01613 0.667158 0.62173
threshold=30.500000000000004 96.500000000000014 1.2500000000000002 0.55000000000000004 72.500000000000014
decision_type=2 2 2 2 2
left_child=-1 2 4 -3 -2
right_child=1 3 -4 -5 -6
leaf_value=0.019891504793869585 -0.064048123236124757 -0.014573881477510651 0.019218782419768154 0.038322670830946981 -0.0099927448999319341
leaf_weight=5.8998212888836887 4.2971328198909777 4.925147742033003 5.0843193382024756 4.6219641640782356 4.2147317156195641
leaf_count=30 19 24 23 25 24
internal_value=0 -0.00493785 -0.0161535 0.0110345 -0.0372821
internal_weight=0 23.1433 13.5962 9.54711 8.51186
internal_count=145 115 66 49 43
is_linear=0
shrinkage=0.1


Tree=53
num_leaves=5
num_cat=0
split_feature=0 10 11 11
split_gain=0.251157 0.69674 0.81765 0.685251
threshold=0.55000000000000016 600.83333333333951 0.55000000000000004 2.4000000000000008
decision_type=2 2 2 2
left_child=1 2 -1 -2
right_child=3 -3 -4 -5
leaf_value=-0.020465485412886217 0.032232264531368106 -0.043927261653621347 0.031943916311227817 -0.013824070690180656
leaf_weight=6.3996282592415863 6.8327621445059759 4.0831646323204032 5.5656783580780029 6.12762850522995
leaf_count=31 33 22 30 29
internal_value=0 -0.00825899 0.00391282 0.010457
internal_weight=0 16.0485 11.9653 12.9604
internal_count=145 83 61 62
is_linear=0
shrinkage=0.1


Tree=54
num_leaves=6
num_cat=0
split_feature=10 10 10 3 10
split_gain=0.230078 0.469045 1.38872 0.860006 0.0669283
threshold=348.50000000000489 466.00000000000006 684.16666666667163 412.50000000000119 382.33333333333491
decision_type=2 2 2 2 2
left_child=-1 3 -3 -2 -5
right_child=1 2 -4 4 -6
leaf_value=0.016204255878456999 -0.055021792137056928 0.040458799206085992 -0.039043483358479548 0.010325077928918982 -0.0074976262854174747
leaf_weight=6.7888695150613811 4.1147856414318111 6.1130732744932157 3.4298906996846199 3.8971173837780935 4.5869346186518669
leaf_count=35 19 34 17 18 22
internal_value=0 -0.00483896 0.0118844 -0.0175061 0.000689166
internal_weight=0 22.1418 9.54296 12.5988 8.48405
internal_count=145 110 51 59 40
is_linear=0
shrinkage=0.1


Tree=55
num_leaves=5
num_cat=0
split_feature=5 0 0 7
split_gain=0.276461 0.908416 0.740407 0.503123
threshold=193.60504920838693 0.25000000000000006 1.0500000000000003 108.50000000000001
decision_type=2 2 2 2
left_child=1 3 -2 -1
right_child=2 -3 -4 -5
leaf_value=-0.037480878819239886 0.0098528322337450951 0.034111825351927423 -0.045806973544791456 0.0057433754043799178
leaf_weight=4.330577373504644 5.6872526481747609 7.5317949727177611 4.1222071647644043 7.1209019497036934
leaf_count=21 31 38 19 36
internal_value=0 0.00713825 -0.013537 -0.0106026
internal_weight=0 18.9833 9.80946 11.4515
internal_count=145 95 50 57
is_linear=0
shrinkage=0.1


Tree=56
num_leaves=5
num_cat=0
split_feature=0 11 10 11
split_gain=0.202271 0.597501 0.545317 0.643331
threshold=0.55000000000000016 2.4000000000000008 600.83333333333951 0.55000000000000004
decision_type=2 2 2 2
left_child=2 -2 3 -1
right_child=1 -3 -4 -5
leaf_value=-0.018169638823566172 0.029859418346409091 -0.013313617851227573 -0.039255284197393908 0.028490577667157797
leaf_weight=6.4141934514045733 6.77135121822357 6.0875316485762596 4.0255806297063819 5.4789070412516594
leaf_count=31 33 29 22 30
internal_value=0 0.00942084 -0.0074423 0.00332576
internal_weight=0 12.8589 15.9187 11.8931
internal_count=145 62 83 61
is_linear=0
shrinkage=0.1


Tree=57
num_leaves=6
num_cat=0
split_feature=5 7 7 7 7
split_gain=0.263441 0.729021 0.727987 0.294568 0.395611
threshold=193.60504920838693 51.500000000000007 36.500000000000007 126.50000000000001 105.50000000000001
decision_type=2 2 2 2 2
left_child=1 -1 -2 4 -3
right_child=2 3 -4 -5 -6
leaf_value=0.040692291067500025 -0.045909898569921663 0.0031717698511518119 0.0095517811631188609 0.019695643872547009 -0.036456696232812343
leaf_weight=4.7896282002329889 4.0178034678101522 6.1424219831824285 5.7589535340666771 3.7220627889037123 4.2706321328878403
leaf_count=23 20 32 30 19 21
internal_value=0 0.00697492 -0.0132405 -0.00445008 -0.0130808
internal_weight=0 18.9247 9.77676 14.1351 10.4131
internal_count=145 95 50 72 53
is_linear=0
shrinkage=0.1


Tree=58
num_leaves=6
num_cat=0
split_feature=5 7 10 10 7
split_gain=0.213077 0.597781 0.757332 0.71738 0.583311
threshold=193.60504920838693 51.500000000000007 256.16666666667157 466.00000000000006 36.500000000000007
decision_type=2 2 2 2 2
left_child=1 -1 -3 -4 -2
right_child=4 2 3 -5 -6
leaf_value=0.037036387011931078 -0.040916014640972567 0.035877019652061512 -0.043042141447642221 0.009013141353169541 0.0086133425254206839
leaf_weight=4.7389381155371728 4.0552424415945989 3.5641150325536719 5.3772302716970426 5.2148648500442505 5.7483482137322426
leaf_count=23 20 18 26 28 30
internal_value=0 0.00629462 -0.00399651 -0.0174135 -0.0118744
internal_weight=0 18.8951 14.1562 10.5921 9.80359
internal_count=145 95 72 54 50
is_linear=0
shrinkage=0.1


Tree=59
num_leaves=6
num_cat=0
split_feature=5 5 5 7 7
split_gain=0.233187 1.25046 0.542237 0.460664 0.389359
threshold=279.75243147657073 150.81410825199643 912.78571428571411 81.500000000000014 108.50000000000001
decision_type=2 2 2 2 2
left_child=1 3 -2 -1 -5
right_child=2 -3 -4 4 -6
leaf_value=0.031388394362746756 0.041038099220834227 -0.055665336454096354 -0.012024461637783285 -0.027559364727183989 0.0098742792727957614
leaf_weight=5.1659273430705168 3.9188686683773986 4.0009385347366324 3.7866213172674179 4.4977076947689039 7.269661657512188
leaf_count=27 21 18 20 22 37
internal_value=0 -0.00538518 0.0149622 0.00649483 -0.00443356
internal_weight=0 20.9342 7.70549 16.9333 11.7674
internal_count=145 104 41 86 59
is_linear=0
shrinkage=0.1


Tree=60
num_leaves=5
num_cat=0
split_feature=10 11 10 5
split_gain=0.207401 0.56437 0.557339 0.701978
threshold=466.00000000000006 0.75000000000000011 379.83333333333582 102.95752895752945
decision_type=2 2 2 2
left_child=2 -2 3 -1
right_child=1 -3 -4 -5
leaf_value=-0.010003193641461985 0.034098688051947677 -0.015179034877765223 -0.025741903711999581 0.042584999516200962
leaf_weight=7.123755328357225 5.2408726438879949 4.1760954111814499 8.1356603950262052 3.9434409812092781
leaf_count=36 28 23 38 20
internal_value=0 0.0122457 -0.00587185 0.00873492
internal_weight=0 9.41697 19.2029 11.0672
internal_count=145 51 94 56
is_linear=0
shrinkage=0.1


Tree=61
num_leaves=6
num_cat=0
split_feature=3 11 3 7 7
split_gain=0.226126 0.616245 1.22038 0.36455 0.478221
threshold=771.16666666667118 2.2500000000000013 196.00000000000003 105.50000000000001 126.50000000000001
decision_type=2 2 2 2 2
left_child=1 2 3 -1 -5
right_child=-2 -3 -4 4 -6
leaf_value=0.022938456899432975 0.016067374029895731 0.027290491021467286 -0.060283684790313645 -0.034508032387953844 0.014521489489237772
leaf_weight=4.9480139762163251 6.7614412456750861 4.6840215101838103 4.2266780883073798 4.2578118219971657 3.7339690551161766
leaf_count=26 37 22 20 21 19
internal_value=0 -0.00485923 -0.0136316 0.00160697 -0.0116002
internal_weight=0 21.8505 17.1665 12.9398 7.99178
internal_count=145 108 86 66 40
is_linear=0
shrinkage=0.1


Tree=62
num_leaves=6
num_cat=0
split_feature=5 0 5 0 11
split_gain=0.255237 1.58846 0.973134 0.629798 0.0202179
threshold=279.75243147657073 0.65000000000000002 150.81410825199643 0.25000000000000006 0.55000000000000004
decision_type=2 2 2 2 2
left_child=2 -2 3 4 -1
right_child=1 -3 -4 -5 -6
leaf_value=-0.012476623561560662 -0.029068733710329381 0.061867095871516044 -0.049918766099534863 0.03284277982436537 -0.0040682369122826325
leaf_weight=5.9659382849931806 3.9043072387576094 3.7812831625342369 4.0114263445138922 5.4521709829568854 5.4921858906745911
leaf_count=29 22 19 18 29 28
internal_value=0 0.0156714 -0.00563813 0.00486604 -0.00844626
internal_weight=0 7.68559 20.9217 16.9103 11.4581
internal_count=145 41 104 86 57
is_linear=0
shrinkage=0.1


Tree=63
num_leaves=5
num_cat=0
split_feature=10 11 5 11
split_gain=0.222615 0.715056 0.793168 0.374574
threshold=348.50000000000489 0.40000000000000013 279.75243147657073 2.4000000000000008
decision_type=2 2 2 2
left_child=-1 -2 3 -3
right_child=1 2 -4 -5
leaf_value=0.016008008551024869 0.026856268918700882 -0.0137649561344186 0.010800521325384782 -0.053292270614596439
leaf_weight=6.718673728406432 5.3755426257848766 4.7472919598221797 6.8634956479072562 4.843330904841423
leaf_count=35 28 23 37 22
internal_value=0 -0.00480823 -0.015153 -0.0337265
internal_weight=0 21.8297 16.4541 9.59062
internal_count=145 110 82 45
is_linear=0
shrinkage=0.1


Tree=64
num_leaves=6
num_cat=0
split_feature=0 0 3 0 11
split_gain=0.232042 0.821013 0.913957 0.0398674 0.029316
threshold=2.6500000000000017 1.0500000000000003 771.16666666667118 0.25000000000000006 0.55000000000000004
decision_type=2 2 2 2 2
left_child=1 2 3 4 -1
right_child=-2 -3 -4 -5 -6
leaf_value=-0.013296764509822499 0.022181564568180021 -0.03955844417867397 0.047692657971235057 0.0033419241622851346 -0.0031694102683549347
leaf_weight=5.9699006602168172 4.072793520987033 5.0395342856645575 4.096879616379737 3.8263090848922721 5.4840423315763474
leaf_count=29 21 23 23 21 28
internal_value=0 -0.00360161 0.00574991 -0.00549561 -0.00844788
internal_weight=0 24.4167 19.3771 15.2803 11.4539
internal_count=145 124 101 78 57
is_linear=0
shrinkage=0.1


Tree=65
num_leaves=6
num_cat=0
split_feature=10 10 10 5 5
split_gain=0.200836 0.362616 1.2003 0.288744 0.684925
threshold=348.50000000000489 466.00000000000006 684.16666666667163 102.95752895752945 346.36363636363666
decision_type=2 2 2 2 2
left_child=-1 3 -3 -2 -5
right_child=1 2 -4 4 -6
leaf_value=0.015237468974343655 -0.038012414765794637 0.037090038676045885 -0.037643537430141732 0.023556298388754577 -0.033507624935879603
leaf_weight=6.6864394396543529 3.9744325131177929 5.9934875816106779 3.3505036532878876 4.1584979295730573 4.2561992555856705
leaf_count=35 19 34 17 18 22
internal_value=0 -0.00458104 0.0102926 -0.0157989 -0.00530694
internal_weight=0 21.7331 9.34399 12.3891 8.4147
internal_count=145 110 51 59 40
is_linear=0
shrinkage=0.1


Tree=66
num_leaves=6
num_cat=0
split_feature=7 13 7 7 11
split_gain=0.23675 0.797501 1.33918 2.05714 0.410919
threshold=30.500000000000004 1.0000000180025095e-35 63.500000000000007 117.50000000000001 0.40000000000000013
decision_type=2 2 2 2 2
left_child=-1 -2 -3 4 -4
right_child=1 2 3 -5 -6
leaf_value=0.018264230705673564 0.027589858858799655 -0.059100634148972958 0.05494791327927985 -0.054496057674546655 0.0089090030508037696
leaf_weight=5.715327903628352 5.7645091041922631 4.9676601886749259 4.0645053982734662 4.1090292409062386 3.7066910117864609
leaf_count=30 30 23 21 20 21
internal_value=0 -0.00451596 -0.015501 0.00273001 0.0329884
internal_weight=0 22.6124 16.8479 11.8802 7.7712
internal_count=145 115 85 62 42
is_linear=0
shrinkage=0.1


Tree=67
num_leaves=6
num_cat=0
split_feature=7 13 7 7 10
split_gain=0.192752 0.648409 1.08256 1.67812 0.661348
threshold=30.500000000000004 1.0000000180025095e-35 63.500000000000007 117.50000000000001 357.33333333333218
decision_type=2 2 2 2 2
left_child=-1 -2 -3 4 -4
right_child=1 2 3 -5 -6
leaf_value=0.016537487672407775 0.024905911291731045 -0.053154410858244718 -0.0038517656312942565 -0.049179115514999192 0.055443668828184835
leaf_weight=5.6826759278774288 5.7480426803231301 4.9708121418952933 3.2890339717268926 4.098497174680233 4.3938121199607849
leaf_count=30 30 23 18 20 24
internal_value=0 -0.00407465 -0.0140185 0.00249377 0.0300592
internal_weight=0 22.5002 16.7522 11.7813 7.68285
internal_count=145 115 85 62 42
is_linear=0
shrinkage=0.1


Tree=68
num_leaves=5
num_cat=0
split_feature=7 0 5 11
split_gain=0.216211 0.588121 0.980889 0.393171
threshold=96.500000000000014 0.55000000000000016 279.75243147657073 0.55000000000000004
decision_type=2 2 2 2
left_child=1 -1 -3 -2
right_child=3 2 -4 -5
leaf_value=-0.030180064037653605 -0.0070416702758568763 -0.01491035590095142 0.043503916084036004 0.034391243461157427
leaf_weight=6.5764917321503225 4.8149772658944112 7.7098043933510763 4.58366634324193 4.3679368272423744
leaf_count=35 24 37 24 25
internal_value=0 -0.0060428 0.00686962 0.0126663
internal_weight=0 18.87 12.2935 9.18291
internal_count=145 96 61 49
is_linear=0
shrinkage=0.1


Tree=69
num_leaves=5
num_cat=0
split_feature=10 11 10 10
split_gain=0.201441 0.637837 0.5744 0.982397
threshold=348.50000000000489 0.40000000000000013 600.83333333333951 382.33333333333491
decision_type=2 2 2 2
left_child=-1 -2 3 -3
right_child=1 2 -4 -5
leaf_value=0.015290875540528298 0.025581492855206441 -0.037304018720462746 -0.043971591915599365 0.022214439762113722
leaf_weight=6.6450874209404018 5.2640222311019924 4.7313296720385569 4.691798258572816 6.7008392736315727
leaf_count=35 28 22 26 34
internal_value=0 -0.00464216 -0.0145093 -0.00241793
internal_weight=0 21.388 16.124 11.4322
internal_count=145 110 82 56
is_linear=0
shrinkage=0.1


Tree=70
num_leaves=5
num_cat=0
split_feature=7 0 0 10
split_gain=0.182575 0.620509 1.00511 0.581435
threshold=36.500000000000007 0.25000000000000006 1.0500000000000003 256.16666666667157
decision_type=2 2 2 2
left_child=-1 3 -3 -2
right_child=1 2 -4 -5
leaf_value=-0.013977765478681424 0.02405885391409418 0.058375527208934241 -0.0054164081530652872 -0.026413797962842368
leaf_weight=6.9463561587035683 3.2263372689485568 4.4208463914692384 5.5968400985002518 7.800980843603611
leaf_count=36 16 27 26 40
internal_value=0 0.00471955 0.0227352 -0.0116467
internal_weight=0 21.045 10.0177 11.0273
internal_count=145 109 53 56
is_linear=0
shrinkage=0.1


Tree=71
num_leaves=5
num_cat=0
split_feature=7 13 7 7
split_gain=0.202378 0.521231 0.824589 1.46173
threshold=30.500000000000004 1.0000000180025095e-35 63.500000000000007 105.50000000000001
decision_type=2 2 2 2
left_child=-1 -2 -3 -4
right_child=1 2 3 -5
leaf_value=0.016921920695594596 0.021901578110181699 -0.047379729600230583 0.03637876273779056 -0.03472029236244812
leaf_weight=5.6835337653756168 5.6811790615320268 4.9477529376745215 5.8773438110947591 5.6920491233468056
leaf_count=30 30 23 34 28
internal_value=0 -0.00422624 -0.0132131 0.00139859
internal_weight=0 22.1983 16.5171 11.5694
internal_count=145 115 85 62
is_linear=0
shrinkage=0.1


Tree=72
num_leaves=5
num_cat=0
split_feature=0 5 7 11
split_gain=0.200572 0.896495 0.624334 0.309921
threshold=0.55000000000000016 279.75243147657073 96.500000000000014 0.55000000000000004
decision_type=2 2 2 2
left_child=2 -2 -1 -4
right_child=1 -3 3 -5
leaf_value=-0.031131057646697959 -0.01146044485153646 0.043952227067535862 -0.0076296624564331662 0.029892410710194064
leaf_weight=6.4870517402887371 7.7045383080840093 4.7011478617787361 4.7655541300773603 4.0909854136407375
leaf_count=35 37 25 24 24
internal_value=0 0.00953825 -0.00756139 0.00970242
internal_weight=0 12.4057 15.3436 8.85654
internal_count=145 62 83 48
is_linear=0
shrinkage=0.1


Tree=73
num_leaves=6
num_cat=0
split_feature=0 7 7 10 11
split_gain=0.19901 0.578623 1.69172 0.606584 1.13954
threshold=2.6500000000000017 45.500000000000007 72.500000000000014 600.83333333333951 1.0000000180025095e-35
decision_type=2 2 2 2 2
left_child=1 -1 -3 4 -4
right_child=-2 2 3 -5 -6
leaf_value=0.022398013425199294 0.020746849002897517 -0.067307462178188657 -0.013066498164422582 -0.029997153965964203 0.056584053326767775
leaf_weight=6.3673275932669702 3.9904947951436034 4.2932535111904171 5.2195640578865987 3.5862231366336337 4.2711674906313419
leaf_count=31 21 20 26 21 26
internal_value=0 -0.00338917 -0.0128419 0.00503956 0.0182787
internal_weight=0 23.7375 17.3702 13.077 9.49073
internal_count=145 124 93 73 52
is_linear=0
shrinkage=0.1


Tree=74
num_leaves=5
num_cat=0
split_feature=7 0 0 7
split_gain=0.232065 0.619811 0.785205 0.153241
threshold=36.500000000000007 0.25000000000000006 1.0500000000000003 114.50000000000001
decision_type=2 2 2 2
left_child=-1 3 -3 -2
right_child=1 2 -4 -5
leaf_value=-0.015823162746462865 -0.023859782708968717 0.055602608042351648 -0.0013622875184110261 -4.3259656305455268e-05
leaf_weight=6.8800154440104988 5.0373733304440993 4.3028369694948179 5.529046505689621 5.8262418657541275
leaf_count=36 26 27 26 30
internal_value=0 0.00537673 0.0235679 -0.0110868
internal_weight=0 20.6955 9.83188 10.8636
internal_count=145 109 53 56
is_linear=0
shrinkage=0.1


Tree=75
num_leaves=5
num_cat=0
split_feature=5 0 7 7
split_gain=0.255171 0.608336 0.446087 0.297775
threshold=193.60504920838693 1.3500000000000003 36.500000000000007 108.50000000000001
decision_type=2 2 2 2
left_child=1 3 -2 -1
right_child=2 -3 -4 -5
leaf_value=-0.018483396869015019 -0.039012463255425171 0.038997667565969105 0.0052818365260500037 0.010975792251793589
leaf_weight=6.7259184084832722 3.9255998544394952 4.4758125320076934 5.4029946699738503 7.0045573264360428
leaf_count=35 20 23 30 37
internal_value=0 0.0069816 -0.0133578 -0.00345489
internal_weight=0 18.2063 9.32859 13.7305
internal_count=145 95 50 72
is_linear=0
shrinkage=0.1


Tree=76
num_leaves=5
num_cat=0
split_feature=5 0 10 0
split_gain=0.206443 0.539135 0.622369 0.433479
threshold=193.60504920838693 0.25000000000000006 256.16666666667157 1.0500000000000003
decision_type=2 2 2 2
left_child=1 2 -1 -2
right_child=3 -3 -4 -5
leaf_value=0.028476392743284354 0.0065815809901869707 0.027802465823638489 -0.023077430769316683 -0.036960050505365695
leaf_weight=3.3575182259082847 5.3598047457635385 7.1034616269171229 7.7395715042948723 3.9874221384525299
leaf_count=17 31 38 40 19
internal_value=0 0.00629071 -0.00747939 -0.0119928
internal_weight=0 18.2006 11.0971 9.34723
internal_count=145 95 57 50
is_linear=0
shrinkage=0.1


Tree=77
num_leaves=6
num_cat=0
split_feature=10 10 10 3 10
split_gain=0.195602 1.1369 0.612746 1.18629 0.423412
threshold=466.00000000000006 684.16666666667163 382.66666666666703 412.50000000000119 256.16666666667157
decision_type=2 2 2 2 2
left_child=2 -2 3 4 -1
right_child=1 -3 -4 -5 -6
leaf_value=0.0048583421239854303 0.038355989925183215 -0.036021480938112679 -0.034715300781600351 0.044134473099710914 -0.040553913589800122
leaf_weight=4.1354505941271835 5.8356670662760717 3.172328382730484 5.2488816417753688 4.9895491711795321 4.0774982050061226
leaf_count=22 34 17 25 26 21
internal_value=0 0.0121626 -0.00581379 0.00567651 -0.0176876
internal_weight=0 9.008 18.4514 13.2025 8.21295
internal_count=145 51 94 69 43
is_linear=0
shrinkage=0.1


Tree=78
num_leaves=4
num_cat=0
split_feature=7 5 7
split_gain=0.206561 0.45869 0.377348
threshold=36.500000000000007 135.79242636746184 108.50000000000001
decision_type=2 2 2
left_child=-1 2 -2
right_child=1 -3 -4
leaf_value=-0.014942131669474133 -0.022433227942474362 0.026158792635759695 0.010859530274452717
leaf_weight=6.8555208183825043 6.7015726044774073 6.8787053711712352 6.919568557292223
leaf_count=36 35 37 37
internal_value=0 0.0051095 -0.00552044
internal_weight=0 20.4998 13.6211
internal_count=145 109 72
is_linear=0
shrinkage=0.1


Tree=79
num_leaves=5
num_cat=0
split_feature=5 0 0 11
split_gain=0.223685 0.446389 0.386755 0.00802278
threshold=193.60504920838693 0.25000000000000006 1.0500000000000003 0.55000000000000004
decision_type=2 2 2 2
left_child=1 3 -2 -1
right_child=2 -3 -4 -5
leaf_value=-0.0085509955546145319 0.0051132693455847701 0.026200433885791283 -0.036130526003695124 -0.0031442943348518751
leaf_weight=5.8488908261060768 5.3138601630926114 7.0554758310317984 3.9739495888352394 5.1707646176218987
leaf_count=29 31 38 19 28
internal_value=0 0.00656063 -0.0125336 -0.006014
internal_weight=0 18.0751 9.28781 11.0197
internal_count=145 95 50 57
is_linear=0
shrinkage=0.1


Tree=80
num_leaves=5
num_cat=0
split_feature=10 5 3 11
split_gain=0.186613 0.629665 1.07943 0.271373
threshold=616.50000000000011 228.64923747276717 412.50000000000119 1.0000000180025095e-35
decision_type=2 2 2 2
left_child=1 2 3 -1
right_child=-2 -3 -4 -5
leaf_value=-0.023514203772980746 0.016859148311152459 -0.030884743568552572 0.053765508534415654 0.0065400723529019118
leaf_weight=5.7796843573451095 5.3313216902315608 6.2380197606980792 3.7160435914993277 6.2567002922296524
leaf_count=28 32 33 18 34
internal_value=0 -0.00399492 0.00665355 -0.00789152
internal_weight=0 21.9904 15.7524 12.0364
internal_count=145 113 80 62
is_linear=0
shrinkage=0.1


Tree=81
num_leaves=5
num_cat=0
split_feature=10 11 5 11
split_gain=0.157568 0.623825 0.532933 0.399862
threshold=348.50000000000489 0.40000000000000013 279.75243147657073 2.4000000000000008
decision_type=2 2 2 2
left_child=-1 -2 3 -3
right_child=1 2 -4 -5
leaf_value=0.013675397008881283 0.026162363459297379 -0.0085340735736155748 0.007749517395107184 -0.05030650883572111
leaf_weight=6.4927957542240646 5.1162782013416317 4.5430943965911847 6.5475809611380091 4.62383072078228
leaf_count=35 28 23 37 22
internal_value=0 -0.00416621 -0.0140405 -0.0296042
internal_weight=0 20.8308 15.7145 9.16693
internal_count=145 110 82 45
is_linear=0
shrinkage=0.1


Tree=82
num_leaves=6
num_cat=0
split_feature=7 0 7 10 11
split_gain=0.170857 0.421133 1.48311 0.569105 0.853714
threshold=30.500000000000004 1.2500000000000002 72.500000000000014 600.83333333333951 1.0000000180025095e-35
decision_type=2 2 2 2 2
left_child=-1 2 -2 4 -4
right_child=1 -3 3 -5 -6
leaf_value=0.015643167795559791 -0.063669286847466033 0.022428727350960811 -0.0085557771853499495 -0.029075910544000175 0.052288567527900613
leaf_weight=5.5975068397820023 4.1017317324876847 4.7299648970365515 5.2340538799762708 3.487942472100257 4.1223139874637127
leaf_count=30 19 23 26 21 26
internal_value=0 -0.00395432 -0.0113183 0.00539954 0.0182516
internal_weight=0 21.676 16.946 12.8443 9.35637
internal_count=145 115 92 73 52
is_linear=0
shrinkage=0.1


Tree=83
num_leaves=5
num_cat=0
split_feature=7 0 0 7
split_gain=0.153408 0.415808 0.726883 0.0553871
threshold=36.500000000000007 0.25000000000000006 1.0500000000000003 114.50000000000001
decision_type=2 2 2 2
left_child=-1 3 -3 -2
right_child=1 2 -4 -5
leaf_value=-0.012909457233080311 -0.016693618167712462 0.05099185284124215 -0.0045359281961720324 -0.0023164367778525435
leaf_weight=6.8181503526866463 5.0600216537714022 4.163673132658003 5.4343887269496918 5.6957285478711128
leaf_count=36 26 27 26 30
internal_value=0 0.00442175 0.0195522 -0.00908015
internal_weight=0 20.3538 9.59806 10.7558
internal_count=145 109 53 56
is_linear=0
shrinkage=0.1


Tree=84
num_leaves=5
num_cat=0
split_feature=10 10 11 10
split_gain=0.170514 0.536524 0.314082 0.239996
threshold=616.50000000000011 399.00000000000369 1.5000000000000002 268.83333333332854
decision_type=2 2 2 2
left_child=1 2 3 -1
right_child=-2 -3 -4 -5
leaf_value=-0.021788537866295029 0.01617855944151133 -0.028093259106240377 0.024215920765064281 0.010171872944370584
leaf_weight=4.4949901588261181 5.2924149744212619 6.4290124624967566 5.9835160598158827 4.9224922060966492
leaf_count=23 32 33 33 24
internal_value=0 -0.00382885 0.00630011 -0.00508292
internal_weight=0 21.83 15.401 9.41748
internal_count=145 113 80 47
is_linear=0
shrinkage=0.1


Tree=85
num_leaves=5
num_cat=0
split_feature=10 11 7 11
split_gain=0.15416 0.565793 0.834515 1.38506
threshold=348.50000000000489 0.40000000000000013 66.500000000000014 2.4000000000000008
decision_type=2 2 2 2
left_child=-1 -2 3 -3
right_child=1 2 -4 -5
leaf_value=0.013584666749756044 0.024871527312349772 0.038225135003534444 -0.04547267995077018 -0.035333407494334571
leaf_weight=6.4402700550854233 5.077960733324292 5.3714065030217153 5.373917654156684 4.8902984336018562
leaf_count=35 28 28 31 23
internal_value=0 -0.00412956 -0.0135482 0.00317022
internal_weight=0 20.7136 15.6356 10.2617
internal_count=145 110 82 51
is_linear=0
shrinkage=0.1


Tree=86
num_leaves=6
num_cat=0
split_feature=10 5 3 7 10
split_gain=0.184274 0.485893 0.975167 0.488499 0.390729
threshold=466.00000000000006 346.36363636363666 412.50000000000119 96.500000000000014 659.66666666667163
decision_type=2 2 2 2 2
left_child=1 2 3 -1 -2
right_child=4 -3 -4 -5 -6
leaf_value=-0.03533839684705023 0.029807405740799708 -0.036064138440108875 0.042173403936329706 0.0095167283371293612 -0.012738916149623233
leaf_weight=5.2331406176090294 5.1303532831370813 4.0834479704499236 4.4003512784838668 4.529392272233963 3.7262406647205353
leaf_count=27 31 23 21 23 20
internal_value=0 -0.00567314 0.0030892 -0.0145276 0.0119069
internal_weight=0 18.2463 14.1629 9.76253 8.85659
internal_count=145 94 71 50 51
is_linear=0
shrinkage=0.1


Tree=87
num_leaves=5
num_cat=0
split_feature=10 7 11 10
split_gain=0.152268 0.705055 0.510389 0.28398
threshold=616.50000000000011 39.500000000000007 1.0000000180025095e-35 357.33333333333218
decision_type=2 2 2 2
left_child=1 -1 -3 -4
right_child=-2 2 3 -5
leaf_value=-0.031249828436315089 0.015398058346964907 -0.014835371396743872 0.0012204628314841203 0.036703270485748118
leaf_weight=6.4837245941162172 5.2313446663320056 5.9565075486898413 3.7486984357237798 5.6627670973539352
leaf_count=32 32 29 23 29
internal_value=0 -0.00359538 0.008072 0.02257
internal_weight=0 21.8517 15.368 9.41147
internal_count=145 113 81 52
is_linear=0
shrinkage=0.1


Tree=88
num_leaves=5
num_cat=0
split_feature=7 13 7 7
split_gain=0.207141 0.395584 0.875126 1.53765
threshold=30.500000000000004 1.0000000180025095e-35 63.500000000000007 117.50000000000001
decision_type=2 2 2 2
left_child=-1 -2 -3 -4
right_child=1 2 3 -5
leaf_value=0.01718203363911544 0.018740579893942219 -0.048389903237922832 0.029787126545322635 -0.047907238747995726
leaf_weight=5.6097864247858551 5.497984111309056 4.7408267855644199 7.3437114693224412 3.9001033306121826
leaf_count=30 30 23 42 20
internal_value=0 -0.00439741 -0.0123558 0.00283755
internal_weight=0 21.4826 15.9846 11.2438
internal_count=145 115 85 62
is_linear=0
shrinkage=0.1


Tree=89
num_leaves=5
num_cat=0
split_feature=7 3 0 10
split_gain=0.168675 0.34423 0.412656 0.173758
threshold=30.500000000000004 696.99999999999523 0.25000000000000006 357.33333333333218
decision_type=2 2 2 2
left_child=-1 2 3 -2
right_child=1 -3 -4 -5
leaf_value=0.01554994304271505 0.0058505332657062823 -0.025174229877666956 0.027388142939300031 -0.019599439678270936
leaf_weight=5.5803434066474464 5.1487158089876193 5.6386048942804328 4.9895875640213481 5.6010901816189289
leaf_count=30 25 32 27 31
internal_value=0 -0.00397359 0.00362149 -0.00740995
internal_weight=0 21.378 15.7394 10.7498
internal_count=145 115 83 56
is_linear=0
shrinkage=0.1


Tree=90
num_leaves=6
num_cat=0
split_feature=7 10 11 10 11
split_gain=0.162166 0.408713 0.682029 0.283478 0.072074
threshold=96.500000000000014 446.00000000000006 2.2500000000000013 357.33333333333218 0.75000000000000011
decision_type=2 2 2 2 2
left_child=1 2 4 -2 -1
right_child=3 -3 -4 -5 -6
leaf_value=-0.041403308348617177 0.031875271397346402 0.019420672647444404 0.01498606322090623 -0.00458196987349219 -0.022837733258421627
leaf_weight=4.0293725542724186 3.7831488996744138 4.8977347724139682 4.9719180092215529 4.8891458176076412 4.3468124344944954
leaf_count=20 19 28 25 30 23
internal_value=0 -0.00528745 -0.0143534 0.0113219 -0.0317687
internal_weight=0 18.2458 13.3481 8.67229 8.37618
internal_count=145 96 68 49 43
is_linear=0
shrinkage=0.1


Tree=91
num_leaves=5
num_cat=0
split_feature=0 3 5 11
split_gain=0.19964 0.730008 0.339178 0.0191282
threshold=1.0500000000000003 771.16666666667118 193.60504920838693 1.0000000180025095e-35
decision_type=2 2 2 2
left_child=1 3 -2 -1
right_child=2 -3 -4 -5
leaf_value=-0.00031875700866978844 0.0056202638482155702 0.045441617058213382 -0.033977279550240332 -0.0076063303767450741
leaf_weight=6.8393411897122913 4.7611878588795644 3.7346273474395266 3.9642790481448174 7.6084482446312904
leaf_count=36 25 23 19 42
internal_value=0 0.00603083 -0.0123703 -0.00415652
internal_weight=0 18.1824 8.72547 14.4478
internal_count=145 101 44 78
is_linear=0
shrinkage=0.1


Tree=92
num_leaves=5
num_cat=0
split_feature=0 3 11 11
split_gain=0.161906 0.599577 0.224912 0.0154538
threshold=1.0500000000000003 771.16666666667118 3.0000000000000013 1.0000000180025095e-35
decision_type=2 2 2 2
left_child=1 3 -2 -1
right_child=2 -3 -4 -5
leaf_value=-0.00028686859927327637 0.0030618279099530908 0.041426586889076779 -0.029293166747198819 -0.0068347822445988891
leaf_weight=6.8395934030413681 4.8972350284457189 3.6893946602940551 3.8277608305215836 7.6199574805796146
leaf_count=36 23 23 21 42
internal_value=0 0.00544363 -0.0111327 -0.00373752
internal_weight=0 18.1489 8.725 14.4596
internal_count=145 101 44 78
is_linear=0
shrinkage=0.1


Tree=93
num_leaves=5
num_cat=0
split_feature=10 0 0 10
split_gain=0.134787 0.400906 0.766681 0.348513
threshold=348.50000000000489 1.6500000000000006 0.55000000000000016 600.83333333333951
decision_type=2 2 2 2
left_child=-1 2 3 -2
right_child=1 -3 -4 -5
leaf_value=0.012715614247533003 0.0030257201475667791 -0.026510532400462746 0.03551175864133168 -0.036257442063935309
leaf_weight=6.4068975225091007 5.8599072583019751 5.6702082157135001 5.2364721484482279 3.6746479421854019
leaf_count=35 33 28 27 22
internal_value=0 -0.00390714 0.0047697 -0.0121141
internal_weight=0 20.4412 14.771 9.53456
internal_count=145 110 82 55
is_linear=0
shrinkage=0.1


Tree=94
num_leaves=6
num_cat=0
split_feature=5 7 7 10 7
split_gain=0.183297 0.333992 0.302244 0.291664 0.586218
threshold=193.60504920838693 51.500000000000007 36.500000000000007 256.16666666667157 120.50000000000001
decision_type=2 2 2 2 2
left_child=1 -1 -2 -3 -5
right_child=2 3 -4 4 -6
leaf_value=0.029487335431744623 -0.032846649452479525 0.023704715481646516 0.0041066079215817354 0.0069779551109980069 -0.044269765879131458
leaf_weight=4.5056264549493852 3.8317817561328393 3.2987864315509787 5.2403850369155407 6.4965210892260057 3.400392971932888
leaf_count=23 20 18 30 35 19
internal_value=0 0.00597998 -0.0115012 -0.00204653 -0.0106298
internal_weight=0 17.7013 9.07217 13.1957 9.89691
internal_count=145 95 50 72 54
is_linear=0
shrinkage=0.1


Tree=95
num_leaves=6
num_cat=0
split_feature=7 10 5 3 7
split_gain=0.202377 0.902594 0.438039 0.251406 0.155799
threshold=126.50000000000001 268.83333333332854 193.60504920838693 771.16666666667118 90.500000000000014
decision_type=2 2 2 2 2
left_child=1 -1 4 -4 -3
right_child=-2 2 3 -5 -6
leaf_value=-0.046827116091295258 0.022606663991315994 0.029696362355810687 -0.029743891881135461 0.0039251014641716129 0.0042768159653202818
leaf_weight=3.9544077813625398 3.4620560929179183 6.2430168762803095 3.8472715951502305 5.2361601144075394 3.9283854849636555
leaf_count=22 19 33 18 32 21
internal_value=0 -0.00331153 0.00562537 -0.0103353 0.0198789
internal_weight=0 23.2092 19.2548 9.08343 10.1714
internal_count=145 126 104 50 54
is_linear=0
shrinkage=0.1


Tree=96
num_leaves=6
num_cat=0
split_feature=10 11 10 3 10
split_gain=0.15781 0.550354 0.474768 0.891354 0.344935
threshold=466.00000000000006 0.75000000000000011 382.66666666666703 412.50000000000119 219.33333333333943
decision_type=2 2 2 2 2
left_child=2 -2 3 4 -1
right_child=1 -3 -4 -5 -6
leaf_value=0.0084608811124734836 0.03374029556801024 -0.017174680179604038 -0.030909062300055769 0.038978482522838892 -0.033199805863944769
leaf_weight=3.4871840998530441 4.7963846996426565 3.8089406676590443 5.1550447456538668 4.8314941301941863 4.6209429055452347
leaf_count=19 28 23 25 26 24
internal_value=0 0.011204 -0.00524591 0.00497809 -0.0152822
internal_weight=0 8.60533 18.0947 12.9396 8.10813
internal_count=145 51 94 69 43
is_linear=0
shrinkage=0.1


Tree=97
num_leaves=6
num_cat=0
split_feature=7 7 11 4 11
split_gain=0.155095 0.296895 0.496042 0.460881 0.244145
threshold=96.500000000000014 30.500000000000004 1.5000000000000002 1.0000000180025095e-35 0.55000000000000004
decision_type=2 2 2 2 2
left_child=1 -1 3 -3 -2
right_child=4 2 -4 -5 -6
leaf_value=0.014181405854182162 -0.0043998552911919545 -0.0037900989992035623 0.012574346868246659 -0.051779274227265595 0.02948243523918026
leaf_weight=5.5072482787072721 4.6357193067669851 3.8616895675659162 4.5870257876813403 4.1539812013506889 3.9292826093733311
leaf_count=30 24 22 25 19 25
internal_value=0 -0.00518759 -0.0136516 -0.0286596 0.011144
internal_weight=0 18.1099 12.6027 8.01567 8.565
internal_count=145 96 66 41 49
is_linear=0
shrinkage=0.1


Tree=98
num_leaves=6
num_cat=0
split_feature=0 3 10 10 10
split_gain=0.170052 0.604776 0.419006 0.284861 0.51751
threshold=1.0500000000000003 771.16666666667118 382.33333333333036 466.00000000000006 256.16666666667157
decision_type=2 2 2 2 2
left_child=1 3 -2 4 -1
right_child=2 -3 -4 -5 -6
leaf_value=0.014607218471612461 0.012315247834878185 0.041969939473283258 -0.031849402475662578 0.015311690351705402 -0.033621739492814488
leaf_weight=3.7345962002873474 3.9882959350943548 3.6443925984203807 4.6559973880648613 5.1035670116543761 5.5035941377282143
leaf_count=20 21 23 23 30 28
internal_value=0 0.00559379 -0.0114728 -0.00364977 -0.0141249
internal_weight=0 17.9861 8.64429 14.3418 9.23819
internal_count=145 101 44 78 48
is_linear=0
shrinkage=0.1


Tree=99
num_leaves=5
num_cat=0
split_feature=7 5 11 7
split_gain=0.130624 0.362881 0.284809 0.050006
threshold=36.500000000000007 279.75243147657073 0.75000000000000011 126.50000000000001
decision_type=2 2 2 2
left_child=-1 2 3 -2
right_child=1 -3 -4 -5
leaf_value=-0.012060227958734701 0.0019440873358712665 0.03120536776964445 -0.021908402412585723 0.016513124629773546
leaf_weight=6.6680356971919563 7.3208965510129946 3.9602096043527117 5.1713499426841727 3.4738214910030365
leaf_count=36 40 24 26 19
internal_value=0 0.00410914 -0.00261178 0.00663251
internal_weight=0 19.9263 15.9661 10.7947
internal_count=145 109 85 59
is_linear=0
shrinkage=0.1


end of trees

feature_importances:
taskNum=116
s_view_position=103
scroll_time=68
response_time=67
s_scroll_speed=50
scroll_length=32
event_scroll=6
s_choice_left=6

parameters:
[boosting: gbdt]
[objective: binary]
[metric: binary_error]
[tree_learner: serial]
[device_type: cpu]
[data_sample_strategy: bagging]
[data: ]
[valid: ]
[num_iterations: 100]
[learning_rate: 0.1]
[num_leaves: 31]
[num_threads: 0]
[seed: 0]
[deterministic: 0]
[force_col_wise: 0]
[force_row_wise: 0]
[histogram_pool_size: -1]
[max_depth: -1]
[min_data_in_leaf: 20]
[min_sum_hessian_in_leaf: 0.001]
[bagging_fraction: 1]
[pos_bagging_fraction: 1]
[neg_bagging_fraction: 1]
[bagging_freq: 0]
[bagging_seed: 3]
[feature_fraction: 0.6]
[feature_fraction_bynode: 1]
[feature_fraction_seed: 2]
[extra_trees: 0]
[extra_seed: 6]
[early_stopping_round: 0]
[first_metric_only: 0]
[max_delta_step: 0]
[lambda_l1: 0]
[lambda_l2: 0]
[linear_lambda: 0]
[min_gain_to_split: 0]
[drop_rate: 0.1]
[max_drop: 50]
[skip_drop: 0.5]
[xgboost_dart_mode: 0]
[uniform_drop: 0]
[drop_seed: 4]
[top_rate: 0.2]
[other_rate: 0.1]
[min_data_per_group: 100]
[max_cat_threshold: 32]
[cat_l2: 10]
[cat_smooth: 10]
[max_cat_to_onehot: 4]
[top_k: 20]
[monotone_constraints: ]
[monotone_constraints_method: basic]
[monotone_penalty: 0]
[feature_contri: ]
[forcedsplits_filename: ]
[refit_decay_rate: 0.9]
[cegb_tradeoff: 1]
[cegb_penalty_split: 0]
[cegb_penalty_feature_lazy: ]
[cegb_penalty_feature_coupled: ]
[path_smooth: 0]
[interaction_constraints: ]
[verbosity: -1]
[saved_feature_importance_type: 0]
[use_quantized_grad: 0]
[num_grad_quant_bins: 4]
[quant_train_renew_leaf: 0]
[stochastic_rounding: 1]
[linear_tree: 0]
[max_bin: 255]
[max_bin_by_feature: ]
[min_data_in_bin: 3]
[bin_construct_sample_cnt: 200000]
[data_random_seed: 1]
[is_enable_sparse: 1]
[enable_bundle: 1]
[use_missing: 1]
[zero_as_missing: 0]
[feature_pre_filter: 0]
[pre_partition: 0]
[two_round: 0]
[header: 0]
[label_column: ]
[weight_column: ]
[group_column: ]
[ignore_column: ]
[categorical_feature: ]
[forcedbins_filename: ]
[precise_float_parser: 0]
[parser_config_file: ]
[objective_seed: 5]
[num_class: 1]
[is_unbalance: 0]
[scale_pos_weight: 1]
[sigmoid: 1]
[boost_from_average: 1]
[reg_sqrt: 0]
[alpha: 0.9]
[fair_c: 1]
[poisson_max_delta_step: 0.7]
[tweedie_variance_power: 1.5]
[lambdarank_truncation_level: 30]
[lambdarank_norm: 1]
[label_gain: ]
[lambdarank_position_bias_regularization: 0]
[eval_at: ]
[multi_error_top_k: 1]
[auc_mu_weights: ]
[num_machines: 1]
[local_listen_port: 12400]
[time_out: 120]
[machine_list_filename: ]
[machines: ]
[gpu_platform_id: -1]
[gpu_device_id: -1]
[gpu_use_dp: 0]
[num_gpu: 1]

end of parameters

pandas_categorical:[]
