tree
version=v4
num_class=1
num_tree_per_iteration=1
label_index=0
max_feature_idx=14
objective=binary sigmoid:1
feature_names=response_time s_tap_count ratio_tap_position_y scroll_length event_scroll s_scroll_speed tap_position_x taskNum tap_position_y screen_width s_view_position scroll_time ratio_tap_position_x s_choice_left screen_height
feature_infos=[0.10000000000000001:7.6999999999999869] [1:1] none [0:1530] [0:6] [-1719.9999999999984:1911.6666666666704] none [1:49] none [390:390] [-343.99999999999989:756.66666666666788] [-0.10000000000000009:10.999999999999993] none [0:1] [844:844]
tree_sizes=1024 932 931 934 942 1032 935 1042 839 940 844 849 1048 824 950 940 942 940 945 946 949 1056 1053 1054 951 948 851 850 953 1055 852 1059 949 845 951 1055 838 851 858 1039 960 843 852 958 961 957 942 851 845 1050 948 837 951 1051 963 959 953 955 964 962 859 858 857 967 1059 966 959 852 964 967 1047 1069 857 966 1065 1068 1071 970 968 845 1069 968 1157 864 972 858 1074 968 1070 967 866 973 968 1082 863 1073 976 869 1058 977

Tree=0
num_leaves=9
num_cat=0
split_feature=3 5 5 5 3 5 10 3
split_gain=3.63227 4.85862 3.57026 4.51391 1.12848 0.855971 0.655353 0.655353
threshold=1250.9999999999984 151.66129898013955 351.49621212121195 781.33333333333405 196.00000000000003 928.86904761904782 382.66666666666703 491.66666666666703
decision_type=2 2 2 2 2 2 2 2
left_child=1 4 6 -4 -1 -5 -3 -6
right_child=-2 2 3 5 7 -7 -8 -9
leaf_value=0.78564756552581572 0.78564756552581538 0.52083138753918279 0.78564756552581538 0.60910344686806028 0.60910344686806028 0.49140736776289018 0.41784731832215882 0.71208751608508414
leaf_weight=1.1328613013029083 1.3594335615634925 1.1328613013029101 1.1328613013029101 1.1328613013029101 1.1328613013029101 1.3594335615634916 1.3594335615634916 1.3594335615634916
leaf_count=5 6 5 5 5 5 6 6 6
internal_value=0.632523 0.611156 0.556794 0.620137 0.702893 0.544906 0.464658 0.665277
internal_weight=0 9.74261 6.11745 3.62516 3.62516 2.49229 2.49229 2.49229
internal_count=49 43 27 16 16 11 11 11
is_linear=0
shrinkage=1


Tree=1
num_leaves=8
num_cat=0
split_feature=7 3 5 0 11 7 10
split_gain=3.6069 4.13105 3.2482 3.08117 2.02563 3.22478 1.70554
threshold=6.5000000000000009 1250.9999999999984 120.07713884992931 2.7500000000000013 1.5500000000000003 30.500000000000004 382.66666666666703
decision_type=2 2 2 2 2 2 2
left_child=-1 2 6 4 5 -4 -2
right_child=1 -3 3 -5 -6 -7 -8
leaf_value=0.15327540472920159 -0.029118085406998839 0.1455824409109758 0.013255344695530051 -0.20046137989718399 0.041607405425107158 -0.20236349955249699 0.14699625944210848
leaf_weight=1.3524276465177543 1.1130300611257538 1.2904192507266987 1.3852226883172991 1.6533322930335996 1.7954190373420713 1.3892953842878339 1.0868218094110487
leaf_count=6 5 6 6 7 8 6 5
internal_value=0 -0.0210321 -0.0465573 -0.0834782 -0.0411556 -0.0947123 0.05789
internal_weight=0 9.71354 8.42312 6.22327 4.56994 2.77452 2.19985
internal_count=49 43 37 27 20 12 10
is_linear=0
shrinkage=0.1


Tree=2
num_leaves=8
num_cat=0
split_feature=7 5 0 11 0 7 7
split_gain=3.06636 1.45198 6.44662 3.16631 2.19134 1.09009 0.42376
threshold=6.5000000000000009 151.66129898013955 2.7500000000000013 1.5500000000000003 2.7500000000000013 30.500000000000004 24.500000000000004
decision_type=2 2 2 2 2 2 2
left_child=-1 4 3 5 -2 -3 -5
right_child=1 2 -4 6 -6 -7 -8
leaf_value=0.1457508375533689 -0.029108416878367224 0.011975543167104226 -0.22873503234366876 0.057076280760200604 0.15153292206424121 -0.10533772673202504 0.14577323357239272
leaf_weight=1.2835576087236411 1.7126964479684814 1.3802089989185335 1.4756649732589719 1.0856958329677584 1.1046963483095167 1.858823239803314 1.0690138041973112
leaf_count=6 8 6 6 5 5 8 5
internal_value=0 -0.0187334 -0.0435279 0.00714265 0.0417208 -0.0553485 0.101081
internal_weight=0 9.6868 6.86941 5.39374 2.81739 3.23903 2.15471
internal_count=49 43 30 24 13 14 10
is_linear=0
shrinkage=0.1


Tree=3
num_leaves=8
num_cat=0
split_feature=3 3 0 3 5 0 3
split_gain=2.55843 2.83956 2.45489 2.49774 2.72936 1.75097 0.0388888
threshold=1250.9999999999984 196.00000000000003 0.55000000000000016 798.33333333333303 151.66129898013955 2.7500000000000013 847.00000000000466
decision_type=2 2 2 2 2 2 2
left_child=1 -1 -3 4 -4 -6 -5
right_child=-2 2 3 6 5 -7 -8
leaf_value=0.14094930478218104 0.13851300970812391 -0.16838019820135042 0.040422056378408774 0.081823326567622243 -0.050226086635416167 -0.20315616986732055 0.056226885401427652
leaf_weight=1.0240256190299977 1.1974176317453391 1.1923283636569957 1.9058044701814649 1.310797303915024 1.869145140051842 1.2489277124404905 1.084772929549217
leaf_count=5 6 5 9 6 8 5 5
internal_value=0 -0.0164753 -0.0351946 -0.0137913 -0.0538569 -0.111481 0.0702326
internal_weight=0 9.6358 8.61178 7.41945 5.02388 3.11807 2.39557
internal_count=49 43 38 33 22 13 11
is_linear=0
shrinkage=0.1


Tree=4
num_leaves=8
num_cat=0
split_feature=7 3 5 11 7 5 0
split_gain=2.46798 2.85337 1.90562 2.45031 1.88145 0.783018 0.000840071
threshold=6.5000000000000009 1250.9999999999984 120.07713884992931 2.7499999999999996 36.500000000000007 781.33333333333405 1.6500000000000006
decision_type=2 2 2 2 2 2 2
left_child=-1 2 6 4 5 -4 -2
right_child=1 -3 3 -5 -6 -7 -8
leaf_value=0.13735701466614378 0.048931614914499696 0.13355189839272238 0.00098223554647691919 -0.16730554778735937 0.076337689706851494 -0.10115789181491726 0.044901821770692928
leaf_weight=1.1763511002063758 1.0388405025005325 1.1216086745262135 1.1459643244743349 1.674931615591049 1.2912662327289579 2.1751885414123535 1.0304313004016874
leaf_count=6 5 6 5 7 6 9 5
internal_value=0 -0.0162131 -0.0363143 -0.0637097 -0.0260903 -0.0659144 0.0469249
internal_weight=0 9.47823 8.35662 6.28735 4.61242 3.32115 2.06927
internal_count=49 43 37 27 20 14 10
is_linear=0
shrinkage=0.1


Tree=5
num_leaves=9
num_cat=0
split_feature=7 3 3 11 5 7 7 3
split_gain=2.13554 1.8808 2.57794 1.32544 2.21846 2.21465 3.18356 2.21801
threshold=6.5000000000000009 196.00000000000003 412.50000000000119 2.7499999999999996 151.66129898013955 36.500000000000007 30.500000000000004 771.16666666667118
decision_type=2 2 2 2 2 2 2 2
left_child=-1 -2 -3 5 -5 6 7 -4
right_child=1 2 3 4 -6 -7 -8 -9
leaf_value=0.13259439109697257 0.13525332844289101 -0.16518633031474261 -0.037495956728712997 0.045172189015768027 -0.14961777475669766 0.14154583392309072 -0.15029983401446356 0.14651068805618575
leaf_weight=1.1006386131048209 0.7683306634426107 1.1822515577077846 1.4268572181463248 1.0119053125381472 1.3848412483930586 1.1996366828680036 1.1855714619159696 1.2111235707998274
leaf_count=6 4 5 6 5 6 6 5 6
internal_value=0 -0.014653 -0.0280423 -0.00619053 -0.0673775 0.023004 -0.0141884 0.0469833
internal_weight=0 9.37052 8.60219 7.41994 2.39675 5.02319 3.82355 2.63798
internal_count=49 43 39 34 11 23 17 12
is_linear=0
shrinkage=0.1


Tree=6
num_leaves=8
num_cat=0
split_feature=7 10 5 0 0 5 7
split_gain=1.85558 2.34183 0.88435 2.982 1.9693 1.10263 0.753968
threshold=6.5000000000000009 624.16666666666617 151.66129898013955 2.7500000000000013 2.7500000000000013 781.33333333333405 30.500000000000004
decision_type=2 2 2 2 2 2 2
left_child=-1 2 3 -2 5 -4 -7
right_child=1 -3 4 -5 -6 6 -8
leaf_value=0.12857199987072671 -0.087528497365251798 0.092962546496231924 0.035424459113849588 0.14361570727879749 -0.17187392091467224 -0.011448352229756141 -0.12488975376409256
leaf_weight=1.0254318714141852 1.2577612102031692 1.6935580670833585 1.6865349262952802 1.0034015476703642 1.2064808905124662 1.1242097318172457 1.2235149592161176
leaf_count=6 6 9 8 5 5 5 5
internal_value=0 -0.0132501 -0.0372277 0.0150428 -0.0597803 -0.0262577 -0.0705683
internal_weight=0 9.19546 7.5019 2.26116 5.24074 4.03426 2.34772
internal_count=49 43 34 11 23 18 10
is_linear=0
shrinkage=0.1


Tree=7
num_leaves=9
num_cat=0
split_feature=7 3 3 3 3 7 5 7
split_gain=1.62142 1.59681 2.11345 1.10103 0.95612 0.698122 1.72591 0.677529
threshold=6.5000000000000009 196.00000000000003 798.33333333333303 1250.9999999999984 412.50000000000119 18.500000000000004 781.33333333333405 36.500000000000007
decision_type=2 2 2 2 2 2 2 2
left_child=-1 -2 4 7 -3 -6 -7 -4
right_child=1 2 3 -5 5 6 -8 -9
leaf_value=0.12514480336324535 0.13123474795306711 -0.14308203933025365 -0.046350410034163202 0.12686615839485671 -0.10162430540505384 0.082664278908052641 -0.082145141445536252 0.063521410216928212
leaf_weight=0.95193877816200334 0.71608178317546745 1.1958201378583888 1.3222297728061683 0.98045091331005085 1.2649211734533312 1.1181743592023852 1.4717233628034589 0.97518655657768238
leaf_count=6 4 5 6 6 6 5 6 5
internal_value=0 -0.0120612 -0.0243818 0.0381484 -0.0649639 -0.0407305 -0.0109896 0.000286989
internal_weight=0 9.04459 8.32851 3.27787 5.05064 3.85482 2.5899 2.29742
internal_count=49 43 39 17 22 17 11 11
is_linear=0
shrinkage=0.1


Tree=8
num_leaves=7
num_cat=0
split_feature=10 5 0 5 5 3
split_gain=1.20651 1.17561 2.45567 1.26442 1.24432 0.236199
threshold=624.16666666666617 151.66129898013955 2.7500000000000013 254.70114942528883 781.33333333333405 798.33333333333303
decision_type=2 2 2 2 2 2
left_child=1 2 -1 -3 -5 -6
right_child=-2 3 -4 4 5 -7
leaf_value=-0.053438465688817077 0.081783577228405818 -0.11099703421510487 0.13377548179267504 0.076290206916923051 -0.073614293577669257 -0.010801733324753544
leaf_weight=1.4281795024871811 1.5577516555786139 1.760700389742851 1.3753636032342909 1.1873093694448473 1.4776717424392702 1.0064041912555692
leaf_count=7 9 8 8 6 6 5
internal_value=0 -0.014186 0.038405 -0.0413287 -0.00791761 -0.0481663
internal_weight=0 8.23563 2.80354 5.43209 3.67139 2.48408
internal_count=49 40 15 25 17 11
is_linear=0
shrinkage=0.1


Tree=9
num_leaves=8
num_cat=0
split_feature=3 3 10 0 3 3 0
split_gain=1.31281 1.58778 0.946338 0.82915 0.552852 1.68934 1.04882
threshold=196.00000000000003 798.33333333333303 624.16666666666617 1.3500000000000003 412.50000000000119 697.66666666666674 1.6500000000000006
decision_type=2 2 2 2 2 2 2
left_child=-1 4 3 -3 -2 -6 -7
right_child=1 2 -4 -5 5 6 -8
leaf_value=0.12585146762689431 -0.099826418630745997 -0.045259272215621357 0.12734706393140535 0.070240964649954246 0.081618253376409738 -0.019334968524809357 -0.14231077830122171
leaf_weight=0.77550411224365312 1.3243884146213512 1.2856456488370902 0.96244864165782917 1.2032334879040716 1.0822331905364988 1.9025081396102907 1.091366186738014
leaf_count=5 6 6 6 7 6 8 5
internal_value=0 -0.00983788 0.043141 0.0105786 -0.0436954 -0.0254577 -0.0641637
internal_weight=0 8.85182 3.45133 2.48888 5.4005 4.07611 2.99387
internal_count=49 44 19 13 25 19 13
is_linear=0
shrinkage=0.1


Tree=10
num_leaves=7
num_cat=0
split_feature=7 10 7 7 7 5
split_gain=1.31296 1.18081 0.678115 2.43785 1.40451 1.59296
threshold=6.5000000000000009 624.16666666666617 30.500000000000004 36.500000000000007 24.500000000000004 151.66129898013955
decision_type=2 2 2 2 2 2
left_child=-1 2 4 -4 5 -2
right_child=1 -3 3 -5 -6 -7
leaf_value=0.12107564819286275 0.053341183166147471 0.073567201081583752 -0.17264924159776895 0.010028683028749083 0.086808346899905464 -0.098801532720013144
leaf_weight=0.83204142749309618 1.1319302320480331 1.4002341479063032 1.2126963138580324 1.8373300880193708 1.2764837294816969 1.7554382830858228
leaf_count=6 6 9 5 9 6 8
internal_value=0 -0.0104695 -0.0267813 -0.0626044 -0.000540858 -0.0391573
internal_weight=0 8.61411 7.21388 3.05003 4.16385 2.88737
internal_count=49 43 34 14 20 14
is_linear=0
shrinkage=0.1


Tree=11
num_leaves=7
num_cat=0
split_feature=7 10 13 7 7 7
split_gain=1.09182 1.08513 0.540349 0.601627 1.49277 1.4047
threshold=9.5000000000000018 624.16666666666617 1.0000000180025095e-35 30.500000000000004 36.500000000000007 24.500000000000004
decision_type=2 2 2 2 2 2
left_child=-1 2 -2 5 -5 -4
right_child=1 -3 3 4 -6 -7
leaf_value=0.086196977128334462 0.029590282161798594 0.068808444195235213 -0.06635087625220526 -0.16120649692480282 -0.00062297976202159509 0.075264517942984499
leaf_weight=1.2949762344360349 1.2482014149427412 1.3500506952404974 1.8948689773678782 1.1709939092397692 1.1448386311531065 1.1111639291048048
leaf_count=9 6 9 9 5 6 5
internal_value=0 -0.0128471 -0.0296261 -0.0435148 -0.0818216 -0.0140035
internal_weight=0 7.92012 6.57007 5.32187 2.31583 3.00603
internal_count=49 40 31 25 11 14
is_linear=0
shrinkage=0.1


Tree=12
num_leaves=9
num_cat=0
split_feature=7 11 10 5 10 7 5 10
split_gain=0.923244 1.56633 1.6346 1.4185 0.532511 0.524492 0.0140148 0.0118219
threshold=9.5000000000000018 2.7499999999999996 382.33333333333491 781.33333333333405 350.50000000000051 18.500000000000004 928.86904761904782 505.16666666666612
decision_type=2 2 2 2 2 2 2 2
left_child=-1 2 4 7 -2 -3 -5 -4
right_child=1 5 3 6 -6 -7 -8 -9
leaf_value=0.081089771811813413 -0.0014006203550084645 -0.028411654957298339 0.1350941773784132 0.0090754065553751637 -0.10046288281381066 -0.12956859156178063 -0.0077755582440479547 0.11734696976209778
leaf_weight=1.2417231276631353 1.042892709374428 0.9026071056723598 0.951157405972481 1.0006874352693556 1.1312587112188337 1.1861340999603269 0.97390370070934285 0.62000548094511032
leaf_count=9 5 5 5 5 5 5 5 5
internal_value=0 -0.0117408 0.0153237 0.0571841 -0.0529449 -0.0858557 0.000764209 0.128091
internal_weight=0 7.80865 5.71991 3.54575 2.17415 2.08874 1.97459 1.57116
internal_count=49 40 30 20 10 10 10 10
is_linear=0
shrinkage=0.1


Tree=13
num_leaves=7
num_cat=0
split_feature=7 7 0 0 7 7
split_gain=0.873072 1.31749 0.698708 0.560242 0.664464 0.588914
threshold=30.500000000000004 36.500000000000007 2.3000000000000012 4.75 15.500000000000002 24.500000000000004
decision_type=2 2 2 2 2 2
left_child=3 -2 -3 4 -1 -6
right_child=1 2 -4 -5 5 -7
leaf_value=0.11765854661174142 -0.11929701442439754 0.06331429898614814 -0.04507756219041225 -0.027272833157833878 -0.016528142748213865 0.0753271360094694
leaf_weight=0.98538430780172381 1.2597373723983767 1.1477849632501604 1.2341716885566709 1.3881049007177351 1.645668298006058 1.2120516598224638
leaf_count=8 6 7 6 8 8 6
internal_value=0 -0.0365888 0.00715284 0.0271795 0.0468474 0.0224307
internal_weight=0 3.64169 2.38196 5.23121 3.8431 2.85772
internal_count=49 19 13 30 22 14
is_linear=0
shrinkage=0.1


Tree=14
num_leaves=8
num_cat=0
split_feature=3 5 11 5 5 5 5
split_gain=0.825663 1.04183 0.863016 0.325759 0.280132 0.226039 0.00122527
threshold=798.33333333333303 151.66129898013955 3.300000000000002 781.33333333333405 65.824494949494479 254.70114942528883 928.86904761904782
decision_type=2 2 2 2 2 2 2
left_child=1 4 3 -2 -1 -3 -7
right_child=2 5 -4 -5 -6 6 -8
leaf_value=-0.0064543373162841578 0.12430852762417391 -0.097177504413399465 -0.042194028199384899 0.045339215260132848 0.062249613019176898 -0.038074237584344556 -0.042736394813697329
leaf_weight=1.1567803621292116 0.85533604025840837 1.0222307592630389 0.85777710378170002 1.3418997898697851 1.2187164351344106 1.0816864818334582 1.1772046387195585
leaf_count=7 6 5 5 8 8 5 5
internal_value=0 -0.0216443 0.0428716 0.0760802 0.0287933 -0.0581605 -0.0405039
internal_weight=0 5.65662 3.05501 2.19724 2.3755 3.28112 2.25889
internal_count=49 30 19 14 15 15 10
is_linear=0
shrinkage=0.1


Tree=15
num_leaves=8
num_cat=0
split_feature=3 5 0 0 11 0 5
split_gain=0.685601 0.852097 1.86749 1.15209 0.728562 0.461515 0.15913
threshold=798.33333333333303 151.66129898013955 2.7500000000000013 2.7500000000000013 3.300000000000002 0.84999999999999998 928.86904761904782
decision_type=2 2 2 2 2 2 2
left_child=1 2 -1 6 5 -2 -3
right_child=4 3 -4 -5 -6 -7 -8
leaf_value=-0.05092413955891182 0.028323967832914521 0.014752053349649005 0.12954146718074519 -0.14182212473986541 -0.037635619812748183 0.12203664980594985 -0.038448314787390525
leaf_weight=1.3394757807254793 1.1463297083973891 1.075942978262902 1.0026328936219213 1.0044062435626981 0.86509150266647328 0.97037404030561436 1.1776153147220609
leaf_count=8 7 5 7 5 5 7 5
internal_value=0 -0.0196749 0.0263314 -0.0527483 0.0396847 0.0712853 -0.0130482
internal_weight=0 5.60007 2.34211 3.25796 2.9818 2.1167 2.25356
internal_count=49 30 15 15 19 14 10
is_linear=0
shrinkage=0.1


Tree=16
num_leaves=8
num_cat=0
split_feature=7 7 5 0 7 0 5
split_gain=0.84345 1.10273 0.929154 1.48528 1.25333 0.529997 0.474864
threshold=30.500000000000004 36.500000000000007 1183.6507936507917 1.1000000000000003 12.500000000000002 2.3000000000000012 135.79242636746184
decision_type=2 2 2 2 2 2 2
left_child=2 -2 3 -1 6 -3 -5
right_child=1 5 -4 4 -6 -7 -8
leaf_value=0.13129506646816513 -0.11391776747062861 0.055764005746855388 -0.075467762328450705 0.12315655525436522 -0.069650004132854743 -0.041277701801514563 0.012161628068764389
leaf_weight=1.3689499869942663 1.2088266313076022 1.0637420117855074 0.74317005276679982 0.73091911524534248 1.2628393620252607 1.1951130777597425 0.81548816710710526
leaf_count=9 6 7 3 6 6 6 6
internal_value=0 -0.0368315 0.0275593 0.0458846 0.00426391 0.00442126 0.0646241
internal_weight=0 3.46768 4.92137 4.1782 2.80925 2.25886 1.54641
internal_count=49 19 30 27 18 13 12
is_linear=0
shrinkage=0.1


Tree=17
num_leaves=8
num_cat=0
split_feature=7 7 5 0 7 10 5
split_gain=0.705774 0.929972 0.773799 1.33131 1.04144 0.508195 0.444002
threshold=30.500000000000004 36.500000000000007 1183.6507936507917 1.1000000000000003 12.500000000000002 382.33333333333491 135.79242636746184
decision_type=2 2 2 2 2 2 2
left_child=2 -2 3 -1 6 -3 -5
right_child=1 5 -4 4 -6 -7 -8
leaf_value=0.12785198264190401 -0.10590995335668485 -0.05902168729616239 -0.067802933570760726 0.12071239607125142 -0.062892148282793214 0.040081409440956867 0.010970389700561259
leaf_weight=1.2703071013092992 1.1721466928720476 0.81296621263027224 0.7443777173757552 0.67406414449214958 1.2588824182748792 1.4233919009566305 0.81373281031847
leaf_count=9 6 4 3 6 6 9 6
internal_value=0 -0.0337606 0.0258458 0.0431996 0.00404891 0.00405522 0.0606903
internal_weight=0 3.4085 4.76136 4.01699 2.74668 2.23636 1.4878
internal_count=49 19 30 27 18 13 12
is_linear=0
shrinkage=0.1


Tree=18
num_leaves=8
num_cat=0
split_feature=3 10 10 5 0 0 5
split_gain=0.568217 0.592216 0.656046 0.532323 1.47498 1.07294 0.112812
threshold=798.33333333333303 624.16666666666617 401.50000000000006 151.66129898013955 2.7500000000000013 2.7500000000000013 928.86904761904782
decision_type=2 2 2 2 2 2 2
left_child=3 2 -2 4 -1 6 -5
right_child=1 -3 -4 5 -6 -7 -8
leaf_value=-0.04697764817756675 0.071762928758963507 0.11799648075217078 -0.041147780132279106 0.017376600999559854 0.12433301486848898 -0.13520696880217867 -0.028191544650416817
leaf_weight=1.2789043858647349 0.9556668624281891 0.68896186351776112 1.1149617508053777 1.0359346419572837 0.827979166060686 0.92220556735992421 1.1424299925565717
leaf_count=8 6 6 7 5 7 5 5
internal_value=0 0.0376861 0.0109644 -0.0184407 0.0203453 -0.0447964 -0.00652133
internal_weight=0 2.75959 2.07063 5.20745 2.10688 3.10057 2.17836
internal_count=49 19 13 30 15 15 10
is_linear=0
shrinkage=0.1


Tree=19
num_leaves=8
num_cat=0
split_feature=3 3 5 0 0 0 5
split_gain=0.475233 0.527954 0.445564 1.28456 0.963601 0.333908 0.0915262
threshold=798.33333333333303 1250.9999999999984 151.66129898013955 2.7500000000000013 2.7500000000000013 1.3500000000000003 928.86904761904782
decision_type=2 2 2 2 2 2 2
left_child=2 5 3 -1 6 -2 -4
right_child=1 -3 4 -5 -6 -7 -8
leaf_value=-0.04176906598548849 -0.026363101514723541 0.11550263653409708 0.015666150389965189 0.12174282039791302 -0.13089055747486394 0.054480421590757513 -0.025410004262308661
leaf_weight=1.2937096431851389 1.1177634894847877 0.62534473091363896 1.0342290103435523 0.76430447027087201 0.86052860319614399 0.94101057946681965 1.1408246755599973
leaf_count=8 6 6 5 7 5 7 5
internal_value=0 0.0350312 -0.0169643 0.0189559 -0.041317 0.0105883 -0.00587846
internal_weight=0 2.68412 5.0936 2.05801 3.03558 2.05877 2.17505
internal_count=49 19 30 15 15 13 10
is_linear=0
shrinkage=0.1


Tree=20
num_leaves=8
num_cat=0
split_feature=11 0 0 10 11 10 11
split_gain=0.507638 0.953027 0.849149 1.2808 0.82133 0.781723 0.00469654
threshold=2.7499999999999996 2.7500000000000013 0.55000000000000016 399.333333333334 1.5500000000000003 401.50000000000006 1.0500000000000003
decision_type=2 2 2 2 2 2 2
left_child=2 -2 -1 4 -4 -3 -5
right_child=1 5 3 6 -6 -7 -8
leaf_value=-0.049703158133030396 -0.11628432886705811 0.077169068091946569 -0.055855983085325391 0.12835534945671781 0.063039268340290472 -0.059482860814887399 0.11647071807132887
leaf_weight=1.3050921037793157 0.92594370245933566 0.85338199883699395 1.2514996230602271 0.59231264889240243 1.0845058262348173 0.82170204818248749 0.75808347389101982
leaf_count=7 5 8 6 4 7 5 7
internal_value=0 -0.034869 0.0196167 0.0441579 -0.000658084 0.0101353 0.121684
internal_weight=0 2.60103 4.99149 3.6864 2.33601 1.67508 1.3504
internal_count=49 18 31 24 13 13 11
is_linear=0
shrinkage=0.1


Tree=21
num_leaves=9
num_cat=0
split_feature=11 5 11 3 5 5 5 5
split_gain=0.419449 0.653278 0.555063 0.453615 0.298673 0.145818 0.124758 0.0536355
threshold=2.7499999999999996 151.66129898013955 1.5500000000000003 771.16666666667118 822.11111111111188 351.49621212121195 1183.6507936507917 120.07713884992931
decision_type=2 2 2 2 2 2 2 2
left_child=2 7 3 6 -5 -4 -1 -2
right_child=1 -3 5 4 -6 -7 -8 -9
leaf_value=-0.011847394507178435 -0.0069826109261652038 -0.086568457926973166 0.046115897794459702 -0.010476544885275862 0.075997143649663729 0.11236598621959526 -0.06394512751953714 0.032394328835023259
leaf_weight=0.93987224251031898 0.63166507333517097 1.1765114143490789 0.88883145153522469 0.75228673219680764 0.85152612626552582 0.53053172677755356 0.89962990581989288 0.76465878635644913
leaf_count=6 5 7 5 4 6 6 4 6
internal_value=0 -0.0316728 0.018256 -0.00343558 0.0354357 0.070879 -0.0373264 0.0145811
internal_weight=0 2.57284 4.86268 3.44332 1.60381 1.41936 1.8395 1.39632
internal_count=49 18 31 20 10 11 10 11
is_linear=0
shrinkage=0.1


Tree=22
num_leaves=9
num_cat=0
split_feature=7 7 11 5 11 7 5 11
split_gain=0.727143 0.752394 1.11643 0.463784 1.26103 0.73389 0.747926 0.00965902
threshold=30.500000000000004 36.500000000000007 2.7499999999999996 1183.6507936507917 2.1000000000000005 15.500000000000002 151.66129898013955 0.90000000000000002
decision_type=2 2 2 2 2 2 2 2
left_child=3 -2 -3 4 7 6 -6 -1
right_child=1 2 -4 -5 5 -7 -8 -9
leaf_value=0.13334551014276222 -0.10443920118466557 0.061386778025510916 -0.090060933679675326 -0.044575871717425303 0.1145589915143036 -0.072387717346376154 -0.031039605470349719 0.11557360989275703
leaf_weight=0.63118098676204704 1.0577099323272707 1.1950241550803187 0.82125554978847493 0.73461110889911641 0.72595231607556365 0.8838914930820464 0.68640656769275665 0.59327176585793495
leaf_count=4 6 9 4 3 8 4 5 6
internal_value=0 -0.0361324 -0.00029974 0.0276975 0.0427776 -0.000925122 0.0437981 0.124735
internal_weight=0 3.07399 2.01628 4.25531 3.5207 2.29625 1.41236 1.22445
internal_count=49 19 13 30 27 17 13 10
is_linear=0
shrinkage=0.1


Tree=23
num_leaves=9
num_cat=0
split_feature=7 7 11 5 11 7 11 7
split_gain=0.615057 0.638973 0.925996 0.39396 1.12954 0.612603 1.36623 0.00700591
threshold=30.500000000000004 36.500000000000007 2.7499999999999996 1183.6507936507917 2.1000000000000005 15.500000000000002 3.300000000000002 24.500000000000004
decision_type=2 2 2 2 2 2 2 2
left_child=3 -2 -3 4 7 6 -6 -1
right_child=1 2 -4 -5 5 -7 -8 -9
leaf_value=0.11413069989463209 -0.097823356380674173 0.057049645069346046 -0.08236437400279599 -0.040352768558659768 -0.095448545934291945 -0.065950443449155197 0.1154972094673431 0.12987069598075304
leaf_weight=0.56320061534643195 1.0184109061956408 1.1592156738042829 0.80886149406433094 0.73055990040302266 0.47278843075037025 0.87369459867477406 0.87574602663516998 0.56795687228441238
leaf_count=6 6 9 4 3 4 4 9 4
internal_value=0 -0.0335219 -0.000248226 0.0261899 0.0406867 -0.000720579 0.0415408 0.122034
internal_weight=0 2.98649 1.96808 4.08395 3.35339 2.22223 1.34853 1.13116
internal_count=49 19 13 30 27 17 13 10
is_linear=0
shrinkage=0.1


Tree=24
num_leaves=8
num_cat=0
split_feature=0 11 3 0 3 11 3
split_gain=0.347436 0.633453 0.93213 0.722397 0.481758 0.287549 0.0040855
threshold=0.55000000000000016 2.7499999999999996 798.33333333333303 2.7500000000000013 765.00000000000193 2.1000000000000005 800.16666666666811
decision_type=2 2 2 2 2 2 2
left_child=-1 2 5 -3 -5 -2 -4
right_child=1 3 6 4 -6 -7 -8
leaf_value=-0.048193912928252938 -0.026055163345836713 -0.099640387515935833 0.12462001379530435 0.080329344898501007 -0.034976055479678053 0.048410263081851673 0.11194937547613391
leaf_weight=1.1848141551017759 1.3404264524579055 0.8819701895117763 0.42439557611942269 0.63689074292778947 0.84060226380825043 0.84576068818569172 0.63559046760201454
leaf_count=7 8 5 3 7 6 5 8
internal_value=0 0.0114065 0.0400658 -0.0280232 0.0147277 0.00275295 0.117022
internal_weight=0 5.60564 3.24617 2.35946 1.47749 2.18619 1.05999
internal_count=49 42 24 18 13 13 11
is_linear=0
shrinkage=0.1


Tree=25
num_leaves=8
num_cat=0
split_feature=7 7 3 7 7 3 10
split_gain=0.544827 0.51928 0.65079 0.39246 0.584813 0.383033 0.124177
threshold=30.500000000000004 36.500000000000007 412.50000000000119 24.500000000000004 6.5000000000000009 798.33333333333303 382.66666666666703
decision_type=2 2 2 2 2 2 2
left_child=3 -2 -3 4 -1 6 -6
right_child=1 2 -4 -5 5 -7 -8
leaf_value=0.11291355670605847 -0.092502617414310651 -0.080173843225360489 0.042756737903557329 0.078540608019910307 -0.01822675641165214 0.045805898870590424 -0.074631091915338607
leaf_weight=0.4351113326847561 0.95216840505600009 0.6749344766139983 1.1898185238242147 1.0226545259356496 0.99965064972639106 0.75548226945102204 0.64033903181552887
leaf_count=6 6 4 9 6 6 7 5
internal_value=0 -0.0324174 -0.00173714 0.0254451 0.00626229 -0.0131098 -0.04025
internal_weight=0 2.81692 1.86475 3.85324 2.83058 2.39547 1.63999
internal_count=49 19 13 30 24 18 11
is_linear=0
shrinkage=0.1


Tree=26
num_leaves=7
num_cat=0
split_feature=10 0 5 5 0 10
split_gain=0.379979 0.300137 0.477276 0.861879 0.942243 0.416217
threshold=624.16666666666617 0.55000000000000016 254.70114942528883 151.66129898013955 2.7500000000000013 382.66666666666703
decision_type=2 2 2 2 2 2
left_child=1 -1 3 4 -3 -4
right_child=-2 2 5 -5 -6 -7
leaf_value=-0.056293991768690349 0.06280371037656822 -0.044401367537300368 0.084220816990504516 -0.08111875056254797 0.11647874187359611 -0.012677526523372382
leaf_weight=1.0647982656955717 0.8623707927763461 0.78912217915058158 1.0332177616655824 1.3417350426316259 0.67583028599619865 0.77638795599341381
leaf_count=6 9 5 7 8 8 6
internal_value=0 -0.00843572 0.00260331 -0.0232153 0.0298179 0.0426478
internal_weight=0 5.68109 4.61629 2.80669 1.46495 1.80961
internal_count=49 40 34 21 13 13
is_linear=0
shrinkage=0.1


Tree=27
num_leaves=7
num_cat=0
split_feature=7 13 7 7 7 11
split_gain=0.431278 0.501932 0.948553 0.328609 0.363916 0.189976
threshold=30.500000000000004 1.0000000180025095e-35 39.500000000000007 24.500000000000004 9.5000000000000018 2.7499999999999996
decision_type=2 2 2 2 2 2
left_child=3 -2 -3 4 -1 -6
right_child=1 2 -4 -5 5 -7
leaf_value=0.069936035003242927 0.044423809061216873 -0.11849619583567206 0.018060775950467435 0.072176035945157951 0.01013643809103195 -0.05165140864539839
leaf_weight=0.65468784421682436 0.69164367020130191 1.0794218480587008 0.96200048923492421 0.9991830326616763 1.1887181587517264 0.8559122085571288
leaf_count=9 4 7 8 6 9 6
internal_value=0 -0.0292007 -0.054145 0.0231833 0.00504815 -0.0157289
internal_weight=0 2.73307 2.04142 3.6985 2.69932 2.04463
internal_count=49 19 15 30 24 15
is_linear=0
shrinkage=0.1


Tree=28
num_leaves=8
num_cat=0
split_feature=7 7 3 5 7 3 7
split_gain=0.358236 0.392893 0.451301 0.361834 0.604926 0.274711 0.0772199
threshold=30.500000000000004 36.500000000000007 412.50000000000119 1183.6507936507917 21.500000000000004 764.66666666666515 15.500000000000002
decision_type=2 2 2 2 2 2 2
left_child=3 -2 -3 4 5 -1 -7
right_child=1 2 -4 -5 -6 6 -8
leaf_value=-0.032531887489754295 -0.08357719100776613 -0.066552519784530098 0.036746010356262904 -0.042308414677846344 0.12155630237300913 0.065918750046183569 0.018991473679628262
leaf_weight=0.85131044685840729 0.84155964851379428 0.66627132892608631 1.158054571598768 0.72127126157283772 0.65368526428937901 0.61631214804947354 0.81349750608205795
leaf_count=9 6 4 9 3 6 7 5
internal_value=0 -0.0270542 -0.000980171 0.0211497 0.0367455 0.0124418 0.0392192
internal_weight=0 2.66589 1.82433 3.65608 2.93481 2.28112 1.42981
internal_count=49 19 13 30 27 21 12
is_linear=0
shrinkage=0.1


Tree=29
num_leaves=9
num_cat=0
split_feature=7 10 7 4 7 7 3 10
split_gain=0.29725 0.612668 0.395997 0.875346 0.350809 0.422386 0.323029 0.120022
threshold=30.500000000000004 236.66666666666654 36.500000000000007 1.5000000000000002 6.5000000000000009 24.500000000000004 798.33333333333303 382.66666666666703
decision_type=2 2 2 2 2 2 2 2
left_child=4 -2 -3 -4 -1 6 7 -6
right_child=1 2 3 -5 5 -7 -8 -9
leaf_value=0.11129088280672217 -0.14369297847507076 -0.069502878656379705 0.11642180782890324 -0.036553692194429104 -0.018161539633118378 0.065104075153562799 0.042128215892894408 -0.075193807301289911
leaf_weight=0.37319381162524257 0.37183798849582705 0.67114993929863009 0.60712103545665719 0.97439078986644745 0.9782759994268424 0.94295629486441601 0.69694092869758595 0.59246222674846649
leaf_count=6 2 5 6 6 6 6 7 5
internal_value=0 -0.0247715 -0.00514161 0.0221715 0.0195232 0.0088564 -0.0145327 -0.0396734
internal_weight=0 2.6245 2.25266 1.58151 3.58383 3.21064 2.26768 1.57074
internal_count=49 19 17 12 30 24 18 11
is_linear=0
shrinkage=0.1


Tree=30
num_leaves=7
num_cat=0
split_feature=10 0 5 5 0 10
split_gain=0.295032 0.258564 0.366978 0.678869 0.812817 0.319891
threshold=624.16666666666617 0.55000000000000016 254.70114942528883 151.66129898013955 2.7500000000000013 382.66666666666703
decision_type=2 2 2 2 2 2
left_child=1 -1 3 4 -3 -4
right_child=-2 2 5 -5 -6 -7
leaf_value=-0.055703937514985993 0.056687518083325651 -0.040564233707527833 0.076485215708195331 -0.073566430172357575 0.114851090011028 -0.012312447107343727
leaf_weight=0.93159983307123173 0.81657281890511502 0.76170650124549888 0.96495410799980141 1.2664454057812689 0.60284925624728203 0.69998873025178909
leaf_count=6 9 5 7 8 8 6
internal_value=0 -0.00794554 0.00241114 -0.0208392 0.0280969 0.0391522
internal_weight=0 5.22754 4.29594 2.631 1.36456 1.66494
internal_count=49 40 34 21 13 13
is_linear=0
shrinkage=0.1


Tree=31
num_leaves=9
num_cat=0
split_feature=3 3 3 0 7 0 10 10
split_gain=0.561437 0.617324 0.432082 0.692126 0.909852 0.555704 0.539784 0.0452434
threshold=196.00000000000003 412.50000000000119 697.66666666666674 1.6500000000000006 15.500000000000002 0.55000000000000016 382.66666666666703 505.16666666666612
decision_type=2 2 2 2 2 2 2 2
left_child=-1 -2 -3 5 -5 -4 -7 -8
right_child=1 2 3 4 -6 6 7 -9
leaf_value=0.11271592926094397 -0.087263636821657345 0.087141011974384466 -0.050846326570372261 0.050598738267296953 -0.12680941497850509 0.11490482821468656 -0.0071461865457010387 0.030435749942253579
leaf_weight=0.41656642593443383 0.82842858135700215 0.5803740583360194 0.75593992322683368 0.43998267129063584 0.84289358556270599 0.78178723528981242 0.71528492122888543 0.58013348653912544
leaf_count=5 6 6 5 5 5 6 5 6
internal_value=0 -0.00767481 0.00636439 -0.0050254 -0.0659645 0.0225684 0.0492856 0.00968431
internal_weight=0 5.52482 4.6964 4.11602 1.28288 2.83315 2.07721 1.29542
internal_count=49 44 38 32 10 22 17 11
is_linear=0
shrinkage=0.1


Tree=32
num_leaves=8
num_cat=0
split_feature=11 7 10 11 11 7 7
split_gain=0.321544 1.32058 0.613838 0.391407 0.340152 0.294843 0.744925
threshold=2.7499999999999996 15.500000000000002 386.33333333333377 1.5500000000000003 4.6000000000000032 30.500000000000004 36.500000000000007
decision_type=2 2 2 2 2 2 2
left_child=2 4 3 -1 -2 -4 -7
right_child=1 -3 5 -5 -6 6 -8
leaf_value=-0.05047924385221271 -0.010176885002217691 -0.10423949346197475 0.11916350350380378 0.038798756076825876 0.1130701280235424 -0.054190010183014996 0.11446627437433353
leaf_weight=1.3378926962614066 0.40351684391498599 1.1164682805538175 0.60579517297446717 0.77583063393831242 0.50317423604428768 0.51530606299638726 0.5325094610452652
leaf_count=8 6 6 7 6 6 4 6
internal_value=0 -0.0314324 0.0179926 -0.0177102 0.0582199 0.0636296 0.0315227
internal_weight=0 2.02316 3.76733 2.11372 0.906691 1.65361 1.04782
internal_count=49 18 31 14 12 17 10
is_linear=0
shrinkage=0.1


Tree=33
num_leaves=7
num_cat=0
split_feature=3 3 5 0 0 5
split_gain=0.216947 0.355319 0.250496 0.57683 0.223006 0.172514
threshold=798.33333333333303 1250.9999999999984 151.66129898013955 2.7500000000000013 2.3000000000000012 351.49621212121195
decision_type=2 2 2 2 2 2
left_child=2 5 3 -1 -4 -2
right_child=1 -3 4 -5 -6 -7
leaf_value=-0.023010678737070019 -0.035869139850846964 0.11212097648697175 -0.0098013444498408764 0.11406977714469246 -0.072897387760181995 0.037687963456761189
leaf_weight=0.94100589305162452 0.5748186409473417 0.40669077076017845 1.6547522842884066 0.4555920697748661 0.8468213602900504 0.7159891240298748
leaf_count=8 4 6 9 7 6 9
internal_value=0 0.0306124 -0.0122195 0.0217071 -0.0311603 0.00493173
internal_weight=0 1.6975 3.89817 1.3966 2.50157 1.29081
internal_count=49 19 30 15 15 13
is_linear=0
shrinkage=0.1


Tree=34
num_leaves=8
num_cat=0
split_feature=11 7 10 11 7 7 11
split_gain=0.289551 1.08069 0.478998 0.343577 0.289929 0.686785 0.289481
threshold=2.7499999999999996 15.500000000000002 386.33333333333377 1.5500000000000003 30.500000000000004 36.500000000000007 4.6000000000000032
decision_type=2 2 2 2 2 2 2
left_child=2 6 3 -1 -4 -6 -2
right_child=1 -3 4 -5 5 -7 -8
leaf_value=-0.044662421826127181 -0.008189626656629468 -0.098278542454470541 0.11753498086678618 0.0395528296865209 -0.054773281435306846 0.11273342957447233 0.11114729015550502
leaf_weight=1.3259091451764113 0.38321884162724007 1.0506664067506788 0.55380145274102666 0.76334157958626736 0.50133355706930161 0.47828486561775208 0.43287879414856434
leaf_count=8 6 6 7 6 4 6 6
internal_value=0 -0.0312214 0.0172591 -0.013893 0.0597032 0.0270095 0.0551097
internal_weight=0 1.86676 3.62267 2.08925 1.53342 0.979618 0.816098
internal_count=49 18 31 14 17 10 12
is_linear=0
shrinkage=0.1


Tree=35
num_leaves=9
num_cat=0
split_feature=11 7 10 3 11 7 7 3
split_gain=0.244452 0.915763 0.418968 0.295975 0.525921 0.265919 0.605672 0.124461
threshold=2.7499999999999996 12.500000000000002 386.33333333333377 412.50000000000119 0.90000000000000002 30.500000000000004 36.500000000000007 771.16666666667118
decision_type=2 2 2 2 2 2 2 2
left_child=2 7 3 -1 -5 -4 -7 -2
right_child=1 -3 5 4 -6 6 -8 -9
leaf_value=-0.07583177044599132 0.10826004021484775 -0.081673250312722323 0.11579613971031577 -0.04553838868314361 0.071798951031993935 -0.050271016512373715 0.11143933759533536 0.018703974981491667
leaf_weight=0.54555720090866167 0.34654223639518011 1.1655738204717634 0.50823921151459195 0.80792838335037209 0.72455483861267567 0.49211522936820984 0.43753811344504356 0.28102811798453331
leaf_count=4 7 8 7 4 6 4 6 3
internal_value=0 -0.0292353 0.0161357 -0.0125792 0.00993846 0.0576343 0.0258374 0.0681565
internal_weight=0 1.79314 3.51593 2.07804 1.53248 1.43789 0.929653 0.62757
internal_count=49 18 31 14 10 17 10 10
is_linear=0
shrinkage=0.1


Tree=36
num_leaves=7
num_cat=0
split_feature=0 11 11 3 10 7
split_gain=0.226593 0.38054 0.81997 0.390184 0.387609 0.184247
threshold=4.75 2.7499999999999996 1.5500000000000003 697.66666666666674 386.33333333333377 33.500000000000007
decision_type=2 2 2 2 2 2
left_child=1 2 4 -3 -1 -6
right_child=-2 3 -4 -5 5 -7
leaf_value=-0.036366716197636637 -0.052204301336888193 0.03502893411944679 0.12415282245677844 -0.077148343494255298 0.079350537422056777 -0.0032001407125687264
leaf_weight=1.2960266545414931 0.6956993369385599 0.49270797148346879 0.69392054900526989 0.83648275583982468 0.63543451391160466 0.4706101305782795
leaf_count=8 8 6 9 6 7 5
internal_value=0 0.00918873 0.0284032 -0.0355662 0.000742617 0.0442261
internal_weight=0 4.42518 3.09599 1.32919 2.40207 1.10604
internal_count=49 41 29 12 20 12
is_linear=0
shrinkage=0.1


Tree=37
num_leaves=7
num_cat=0
split_feature=10 7 7 10 11 5
split_gain=0.216301 0.209736 0.52713 0.526998 0.538148 0.42988
threshold=624.16666666666617 30.500000000000004 36.500000000000007 382.33333333333036 0.55000000000000004 254.70114942528883
decision_type=2 2 2 2 2 2
left_child=1 3 -3 -1 -5 -6
right_child=-2 2 -4 4 5 -7
leaf_value=0.076141068630955641 0.057303167383216218 -0.11464627561796292 0.0052895688116825421 -0.10580193433669655 -0.043931573691493281 0.066622555076424436
leaf_weight=0.83904378674924407 0.597628311254084 0.55284678936004628 1.0869186595082281 0.51944386959075917 0.67965482547879197 0.72895163297653198
leaf_count=9 9 5 9 3 7 7
internal_value=0 -0.00680726 -0.0351468 0.00998659 -0.0188023 0.01328
internal_weight=0 4.40686 1.63977 2.76709 1.92805 1.40861
internal_count=49 40 14 26 17 14
is_linear=0
shrinkage=0.1


Tree=38
num_leaves=7
num_cat=0
split_feature=10 5 5 5 10 3
split_gain=0.180726 0.179186 0.262595 0.177507 0.109551 0.0487304
threshold=624.16666666666617 151.66129898013955 254.70114942528883 781.33333333333405 349.33333333333337 771.16666666667118
decision_type=2 2 2 2 2 2
left_child=1 4 -3 -4 -1 -5
right_child=-2 2 3 5 -6 -7
leaf_value=-0.0059218338560127473 0.053076412065090041 -0.060124582295713019 0.047797789622740873 -0.034627149376481287 0.052937002871568967 0.0027396661509212212
leaf_weight=0.59715534280985572 0.58157315663993348 1.0440404638648035 0.59011605381965626 0.76359710842370965 0.67217397503554821 0.64278769865632057
leaf_count=7 9 8 6 4 8 7
internal_value=0 -0.00631105 -0.0194855 0.00176613 0.0252469 -0.0175487
internal_weight=0 4.30987 3.04054 1.9965 1.26933 1.40638
internal_count=49 40 25 17 15 11
is_linear=0
shrinkage=0.1


Tree=39
num_leaves=9
num_cat=0
split_feature=0 7 5 5 7 3 3 3
split_gain=0.188849 0.328408 0.28519 0.364399 0.426582 0.226357 0.593879 0.364524
threshold=4.75 30.500000000000004 1183.6507936507917 254.70114942528883 15.500000000000002 412.50000000000119 697.66666666666674 798.33333333333303
decision_type=2 2 2 2 2 2 2 2
left_child=1 2 3 4 -1 -3 -7 -8
right_child=-2 5 -4 -5 -6 6 7 -9
leaf_value=0.11009324801388112 -0.048645854455349913 -0.073668093576478272 -0.019566886325422972 0.12137864038374269 -0.030129810158589895 0.12348398051545975 -0.11695494800996627 0.0062705961314953752
leaf_weight=0.34019486326724313 0.66844693291932333 0.57579693198204029 0.65875227749347676 0.58192586991935968 0.59886500984430313 0.30794166028499592 0.35531894862651803 0.74007702618837357
leaf_count=6 8 5 3 8 5 2 3 9
internal_value=0 0.00861905 0.0353956 0.0592003 0.020669 -0.0208715 0.000791169 -0.0337007
internal_weight=0 4.15887 2.17974 1.52099 0.93906 1.97913 1.40334 1.0954
internal_count=49 41 22 19 11 19 14 12
is_linear=0
shrinkage=0.1


Tree=40
num_leaves=8
num_cat=0
split_feature=5 10 5 5 7 10 7
split_gain=0.167916 0.323292 0.258321 0.183155 0.249916 0.0794039 0.0728476
threshold=151.66129898013955 382.66666666666703 351.49621212121195 1183.6507936507917 30.500000000000004 382.66666666666703 33.500000000000007
decision_type=2 2 2 2 2 2 2
left_child=1 6 5 4 -4 -2 -1
right_child=2 -3 3 -5 -6 -7 -8
leaf_value=0.022459536498618076 -0.018988018283253867 0.10813424034856017 0.11141311698546308 -0.021644334147803965 0.0067221084040134859 -0.064298166883935831 -0.033866785917301051
leaf_weight=0.56111288443207719 0.78925912082195304 0.38409685716032982 0.34740078821778275 0.78668128326535214 0.66355527564883232 0.75842880457639694 0.38864853978157043
leaf_count=8 5 6 7 5 8 7 3
internal_value=0 0.0307185 -0.0112437 0.0145404 0.0426977 -0.0411918 -0.00058956
internal_weight=0 1.33386 3.34533 1.79764 1.01096 1.54769 0.949761
internal_count=49 17 32 20 15 12 11
is_linear=0
shrinkage=0.1


Tree=41
num_leaves=7
num_cat=0
split_feature=10 10 0 0 0 11
split_gain=0.164898 0.172124 0.583401 0.387088 0.482929 0.549212
threshold=624.16666666666617 350.50000000000051 1.1000000000000003 0.65000000000000002 4.75 3.0000000000000009
decision_type=2 2 2 2 2 2
left_child=1 2 -1 -3 5 -5
right_child=-2 3 -4 4 -6 -7
leaf_value=0.11566649348658736 0.053078540666912914 -0.072797314455287795 -0.032668966091285938 0.090083486089883744 -0.076290596267702182 -0.031036770561929179
leaf_weight=0.44681378453969933 0.53182325605303038 0.9139522630721334 0.65209892299026251 0.81494597718119643 0.53314034640789021 0.69249910116195679
leaf_count=3 9 8 9 9 6 5
internal_value=0 -0.00614505 0.0276437 -0.0187124 0.00551148 0.0344425
internal_weight=0 4.05345 1.09891 2.95454 2.04059 1.50745
internal_count=49 40 12 28 20 14
is_linear=0
shrinkage=0.1


Tree=42
num_leaves=7
num_cat=0
split_feature=0 0 10 5 0 0
split_gain=0.146151 0.329892 0.246358 0.187282 0.609257 0.342132
threshold=0.55000000000000016 1.1000000000000003 399.333333333334 151.66129898013955 2.7500000000000013 2.7500000000000013
decision_type=2 2 2 2 2 2
left_child=-1 2 -2 4 -3 -5
right_child=1 3 -4 5 -6 -7
leaf_value=-0.038410857847860372 0.017072215798664775 -0.046574262348237333 0.11118151918226581 0.016555944562145489 0.11198773619345702 -0.077880941096507672
leaf_weight=0.78847762569785107 0.73815492354333423 0.55537827312946353 0.44637630134820938 0.72776053287088849 0.42990904860198498 0.81128502264618874
leaf_count=7 7 5 7 7 8 8
internal_value=0 0.00899846 0.0525362 -0.0114314 0.0226109 -0.0332251
internal_weight=0 3.70886 1.18453 2.52433 0.985287 1.53905
internal_count=49 42 14 28 13 15
is_linear=0
shrinkage=0.1


Tree=43
num_leaves=8
num_cat=0
split_feature=5 3 3 11 11 5 11
split_gain=0.134745 0.169699 0.261702 0.713345 0.200949 0.0759039 0.0525411
threshold=1.0000000180025095e-35 412.50000000000119 764.66666666666515 0.55000000000000004 2.7499999999999996 822.11111111111188 1.5500000000000003
decision_type=2 2 2 2 2 2 2
left_child=-1 -2 -3 -4 5 6 -5
right_child=1 2 3 4 -6 -7 -8
leaf_value=0.058906119830768371 -0.05353393929600786 0.048323772001540859 -0.137402099634437 -0.011244854449535267 -0.031178215505003649 0.066706585804939433 0.038274253492419724
leaf_weight=0.36471113562583912 0.60198518075048912 0.9601616179570559 0.389455005526543 0.38600231707096122 0.75174581632018078 0.45404510945081711 0.48159512830898166
leaf_count=5 7 9 2 4 8 7 7
internal_value=0 -0.00457096 0.00403989 -0.0132246 0.0101003 0.0335794 0.0162427
internal_weight=0 4.02499 3.423 2.46284 2.07339 1.32164 0.867597
internal_count=49 44 37 28 26 18 11
is_linear=0
shrinkage=0.1


Tree=44
num_leaves=8
num_cat=0
split_feature=7 11 13 11 7 7 3
split_gain=0.206534 0.603873 0.314024 0.173704 0.37337 0.146298 0.143848
threshold=12.500000000000002 2.7499999999999996 1.0000000180025095e-35 1.5500000000000003 30.500000000000004 24.500000000000004 771.16666666667118
decision_type=2 2 2 2 2 2 2
left_child=2 3 -1 4 -2 -5 -6
right_child=1 -3 -4 5 6 -7 -8
leaf_value=-0.032864915360366793 0.041917227591069375 -0.07602457046594803 0.10935116057891528 0.017886569391876255 -0.090499510906570005 0.11064489457222025 -0.011723979917728113
leaf_weight=0.2581077516078949 1.0568388253450405 0.97478369995951641 0.38965640310198058 0.38221388496458519 0.39561652019619931 0.30629047006368637 0.55981959402561188
leaf_count=3 9 8 9 4 4 6 6
internal_value=0 -0.00855602 0.0526838 0.0157952 0.000960772 0.0591514 -0.0443425
internal_weight=0 3.67556 0.647764 2.70078 2.01227 0.688504 0.955436
internal_count=49 37 12 29 19 10 10
is_linear=0
shrinkage=0.1


Tree=45
num_leaves=8
num_cat=0
split_feature=7 11 0 10 11 3 5
split_gain=0.178309 0.504291 0.282999 0.390303 0.237269 0.143974 0.000583672
threshold=12.500000000000002 2.7499999999999996 0.55000000000000016 399.333333333334 5.6500000000000039 764.66666666666515 781.33333333333405
decision_type=2 2 2 2 2 2 2
left_child=4 2 -2 5 -1 -4 -5
right_child=1 -3 3 6 -6 -7 -8
leaf_value=-0.013554035901993318 -0.037144120773452277 -0.070457992788003132 0.043695651406156152 0.10591238148581779 0.11108649787604655 -0.021557230089129575 0.11263304163482175
leaf_weight=0.29700832348316897 0.75673970580101091 0.94806820526719082 0.60546701401472069 0.27815851056948293 0.31440460681915283 0.76580575108528137 0.24134776741266251
leaf_count=7 7 8 4 7 5 8 3
internal_value=0 -0.00787511 0.0145356 0.0352192 0.0505394 0.0072543 0.109035
internal_weight=0 3.59559 2.64752 1.89078 0.611413 1.37127 0.519506
internal_count=49 37 29 22 12 12 10
is_linear=0
shrinkage=0.1


Tree=46
num_leaves=8
num_cat=0
split_feature=0 10 0 3 3 0 0
split_gain=0.130002 0.241385 0.348359 0.467995 0.729792 0.232522 0.108948
threshold=4.75 349.33333333333337 0.55000000000000016 765.00000000000193 798.33333333333303 1.1000000000000003 2.3000000000000012
decision_type=2 2 2 2 2 2 2
left_child=1 -1 -3 6 -5 -6 -4
right_child=-2 2 3 4 5 -7 -8
leaf_value=-0.047811980420988616 -0.044558249426903812 -0.050508261948597616 0.10729192204731913 -0.11980227118582415 0.10925269731012158 0.0012177414991361242 0.043989638792192892
leaf_weight=0.64297305233776603 0.55095838848501433 0.56634955108165774 0.69889433309435867 0.38685524463653542 0.34547641733661294 0.47059165313839912 0.44499373808503151
leaf_count=7 8 5 7 3 7 7 5
internal_value=0 0.00764449 0.0198845 0.0368722 -0.00667445 0.0469535 0.0826662
internal_weight=0 3.55613 2.91316 2.34681 1.20292 0.816068 1.14389
internal_count=49 41 34 29 17 14 12
is_linear=0
shrinkage=0.1


Tree=47
num_leaves=7
num_cat=0
split_feature=5 0 0 11 3 3
split_gain=0.126067 0.388716 0.360665 0.277499 0.181176 0.109742
threshold=151.66129898013955 2.7500000000000013 2.7500000000000013 1.5500000000000003 800.16666666666811 771.16666666667118
decision_type=2 2 2 2 2 2
left_child=1 -1 3 5 -5 -2
right_child=2 -3 -4 4 -6 -7
leaf_value=-0.012473650340841929 -0.035338349177317978 0.1115175107926439 -0.073058203949173103 0.12008680280054199 0.0098471991290008144 0.018234600478755827
leaf_weight=0.7604895029217007 0.89880474284291334 0.37877679616212845 0.69845903478562821 0.31288081407546986 0.28476942284032702 0.66547382995486259
leaf_count=9 6 8 8 3 7 8
internal_value=0 0.0287502 -0.0105855 0.00959764 0.0675596 -0.0125474
internal_weight=0 1.13927 2.86039 2.16193 0.59765 1.56428
internal_count=49 17 32 24 10 14
is_linear=0
shrinkage=0.1


Tree=48
num_leaves=7
num_cat=0
split_feature=7 11 11 0 10 7
split_gain=0.174437 0.500055 0.489018 0.18433 0.340528 0.13878
threshold=15.500000000000002 2.7499999999999996 3.300000000000002 0.55000000000000016 399.333333333334 27.500000000000004
decision_type=2 2 2 2 2 2
left_child=2 3 -1 -2 5 -5
right_child=1 -3 -4 4 -6 -7
leaf_value=-0.069939980970257581 -0.028582949599190513 -0.079428747721905238 0.10887609942955012 0.033392139940894509 0.1074200181144342 -0.033078089697826413
leaf_weight=0.2341336561366919 0.7456567659974106 0.76891015470027912 0.44099806062877178 0.7366261128336189 0.434995463117957 0.54760967940092087
leaf_count=6 7 6 9 6 9 6
internal_value=0 -0.00902214 0.0468632 0.0129409 0.0309504 0.00504864
internal_weight=0 3.2338 0.675132 2.46489 1.71923 1.28424
internal_count=49 34 15 28 21 12
is_linear=0
shrinkage=0.1


Tree=49
num_leaves=9
num_cat=0
split_feature=0 10 3 11 11 0 11 0
split_gain=0.121969 0.174465 0.286479 0.415577 0.213992 0.120243 0.119384 0.0553804
threshold=4.75 349.33333333333337 764.66666666666515 0.55000000000000004 2.7499999999999996 0.55000000000000016 1.0500000000000003 2.3000000000000012
decision_type=2 2 2 2 2 2 2 2
left_child=1 -1 7 -4 5 -5 -7 -3
right_child=-2 2 3 4 -6 6 -8 -9
leaf_value=-0.040361301888068128 -0.046100616311638837 0.091950911419850623 -0.092616571907132572 0.0032298310649903498 -0.034069907880726925 0.022023477197224098 0.11255081752877952 0.040742266825488427
leaf_weight=0.61818415485322553 0.48628657311201084 0.42945226095616851 0.40791788697242726 0.3657121919095514 0.46414442360401154 0.24489250034093857 0.35956352576613426 0.41553006321191788
leaf_count=7 8 5 3 4 5 3 9 5
internal_value=0 0.00753854 0.0185577 -0.00355524 0.0217738 0.0484903 0.0758741 0.0667685
internal_weight=0 3.3054 2.68721 1.84223 1.43431 0.970168 0.604456 0.844982
internal_count=49 41 34 24 21 16 12 10
is_linear=0
shrinkage=0.1


Tree=50
num_leaves=8
num_cat=0
split_feature=5 10 5 0 11 5 5
split_gain=0.124747 0.0971281 0.432534 0.301648 0.220792 0.254329 0.0534035
threshold=1.0000000180025095e-35 350.50000000000051 1183.6507936507917 4.75 2.7499999999999996 781.33333333333405 151.66129898013955
decision_type=2 2 2 2 2 2 2
left_child=-1 6 3 4 5 -3 -2
right_child=1 2 -4 -5 -6 -7 -8
leaf_value=0.060688191537296404 -0.0020688704192892145 0.11212425294499942 -0.10177279039784795 -0.074255514201740688 -0.019802939440605447 0.011265313208946196 0.050507746976244411
leaf_weight=0.31657502427697215 0.36020425055176053 0.4188540079630918 0.46365994215011586 0.39595637470483769 0.73122329637408245 0.62023736443370581 0.4166579507291317
leaf_count=5 7 8 4 6 7 9 3
internal_value=0 -0.00493725 -0.0141142 0.00464787 0.0222957 0.0519212 0.0261298
internal_weight=0 3.40679 2.62993 2.16627 1.77031 1.03909 0.776862
internal_count=49 44 34 30 24 17 10
is_linear=0
shrinkage=0.1


Tree=51
num_leaves=7
num_cat=0
split_feature=7 0 0 7 3 3
split_gain=0.2014 0.184445 0.168382 0.34632 0.484202 0.283809
threshold=15.500000000000002 4.75 1.6500000000000006 30.500000000000004 764.66666666666515 798.33333333333303
decision_type=2 2 2 2 2 2
left_child=1 -1 3 4 -2 -5
right_child=2 -3 -4 5 -6 -7
leaf_value=0.10862896291900273 0.13786081150007246 2.5339290078419363e-05 -0.046188782264518335 -0.097656019702472674 -0.000569461839406938 0.015307499673032316
leaf_weight=0.30097716813907061 0.35729414410889215 0.32549790572375059 0.90522730350494374 0.45200515910983075 0.8629460958763957 0.43785037100315094
leaf_count=8 3 7 9 5 10 7
internal_value=0 0.0522017 -0.0101099 0.00536792 0.0399638 -0.0420727
internal_weight=0 0.626475 3.01532 2.1101 1.22024 0.889856
internal_count=49 15 34 25 13 12
is_linear=0
shrinkage=0.1


Tree=52
num_leaves=8
num_cat=0
split_feature=7 11 11 7 7 5 0
split_gain=0.171162 0.41115 0.355126 0.136753 0.381142 0.192737 0.15785
threshold=15.500000000000002 3.300000000000002 2.7499999999999996 30.500000000000004 36.500000000000007 1183.6507936507917 1.1000000000000003
decision_type=2 2 2 2 2 2 2
left_child=1 -1 3 5 -5 6 -2
right_child=2 -3 -4 4 -6 -7 -8
leaf_value=-0.067923157124820721 0.11248052905594939 0.10777508835525695 -0.070628076795135497 -0.079349271686817227 0.043152222841382634 -0.01311521907714233 0.017464497099386696
leaf_weight=0.19961008336395059 0.36615238059312172 0.40025303885340691 0.71518500894308079 0.49743668735027291 0.5189486425369978 0.52294351160526276 0.33464014530181885
leaf_count=6 7 9 6 6 9 3 3
internal_value=0 0.0493098 -0.00927781 0.010309 -0.0168021 0.0328264 0.0671088
internal_weight=0 0.599863 2.95531 2.24012 1.01639 1.22374 0.700793
internal_count=49 15 34 28 15 13 10
is_linear=0
shrinkage=0.1


Tree=53
num_leaves=9
num_cat=0
split_feature=0 10 3 11 11 0 11 0
split_gain=0.0819351 0.177825 0.247584 0.304842 0.172465 0.107691 0.101224 0.035958
threshold=4.75 349.33333333333337 764.66666666666515 0.55000000000000004 2.7499999999999996 0.55000000000000016 1.0500000000000003 2.3000000000000012
decision_type=2 2 2 2 2 2 2 2
left_child=1 -1 7 -4 5 -5 -7 -3
right_child=-2 2 3 4 -6 6 -8 -9
leaf_value=-0.044442054825149319 -0.039581469316906835 0.086710942826641019 -0.083715222367067937 0.0015829050962737367 -0.034083161762400969 0.020921370854929431 0.11038882833841149 0.043730922347382246
leaf_weight=0.55593356117606241 0.44148227293044318 0.38034771382808719 0.36939897388219822 0.34872714057564713 0.40977898240089417 0.2157081663608551 0.30564725305885077 0.39869831129908562
leaf_count=7 8 5 3 4 5 3 9 5
internal_value=0 0.00657554 0.0182554 -0.00369009 0.0194071 0.0445992 0.0733721 0.0647147
internal_weight=0 2.98424 2.42831 1.64926 1.27986 0.870083 0.521355 0.779046
internal_count=49 41 34 24 21 16 12 10
is_linear=0
shrinkage=0.1


Tree=54
num_leaves=8
num_cat=0
split_feature=7 13 7 7 13 7 3
split_gain=0.16832 0.150417 0.148223 0.337607 0.261778 0.305354 0.0206548
threshold=15.500000000000002 1.0000000180025095e-35 24.500000000000004 30.500000000000004 1.0000000180025095e-35 39.500000000000007 847.00000000000466
decision_type=2 2 2 2 2 2 2
left_child=1 -1 -2 -4 -5 -6 -3
right_child=2 6 3 4 5 -7 -8
leaf_value=-0.023011524820308396 -0.047284063046311518 0.060865089143589159 0.063771546353112399 0.043266778296352205 -0.096274784997779195 0.018194670858828373 0.10810671842623831
leaf_weight=0.18543475121259689 0.75433257687836919 0.16664209682494435 0.65515120141208205 0.41519933938980202 0.59573274105787155 0.382765325717628 0.2081501567736268
leaf_count=3 9 7 6 4 7 8 5
internal_value=0 0.0506544 -0.00938695 0.00456578 -0.0232657 -0.051497 0.0871019
internal_weight=0 0.560227 2.80318 2.04885 1.3937 0.978498 0.374792
internal_count=49 15 34 25 19 15 12
is_linear=0
shrinkage=0.1


Tree=55
num_leaves=8
num_cat=0
split_feature=7 11 13 7 7 7 5
split_gain=0.149154 0.282856 0.175158 0.110947 0.24293 0.145904 0.119967
threshold=12.500000000000002 3.300000000000002 1.0000000180025095e-35 30.500000000000004 36.500000000000007 24.500000000000004 169.14042978510807
decision_type=2 2 2 2 2 2 2
left_child=2 3 -1 5 -5 -2 -6
right_child=1 -3 -4 4 6 -7 -8
leaf_value=-0.020813116515718266 -0.011868485413923697 -0.089250129861981789 0.10600881612986963 -0.076219991882689797 -0.017223513386886175 0.058633700914393821 0.05956767780859018
leaf_weight=0.18456786870956421 0.54078897833824224 0.3717057779431342 0.26564697735011611 0.44016132131218888 0.47500289976596832 0.6420202124863863 0.35584773682057858
leaf_count=3 9 4 9 6 5 6 7
internal_value=0 -0.00795689 0.0540175 0.00435744 -0.0161551 0.0263996 0.0156656
internal_weight=0 2.82553 0.450215 2.45382 1.27101 1.18281 0.830851
internal_count=49 37 12 33 18 15 12
is_linear=0
shrinkage=0.1


Tree=56
num_leaves=8
num_cat=0
split_feature=7 11 11 7 7 10 7
split_gain=0.128752 0.24155 0.148232 0.0914144 0.206539 0.148394 0.121063
threshold=12.500000000000002 3.300000000000002 5.6500000000000039 30.500000000000004 36.500000000000007 382.33333333333491 24.500000000000004
decision_type=2 2 2 2 2 2 2
left_child=2 3 -1 6 -5 -6 -2
right_child=1 -3 -4 4 5 -7 -8
leaf_value=-0.010765636270569926 -0.010684575123153474 -0.084397674026295208 0.10748021445099638 -0.071813811166597422 -0.025397362293162286 0.05986017358544176 0.053815382780610113
leaf_weight=0.20053642522543702 0.54064837377518482 0.35467919334769238 0.22492310591042042 0.42145604267716386 0.43829705566167831 0.38214844185858965 0.630198884755373
leaf_count=7 9 4 5 6 4 8 6
internal_value=0 -0.00734212 0.0517461 0.00398521 -0.0149146 0.014314 0.024032
internal_weight=0 2.76743 0.42546 2.41275 1.2419 0.820445 1.17085
internal_count=49 37 12 33 18 12 15
is_linear=0
shrinkage=0.1


Tree=57
num_leaves=8
num_cat=0
split_feature=7 0 7 5 5 7 11
split_gain=0.189618 0.108254 0.200596 0.298581 0.167883 0.117312 0.0729183
threshold=6.5000000000000009 1.6500000000000006 30.500000000000004 1183.6507936507917 151.66129898013955 36.500000000000007 2.4000000000000008
decision_type=2 2 2 2 2 2 2
left_child=-1 2 3 6 -3 -4 -2
right_child=1 4 5 -5 -6 -7 -8
leaf_value=0.10590459608101671 0.10923007104052691 0.0074412096107278267 -0.067385931075029534 -0.022671574936891564 -0.070959476311380429 0.013365336020371807 0.040659218982439495
leaf_weight=0.16182708926498923 0.37465207418426894 0.56845516338944413 0.40511631965637196 0.49390723556280136 0.52572763524949551 0.32362100202590227 0.26461186632514
leaf_count=6 9 8 6 3 8 6 3
internal_value=0 -0.00526529 0.0094047 0.0357268 -0.0302284 -0.0315255 0.0808464
internal_weight=0 2.95609 1.86191 1.13317 1.09418 0.728737 0.639264
internal_count=49 43 27 15 16 12 12
is_linear=0
shrinkage=0.1


Tree=58
num_leaves=8
num_cat=0
split_feature=7 11 10 10 11 5 11
split_gain=0.169942 0.0947192 0.156004 0.190755 0.165134 0.140552 0.0771724
threshold=6.5000000000000009 2.7499999999999996 386.33333333333377 350.50000000000051 0.90000000000000002 151.66129898013955 1.0500000000000003
decision_type=2 2 2 2 2 2 2
left_child=-1 2 3 -2 -4 -3 -6
right_child=1 5 4 -5 6 -7 -8
leaf_value=0.1053276805922224 0.035872519583764716 0.0010934865279350638 0.10863055018986321 -0.043740921615548933 -0.037836257098568776 -0.079010912135679096 0.046098091149967449
leaf_weight=0.1471883277408782 0.48636936768889449 0.53681217320263375 0.25953713059425343 0.78946230886504054 0.1999480351805687 0.37002337723970413 0.24227288970723748
leaf_count=6 5 7 5 9 3 6 8
internal_value=0 -0.00483171 0.00743945 -0.0133909 0.0453101 -0.0315922 0.00814758
internal_weight=0 2.88443 1.97759 1.27583 0.701758 0.906836 0.442221
internal_count=49 43 30 14 16 13 11
is_linear=0
shrinkage=0.1


Tree=59
num_leaves=8
num_cat=0
split_feature=7 11 3 10 10 11 11
split_gain=0.152422 0.0788081 0.155727 0.132428 0.1558 0.154299 0.063603
threshold=6.5000000000000009 2.7499999999999996 697.66666666666674 386.33333333333377 350.50000000000051 0.90000000000000002 1.0500000000000003
decision_type=2 2 2 2 2 2 2
left_child=-1 3 -3 4 -2 -5 -7
right_child=1 2 -4 5 -6 6 -8
leaf_value=0.10480839517301251 0.032410396218516914 0.019249311009914075 -0.065290426593630491 0.10777009852616859 -0.039746171458254535 -0.034445693114005124 0.042297071828453436
leaf_weight=0.13380771735683117 0.48459117114543937 0.38132902700453986 0.50838549621403217 0.23661806620657433 0.78232462983578444 0.19778666645288467 0.23788261786103249
leaf_count=6 5 5 8 5 9 3 8
internal_value=0 -0.00441576 -0.0290569 0.00688972 -0.0121465 0.0427632 0.00745712
internal_weight=0 2.82892 0.889715 1.9392 1.26692 0.672287 0.435669
internal_count=49 43 13 30 14 16 11
is_linear=0
shrinkage=0.1


Tree=60
num_leaves=7
num_cat=0
split_feature=10 4 3 11 3 5
split_gain=0.100083 0.0974005 0.210226 0.0813363 0.191044 0.121983
threshold=624.16666666666617 1.5000000000000002 412.50000000000119 1.0500000000000003 764.66666666666515 254.70114942528883
decision_type=2 2 2 2 2 2
left_child=1 3 -3 4 -1 -5
right_child=-2 2 -4 5 -6 -7
leaf_value=0.059097355438810409 0.054640633700580934 -0.045067734129498389 0.068325659981856357 -0.073852665239236545 -0.030716976352488795 0.0016972986192373741
leaf_weight=0.36835598573088713 0.30569817614741612 0.26068563992157567 0.43854336952790618 0.480107121169567 0.66329843550920486 0.38516239123418927
leaf_count=4 9 5 9 7 8 7
internal_value=0 -0.00585245 0.0260505 -0.0176123 0.00135156 -0.0402227
internal_weight=0 2.59615 0.699229 1.89692 1.03165 0.86527
internal_count=49 40 14 26 12 14
is_linear=0
shrinkage=0.1


Tree=61
num_leaves=7
num_cat=0
split_feature=7 11 11 0 3 11
split_gain=0.112936 0.302322 0.214898 0.163795 0.0769871 0.044957
threshold=15.500000000000002 3.300000000000002 2.7499999999999996 0.55000000000000016 771.16666666667118 2.1000000000000005
decision_type=2 2 2 2 2 2
left_child=1 -1 3 -2 5 -5
right_child=2 -3 -4 4 -6 -7
leaf_value=-0.071705068167341429 -0.036924646259989501 0.10535614546817638 -0.060358288411653485 -0.0041931492291795739 0.068455418308152577 0.040712860619874593
leaf_weight=0.14354133373126421 0.54572542011737857 0.29383113421499729 0.5916372388601302 0.56646853405982234 0.35024547623470426 0.36762164905667305
leaf_count=6 7 9 6 7 10 4
internal_value=0 0.0472464 -0.00796676 0.00897081 0.0284722 0.0134801
internal_weight=0 0.437372 2.4217 1.83006 1.28434 0.93409
internal_count=49 15 34 28 21 11
is_linear=0
shrinkage=0.1


Tree=62
num_leaves=7
num_cat=0
split_feature=5 0 0 11 3 3
split_gain=0.0892649 0.309122 0.254986 0.231134 0.0862621 0.0861291
threshold=151.66129898013955 2.7500000000000013 2.7500000000000013 1.5500000000000003 800.16666666666811 771.16666666667118
decision_type=2 2 2 2 2 2
left_child=1 -1 3 5 -5 -2
right_child=2 -3 -4 4 -6 -7
leaf_value=-0.017800117988623607 -0.037431002350003816 0.11206197645180094 -0.079835256598780935 0.11364543248917075 0.021235850737417954 0.018061864357982415
leaf_weight=0.51110385637730393 0.69303760305047013 0.28579931985586882 0.42203282564878453 0.22628203779458989 0.18247337266802788 0.46893894765526056
leaf_count=9 6 8 8 3 7 8
internal_value=0 0.0287733 -0.0108259 0.00771597 0.0723927 -0.0150357
internal_weight=0 0.796903 1.99276 1.57073 0.408755 1.16198
internal_count=49 17 32 24 10 14
is_linear=0
shrinkage=0.1


Tree=63
num_leaves=8
num_cat=0
split_feature=10 5 10 5 10 10 11
split_gain=0.0857067 0.0874805 0.129408 0.312063 0.107796 0.034834 0.0138047
threshold=624.16666666666617 151.66129898013955 350.50000000000051 1183.6507936507917 401.50000000000006 349.33333333333337 2.1000000000000005
decision_type=2 2 2 2 2 2 2
left_child=1 5 -3 4 6 -1 -4
right_child=-2 2 3 -5 -6 -7 -8
leaf_value=-0.00053405199054133452 0.053107943367351446 0.03665760699066703 0.02990316154814043 -0.11775751708075961 -0.055516182045770412 0.043137887934315035 0.0024464087108124013
leaf_weight=0.33463439368642944 0.27807763009332109 0.34590927511453617 0.35086321271955945 0.32244737073779095 0.30069631431251764 0.40211012773215771 0.38301479071378708
leaf_count=7 9 3 7 3 7 8 5
internal_value=0 -0.00548741 -0.0179426 -0.0318603 -0.00508864 0.0233018 0.0155733
internal_weight=0 2.43968 1.70293 1.35702 1.03457 0.736745 0.733878
internal_count=49 40 25 22 19 15 12
is_linear=0
shrinkage=0.1


Tree=64
num_leaves=9
num_cat=0
split_feature=3 5 3 0 0 3 3 11
split_gain=0.074221 0.402018 0.213113 0.221354 0.238366 0.155182 0.125541 0.059621
threshold=412.50000000000119 120.07713884992931 697.66666666666674 1.6500000000000006 0.55000000000000016 765.00000000000193 765.00000000000193 1.0500000000000003
decision_type=2 2 2 2 2 2 2 2
left_child=1 -1 -2 4 -4 -6 -5 -7
right_child=2 -3 3 6 5 7 -8 -9
leaf_value=0.062462544930191093 0.09062567163306065 -0.10865544882343624 -0.046516591122150425 -0.114982907012927 0.093158417848738406 -0.020942731131467652 -0.014799584614867906 0.046074912879599139
leaf_weight=0.24839900108054314 0.27759401896037195 0.30695358756929636 0.39999109134078004 0.2266472429037093 0.39672582969069481 0.28245706483721733 0.27912427205592394 0.25044893473386765
leaf_count=7 6 4 5 2 4 4 8 9
internal_value=0 -0.0321175 0.00896445 -0.00338639 0.0180323 0.0458056 -0.0596939 0.0105534
internal_weight=0 0.555353 2.11299 1.83539 1.32962 0.929632 0.505772 0.532906
internal_count=49 11 38 32 22 17 10 13
is_linear=0
shrinkage=0.1


Tree=65
num_leaves=8
num_cat=0
split_feature=10 10 5 5 5 10 10
split_gain=0.0651475 0.147874 0.294196 0.0529995 0.0744358 0.0743018 0.0311088
threshold=236.66666666666654 350.50000000000051 1183.6507936507917 151.66129898013955 822.11111111111188 382.66666666666703 505.16666666666612
decision_type=2 2 2 2 2 2 2
left_child=-1 -2 3 -3 5 -5 -7
right_child=1 2 -4 4 -6 6 -8
leaf_value=-0.047942506955336361 0.06005649162806951 0.043725804300318256 -0.092037987080748007 0.024255116961265394 0.050449010784612239 -0.054303055433778828 -0.008093923918467907
leaf_weight=0.25192922656424377 0.4105446366593245 0.3913181023672222 0.32964615523815144 0.36249252781271912 0.24519418040290475 0.32072954345494509 0.26694871042855084
leaf_count=5 7 8 4 5 6 7 7
internal_value=0 0.00559181 -0.00607642 0.0117828 0.00132583 -0.0113505 -0.0333129
internal_weight=0 2.32687 1.91633 1.58668 1.19536 0.950171 0.587678
internal_count=49 44 37 33 25 19 14
is_linear=0
shrinkage=0.1


Tree=66
num_leaves=8
num_cat=0
split_feature=7 0 3 7 3 11 3
split_gain=0.129809 0.0887815 0.227192 0.198256 0.22767 0.327977 0.211149
threshold=6.5000000000000009 1.6500000000000006 697.66666666666674 30.500000000000004 764.66666666666515 0.55000000000000004 798.33333333333303
decision_type=2 2 2 2 2 2 2
left_child=-1 3 -3 4 -2 -6 -5
right_child=1 2 -4 6 5 -7 -8
leaf_value=0.10419899970743694 0.12117656290183242 0.019306091969837028 -0.083038548619461638 -0.091313894331320353 -0.074468888991099477 0.068752436360177652 0.023541165537834592
leaf_weight=0.11481655016541514 0.24936849251389526 0.44827302219346155 0.42023840080946684 0.31449465081095695 0.2744872160255909 0.38298849109560251 0.32595847267657518
leaf_count=6 3 8 8 5 3 9 7
internal_value=0 -0.00462687 -0.0302144 0.00973566 0.0398175 0.00895947 -0.0328584
internal_weight=0 2.41581 0.868511 1.5473 0.906844 0.657476 0.640453
internal_count=49 43 16 27 15 12 12
is_linear=0
shrinkage=0.1


Tree=67
num_leaves=7
num_cat=0
split_feature=7 11 11 0 10 7
split_gain=0.0873808 0.230707 0.20728 0.107434 0.212519 0.115856
threshold=15.500000000000002 3.300000000000002 2.7499999999999996 0.55000000000000016 399.333333333334 30.500000000000004
decision_type=2 2 2 2 2 2
left_child=1 -1 3 -2 5 -5
right_child=2 -3 -4 4 -6 -7
leaf_value=-0.066485816176299478 -0.028310974643715049 0.10422481223571776 -0.062331971145839583 0.032590304218660625 0.10523893007795759 -0.045115567176985893
leaf_weight=0.11982272262685034 0.48779143020510707 0.23331740335561335 0.51796559616923321 0.49827956268563844 0.26907768659293652 0.31202179752290249
leaf_count=6 7 9 6 7 9 5
internal_value=0 0.0463016 -0.00748928 0.0106368 0.028238 0.0026682
internal_weight=0 0.35314 2.08514 1.56717 1.07938 0.810301
internal_count=49 15 34 28 21 12
is_linear=0
shrinkage=0.1


Tree=68
num_leaves=8
num_cat=0
split_feature=7 11 11 0 7 7 3
split_gain=0.0766125 0.206061 0.173573 0.0893624 0.0574706 0.159993 0.00523294
threshold=15.500000000000002 3.300000000000002 2.7499999999999996 0.55000000000000016 24.500000000000004 30.500000000000004 697.66666666666674
decision_type=2 2 2 2 2 2 2
left_child=1 -1 3 -2 -5 -6 -7
right_child=2 -3 -4 4 5 6 -8
leaf_value=-0.062267631550718253 -0.025607340277348064 0.10381103383983444 -0.057811807708180542 -0.0058380711731818241 0.11938271371595321 0.0014881745249000888 0.022262044731786172
leaf_weight=0.11538655497133765 0.48549234494566951 0.21191289671696723 0.50341014936566342 0.36366078397259094 0.1970972353592515 0.22638797946274281 0.26111872214823961
leaf_count=6 7 9 6 7 3 4 7
internal_value=0 0.0452615 -0.00686166 0.00986121 0.0262881 0.0433535 0.0126151
internal_weight=0 0.327299 2.03717 1.53376 1.04826 0.684604 0.487507
internal_count=49 15 34 28 21 14 11
is_linear=0
shrinkage=0.1


Tree=69
num_leaves=8
num_cat=0
split_feature=3 13 10 11 10 3 10
split_gain=0.0574981 0.204337 0.08584 0.0984062 0.0752799 0.0996011 0.0169668
threshold=412.50000000000119 1.0000000180025095e-35 350.50000000000051 0.55000000000000004 399.333333333334 847.00000000000466 350.50000000000051
decision_type=2 2 2 2 2 2 2
left_child=6 -2 -3 -4 -5 -6 -1
right_child=1 2 3 4 5 -7 -8
leaf_value=-0.014713298441708164 0.089598938596795241 0.043644894053466429 -0.071578901967140604 0.023720748122217129 -0.085093783657058747 0.0064319997732871477 -0.05315524227417584
leaf_weight=0.27563337422907386 0.26513008261099469 0.29175952775403824 0.25850868225097645 0.52825587242841698 0.1996813090518117 0.29389841784723103 0.19677974004298449
leaf_count=6 5 6 3 9 6 9 5
internal_value=0 0.0083902 -0.00530538 -0.01646 -0.00251573 -0.0305954 -0.030726
internal_weight=0 1.83723 1.5721 1.28034 1.02184 0.49358 0.472413
internal_count=49 38 33 27 24 15 11
is_linear=0
shrinkage=0.1


Tree=70
num_leaves=9
num_cat=0
split_feature=7 7 7 10 7 5 0 7
split_gain=0.0676101 0.105 0.090306 0.157998 0.197831 0.134104 0.080231 0.0239736
threshold=15.500000000000002 18.500000000000004 30.500000000000004 236.66666666666654 36.500000000000007 1183.6507936507917 4.75 45.500000000000007
decision_type=2 2 2 2 2 2 2 2
left_child=6 -2 5 -4 -5 -3 -1 -6
right_child=1 2 3 4 7 -7 -8 -9
leaf_value=0.10307928011969068 -0.066558756574026254 0.069960978419593131 -0.11117775658896863 -0.070270024046140328 0.057153460400326928 -0.016556853675063113 -0.0009812220238003004 0.015676849819783328
leaf_weight=0.13155463919974897 0.25287487730383862 0.38263480318710186 0.15123524889349937 0.2724158763885498 0.24259146209806204 0.3368976041674614 0.16962503874674439 0.32747283577919006
leaf_count=8 3 9 2 5 8 3 7 4
internal_value=0 -0.00640727 0.00247107 -0.0170652 -0.000170908 0.0294518 0.0444722 0.0333273
internal_weight=0 1.96612 1.71325 0.993715 0.84248 0.719532 0.30118 0.570064
internal_count=49 34 31 19 17 12 15 12
is_linear=0
shrinkage=0.1


Tree=71
num_leaves=9
num_cat=0
split_feature=5 3 3 0 0 3 7 3
split_gain=0.0735369 0.0962835 0.195863 0.141085 0.108443 0.139904 0.0982416 0.0981385
threshold=1.0000000180025095e-35 412.50000000000119 697.66666666666674 1.6500000000000006 0.55000000000000016 765.00000000000193 24.500000000000004 765.00000000000193
decision_type=2 2 2 2 2 2 2 2
left_child=-1 -2 -3 4 -4 -6 -7 -5
right_child=1 2 3 7 5 6 -8 -9
leaf_value=0.060412652615334975 -0.055603039004084177 0.089250798442076729 -0.035932240500495739 -0.11187895133935864 0.083182916114859159 -0.054698930370572496 0.044440856043671456 -0.013800982089672004
leaf_weight=0.18643276114016805 0.31936261570081148 0.233738318318501 0.34467194601893403 0.18941511958837498 0.30755491741001606 0.20565069350413978 0.19447680050507188 0.22112453449517488
leaf_count=5 7 6 5 2 4 6 6 8
internal_value=0 -0.00523175 0.0042498 -0.00933149 0.0100654 0.0324682 -0.00651332 -0.0590523
internal_weight=0 2.01599 1.69663 1.46289 1.05235 0.707682 0.400127 0.41054
internal_count=49 44 37 31 21 16 12 10
is_linear=0
shrinkage=0.1


Tree=72
num_leaves=7
num_cat=0
split_feature=5 0 0 11 3 7
split_gain=0.0653332 0.207916 0.162442 0.118771 0.0824929 0.0784811
threshold=151.66129898013955 2.7500000000000013 2.7500000000000013 1.5500000000000003 800.16666666666811 30.500000000000004
decision_type=2 2 2 2 2 2
left_child=1 -1 3 5 -5 -2
right_child=2 -3 -4 4 -6 -7
leaf_value=-0.01370492694157462 0.017133557549180976 0.10842657989094107 -0.074445404754799577 0.1085762572842848 0.0058369501406587594 -0.042395257304054822
leaf_weight=0.41245906939730081 0.44117547711357452 0.21054393518716097 0.31790400203317393 0.16168278269469738 0.15127384243533015 0.44471019878983498
leaf_count=9 6 8 8 3 7 8
internal_value=0 0.0275694 -0.0108939 0.00595841 0.0589152 -0.0127496
internal_weight=0 0.623003 1.51675 1.19884 0.312957 0.885886
internal_count=49 17 32 24 10 14
is_linear=0
shrinkage=0.1


Tree=73
num_leaves=8
num_cat=0
split_feature=7 11 11 10 11 10 10
split_gain=0.0627552 0.168458 0.163221 0.0851131 0.136647 0.0848137 0.0231815
threshold=15.500000000000002 3.300000000000002 2.7499999999999996 386.33333333333377 0.90000000000000002 350.50000000000051 401.50000000000006
decision_type=2 2 2 2 2 2 2
left_child=1 -1 3 5 -5 -2 -6
right_child=2 -3 -4 4 6 -7 -8
leaf_value=-0.057563266169957286 0.028476452015258787 0.10332406101777798 -0.059677467715671867 0.10678060996707844 -0.02445141741145463 -0.036112540785188156 0.028576017058610282
leaf_weight=0.1027287931647155 0.34712362289428689 0.17757762828841805 0.43733810633420933 0.20115369185805321 0.16402140725404024 0.49070337368175387 0.16574917640537024
leaf_count=6 5 9 6 5 4 8 6
internal_value=0 0.0443609 -0.00649454 0.0104983 0.0418237 -0.0093524 0.00220121
internal_weight=0 0.280306 1.80609 1.36875 0.530924 0.837827 0.329771
internal_count=49 15 34 28 15 13 10
is_linear=0
shrinkage=0.1


Tree=74
num_leaves=9
num_cat=0
split_feature=7 11 11 3 7 7 5 11
split_gain=0.0554822 0.120958 0.103024 0.0880131 0.172744 0.121667 0.0660553 0.130686
threshold=12.500000000000002 3.300000000000002 3.300000000000002 412.50000000000119 36.500000000000007 30.500000000000004 1183.6507936507917 2.1000000000000005
decision_type=2 2 2 2 2 2 2 2
left_child=2 3 -1 -2 5 6 7 -5
right_child=1 -3 -4 4 -6 -7 -8 -9
leaf_value=-0.044801998097923068 -0.040956130153007822 -0.077029303813645394 0.10295254618206769 0.10590597362503107 0.076840171344205122 -0.065415877155636501 -0.017695777287106328 -0.013859616492076204
leaf_weight=0.073755641467869615 0.34233656339347351 0.20754158496856678 0.13102214736863971 0.17867324012331642 0.34288027044385672 0.2526862844824791 0.31481099128723145 0.18590883538126945
leaf_count=4 7 4 8 7 8 5 3 3
internal_value=0 -0.00515945 0.0497352 0.00406333 0.0161514 -0.00617392 0.0158599 0.0448347
internal_weight=0 1.82484 0.204778 1.6173 1.27496 0.932079 0.679393 0.364582
internal_count=49 37 12 33 26 18 13 10
is_linear=0
shrinkage=0.1


Tree=75
num_leaves=9
num_cat=0
split_feature=10 5 10 5 0 10 7 5
split_gain=0.0612387 0.0628673 0.0737115 0.187972 0.112432 0.183 0.0342881 0.0600565
threshold=624.16666666666617 151.66129898013955 350.50000000000051 1183.6507936507917 2.7500000000000013 399.333333333334 33.500000000000007 1.0000000180025095e-35
decision_type=2 2 2 2 2 2 2 2
left_child=1 6 -3 4 5 -4 7 -1
right_child=-2 2 3 -5 -6 -7 -8 -9
leaf_value=0.10617720001537712 0.051081928654815471 0.031309882644112781 0.070543624655830528 -0.11061002943796557 -0.064411288092924929 -0.049795507011859926 -0.0031762747381039397 0.010235783249323532
leaf_weight=0.10658912360668171 0.21273876610212039 0.24001046083867528 0.29770409013144672 0.22544625401496887 0.23128004465252161 0.21957058273255825 0.260697977617383 0.16820818895939738
leaf_count=2 9 3 7 3 7 5 4 9
internal_value=0 -0.00573901 -0.0183289 -0.0305607 -0.00645183 0.0194626 0.0228032 0.0474498
internal_weight=0 1.74951 1.21401 0.974001 0.748555 0.517275 0.535495 0.274797
internal_count=49 40 25 22 19 12 15 11
is_linear=0
shrinkage=0.1


Tree=76
num_leaves=9
num_cat=0
split_feature=3 0 11 3 11 0 11 11
split_gain=0.056032 0.111815 0.111376 0.0795281 0.149725 0.167157 0.122447 2.86066e-05
threshold=798.33333333333303 0.55000000000000016 3.300000000000002 764.66666666666515 0.55000000000000004 2.7500000000000013 0.55000000000000004 1.0500000000000003
decision_type=2 2 2 2 2 2 2 2
left_child=3 -2 7 4 -1 -6 -5 -3
right_child=1 2 -4 6 5 -7 -8 -9
leaf_value=0.075857526167262282 -0.052832345228770165 0.10526897278964087 -0.004446928509160313 -0.11074767622582174 -0.054322832320875619 0.058919923235749939 -0.0085511694331923526 0.10293136609543332
leaf_weight=0.24175011552870251 0.12641208991408359 0.093406215310096741 0.17106212023645639 0.16756297647953033 0.40078106708824635 0.19317443482577801 0.39038155879825354 0.11910457722842693
leaf_count=4 3 2 5 2 8 8 8 9
internal_value=0 0.0287323 0.0556131 -0.0100072 0.00951151 -0.0174925 -0.039243 0.103959
internal_weight=0 0.509985 0.383573 1.39365 0.835706 0.593956 0.557945 0.212511
internal_count=49 19 16 30 20 16 10 11
is_linear=0
shrinkage=0.1


Tree=77
num_leaves=8
num_cat=0
split_feature=3 3 3 5 11 10 10
split_gain=0.0478625 0.103072 0.066693 0.131548 0.114227 0.0661993 0.0299429
threshold=798.33333333333303 1250.9999999999984 764.66666666666515 169.14042978510807 0.55000000000000004 401.50000000000006 349.33333333333337
decision_type=2 2 2 2 2 2 2
left_child=2 5 3 6 -4 -2 -1
right_child=1 -3 4 -5 -6 -7 -8
leaf_value=-0.037066784021103971 0.050759921760923303 0.10360182259736116 -0.10962970533825217 0.076189170566886899 -0.0077008435557060113 -0.036564349929669664 0.0075744324826729457
leaf_weight=0.3060024296864865 0.14806489646434795 0.12973404582589865 0.1530841737985611 0.21375032141804695 0.39015157800167799 0.20985265215858817 0.29520106269046664
leaf_count=8 5 6 2 3 8 8 9
internal_value=0 0.0272394 -0.00928306 0.00880898 -0.0364245 -0.000439663 -0.0151472
internal_weight=0 0.487652 1.35819 0.814954 0.543236 0.357918 0.601203
internal_count=49 19 30 20 10 13 17
is_linear=0
shrinkage=0.1


Tree=78
num_leaves=8
num_cat=0
split_feature=7 13 7 7 7 3 5
split_gain=0.0579602 0.116404 0.16188 0.0854276 0.0891791 0.0555125 0.15694
threshold=30.500000000000004 1.0000000180025095e-35 39.500000000000007 24.500000000000004 15.500000000000002 847.00000000000466 151.66129898013955
decision_type=2 2 2 2 2 2 2
left_child=3 -2 -3 4 5 6 -1
right_child=1 2 -4 -5 -6 -7 -8
leaf_value=0.10216051573488656 0.035017851280384725 -0.087946450892609621 0.022926294910819364 0.056724162882066831 -0.034610958350144903 0.10294277004377517 -0.10251415554850932
leaf_weight=0.078755504335276783 0.26731892675161362 0.34217170439660549 0.21407619770616293 0.34622451663017273 0.39113349840044975 0.09351000445894897 0.071452470496296883
leaf_count=7 4 7 8 6 9 5 3
internal_value=0 -0.0192138 -0.0452762 0.0167661 -0.00502561 0.0424548 0.00479877
internal_weight=0 0.823567 0.556248 0.981076 0.634851 0.243718 0.150208
internal_count=49 19 15 30 24 15 10
is_linear=0
shrinkage=0.1


Tree=79
num_leaves=7
num_cat=0
split_feature=0 11 11 0 11 3
split_gain=0.0466461 0.0793163 0.183842 0.124154 0.0509443 0.0376524
threshold=4.75 2.7499999999999996 1.5500000000000003 2.7500000000000013 0.90000000000000002 764.66666666666515
decision_type=2 2 2 2 2 2
left_child=1 2 4 -3 5 -1
right_child=-2 3 -4 -5 -6 -7
leaf_value=0.04757037975063412 -0.045762856652505575 -0.075678553362043363 0.10586499273498194 0.026781392434603229 -0.029528265810940781 -0.005620182680470944
leaf_weight=0.25859856465831377 0.19517985871061694 0.25368854869157065 0.2068591914139688 0.2215416623512283 0.33595573762431741 0.27419028431177139
leaf_count=6 8 5 9 7 9 5
internal_value=0 0.00610897 0.0211412 -0.027914 0.000967421 0.0201968
internal_weight=0 1.55083 1.0756 0.47523 0.868745 0.532789
internal_count=49 41 29 12 20 11
is_linear=0
shrinkage=0.1


Tree=80
num_leaves=9
num_cat=0
split_feature=3 3 0 11 3 11 5 0
split_gain=0.0475153 0.0903179 0.120755 0.10656 0.0551658 0.106922 0.0946537 0.126765
threshold=798.33333333333303 1250.9999999999984 0.65000000000000002 2.1000000000000005 764.66666666666515 0.55000000000000004 169.14042978510807 2.7500000000000013
decision_type=2 2 2 2 2 2 2 2
left_child=4 2 -2 -4 6 -6 7 -1
right_child=1 -3 3 -5 5 -7 -8 -9
leaf_value=-0.045574914691456012 -0.10450578690632309 0.10333355943181466 0.10335372229447455 -0.027223371331128839 -0.10894358364942508 -0.0067038095426903664 0.068521851430372913 0.057219338477926478
leaf_weight=0.3804651661776004 0.081178460270166508 0.11806031130254269 0.12089440273120999 0.12938087340444326 0.14131728559732437 0.37036989256739616 0.19049197062849998 0.17521480866707861
leaf_count=9 2 6 7 4 2 8 3 8
internal_value=0 0.0282275 0.00147557 0.0358513 -0.00965103 -0.0349403 0.00769108 -0.0131622
internal_weight=0 0.449514 0.331454 0.250275 1.25786 0.511687 0.746172 0.55568
internal_count=49 19 13 11 30 10 20 17
is_linear=0
shrinkage=0.1


Tree=81
num_leaves=8
num_cat=0
split_feature=5 5 10 10 5 11 10
split_gain=0.0413892 0.0566742 0.144831 0.138799 0.0420855 0.0332089 0.0137343
threshold=151.66129898013955 351.49621212121195 350.50000000000051 386.33333333333377 822.11111111111188 3.0000000000000009 382.66666666666703
decision_type=2 2 2 2 2 2 2
left_child=5 6 -3 -4 -5 -1 -2
right_child=1 2 3 4 -6 -7 -8
leaf_value=0.058497962345503557 -0.01963151540502751 0.11138026677236379 -0.079130391943743286 -0.013500594759013189 0.058503137910514827 0.0045081949969554063 -0.052187637794900377
leaf_weight=0.1828384678810836 0.28701877593994118 0.11556480638682842 0.19516494474373758 0.14349705679342151 0.18690586276352406 0.30228376050945371 0.23623553663492203
leaf_count=7 5 2 5 7 6 10 7
internal_value=0 -0.00990886 0.010022 -0.0122652 0.0272312 0.0248565 -0.0343297
internal_weight=0 1.16439 0.641133 0.525568 0.330403 0.485122 0.523254
internal_count=49 32 20 18 13 17 12
is_linear=0
shrinkage=0.1


Tree=82
num_leaves=10
num_cat=0
split_feature=7 7 10 7 10 5 0 11 11
split_gain=0.060042 0.122437 0.102469 0.111899 0.0592513 0.130793 0.179742 0.0535451 0.052135
threshold=30.500000000000004 27.500000000000004 236.66666666666654 36.500000000000007 382.33333333333036 1183.6507936507917 4.75 4.6000000000000032 3.0000000000000009
decision_type=2 2 2 2 2 2 2 2 2
left_child=1 4 -2 -4 -1 6 7 -6 -5
right_child=2 -3 3 8 5 -7 -8 -9 -10
leaf_value=0.046774085563784068 -0.10718941777326081 0.10557274169815792 -0.067397864605037813 0.055246879633885276 0.1057706631614608 -0.10742277875663891 -0.072796936910827434 0.012420225678133851 -0.014692121854010113
leaf_weight=0.21124151640105993 0.11540562659502029 0.13521689176559448 0.19546637684106827 0.23726300150156021 0.13762220332864672 0.12044308334589005 0.15617256332188845 0.11100723966956139 0.19351434521377087
leaf_count=8 2 3 5 9 8 2 6 3 3
internal_value=0 0.0181068 -0.0206019 -0.00464534 0.00204829 -0.0159394 0.0112802 0.0640919 0.0238288
internal_weight=0 0.871703 0.741649 0.626244 0.736487 0.525245 0.404802 0.248629 0.430777
internal_count=49 30 19 17 27 19 17 11 12
is_linear=0
shrinkage=0.1


Tree=83
num_leaves=7
num_cat=0
split_feature=7 11 13 7 7 7
split_gain=0.0536152 0.103736 0.0567771 0.04599 0.152722 0.0331651
threshold=12.500000000000002 2.7499999999999996 1.0000000180025095e-35 30.500000000000004 36.500000000000007 24.500000000000004
decision_type=2 2 2 2 2 2
left_child=2 3 -1 5 -5 -2
right_child=1 -3 -4 4 -6 -7
leaf_value=-0.016991396505265387 0.0035776344271238555 -0.048619608535020911 0.10216637515918617 -0.070061442486692743 0.044403252309558772 0.055240266427455942
leaf_weight=0.067142082378268242 0.22191446437500395 0.40612189844250679 0.098875072901137284 0.22611093707382679 0.2405888675712049 0.28236961248330772
leaf_count=3 8 8 9 6 9 6
internal_value=0 -0.00618116 0.0539756 0.0115691 -0.0110536 0.0325057
internal_weight=0 1.37711 0.166017 0.970984 0.4667 0.504284
internal_count=49 37 12 29 15 14
is_linear=0
shrinkage=0.1


Tree=84
num_leaves=8
num_cat=0
split_feature=5 5 10 5 10 5 10
split_gain=0.0341756 0.0479144 0.0345151 0.0854201 0.0259716 0.0133645 0.0101367
threshold=151.66129898013955 351.49621212121195 382.33333333333036 1183.6507936507917 349.33333333333337 822.11111111111188 382.66666666666703
decision_type=2 2 2 2 2 2 2
left_child=4 6 -3 5 -1 -4 -2
right_child=1 2 3 -5 -6 -7 -8
leaf_value=-0.0058878866869296193 -0.019404208009627895 0.055436290602209261 0.0062950328646000329 -0.067917894001957829 0.042882345149295398 0.048886938298249111 -0.0483579201953801
leaf_weight=0.18294545973185461 0.26599361747503258 0.13000214379280806 0.15032996342051774 0.13903546333312988 0.27084834384731948 0.14447256259154528 0.22169884480535984
leaf_count=7 5 3 8 3 10 6 7
internal_value=0 -0.00961387 0.0102387 -0.00330502 0.0232208 0.0271679 -0.0325662
internal_weight=0 1.05153 0.56384 0.433838 0.453794 0.294803 0.487692
internal_count=49 32 20 17 17 14 12
is_linear=0
shrinkage=0.1


Tree=85
num_leaves=7
num_cat=0
split_feature=7 11 11 10 7 7
split_gain=0.052306 0.117829 0.105542 0.0590928 0.106296 0.0808213
threshold=15.500000000000002 3.300000000000002 2.7499999999999996 382.33333333333491 36.500000000000007 30.500000000000004
decision_type=2 2 2 2 2 2
left_child=1 -1 3 -2 5 -5
right_child=2 -3 -4 4 -6 -7
leaf_value=-0.058414196297241143 -0.0144117453533268 0.10260053067564397 -0.054215191586474892 0.051802398032199493 0.10327496548693318 -0.05120122236253271
leaf_weight=0.069055814645253233 0.47574830055236794 0.13294695864897221 0.34787426702678204 0.15622184635140002 0.15503247594460845 0.14867118932306767
leaf_count=6 9 9 6 8 7 4
internal_value=0 0.0475567 -0.00718706 0.0102975 0.0358569 0.00157603
internal_weight=0 0.202003 1.28355 0.935674 0.459926 0.304893
internal_count=49 15 34 28 19 12
is_linear=0
shrinkage=0.1


Tree=86
num_leaves=9
num_cat=0
split_feature=7 7 3 13 10 5 3 10
split_gain=0.0458149 0.0663529 0.0681063 0.172579 0.13804 0.0648391 0.039847 0.0781619
threshold=15.500000000000002 18.500000000000004 412.50000000000119 1.0000000180025095e-35 382.66666666666703 822.11111111111188 847.00000000000466 382.33333333333036
decision_type=2 2 2 2 2 2 2 2
left_child=6 -2 -3 -4 -5 -6 7 -1
right_child=1 2 3 4 5 -7 -8 -9
leaf_value=0.10185685637195295 -0.069767161639281913 -0.042765229059939958 0.10764499076761989 0.040642163240408674 -0.087327724056404307 -0.0013774126137398096 0.1025006230352157 -0.066285437335952949
leaf_weight=0.049810047843493632 0.14674529619514931 0.26180160976946332 0.16414749075192925 0.32401285041123662 0.19969056267291307 0.15659815119579434 0.075601218035444617 0.062132742255926132
leaf_count=6 3 7 4 7 8 5 5 4
internal_value=0 -0.00658421 0.00179707 0.0156126 -0.0065936 -0.0495503 0.0464114 0.00853113
internal_weight=0 1.253 1.10625 0.844449 0.680302 0.356289 0.187544 0.111943
internal_count=49 34 31 24 20 13 15 10
is_linear=0
shrinkage=0.1


Tree=87
num_leaves=8
num_cat=0
split_feature=7 7 7 11 7 11 11
split_gain=0.0430234 0.102846 0.0721301 0.0500067 0.0474173 0.09923 0.0249879
threshold=30.500000000000004 27.500000000000004 36.500000000000007 2.7499999999999996 15.500000000000002 3.300000000000002 2.1000000000000005
decision_type=2 2 2 2 2 2 2
left_child=1 4 -2 -4 5 -1 -6
right_child=2 -3 3 -5 6 -7 -8
leaf_value=-0.055559210531848729 -0.067475925449576507 0.1045915616958336 0.038805845427552867 -0.028722583589787271 0.0067620878841523381 0.10212329819703932 -0.040089220893258462
leaf_weight=0.062280743150040507 0.20541858673095703 0.11299372091889381 0.21474902983754873 0.22409673593938351 0.23473937960807234 0.11110630893381312 0.22102499753236771
leaf_count=6 6 3 9 4 8 9 4
internal_value=0 0.0167502 -0.0185699 0.00432243 0.000974141 0.0454836 -0.0159587
internal_weight=0 0.742145 0.644264 0.438846 0.629151 0.173387 0.455764
internal_count=49 30 19 13 27 15 12
is_linear=0
shrinkage=0.1


Tree=88
num_leaves=9
num_cat=0
split_feature=7 13 7 0 7 5 5 5
split_gain=0.0361972 0.099266 0.0956607 0.070789 0.150998 0.0973361 0.0305542 0.0264758
threshold=30.500000000000004 1.0000000180025095e-35 39.500000000000007 1.6500000000000006 12.500000000000002 1183.6507936507917 151.66129898013955 254.70114942528883
decision_type=2 2 2 2 2 2 2 2
left_child=3 -2 -3 5 6 7 -5 -1
right_child=1 2 -4 4 -6 -7 -8 -9
leaf_value=0.043968695359777876 0.036183084924562535 -0.084798561678419898 0.015032441319983948 0.10134220137195993 -0.10566659871180964 -0.016598977567847683 0.0022576571141504236 0.10569673716392188
leaf_weight=0.13280113413929939 0.22508429549634457 0.25085852295160294 0.15547258034348488 0.060403492068871856 0.12372434046119452 0.18976448848843575 0.064197630621492863 0.14573445485439152
leaf_count=5 4 7 8 8 3 3 4 7
internal_value=0 -0.0170903 -0.0466007 0.0157484 -0.0274123 0.0386352 0.0502914 0.0762658
internal_weight=0 0.631415 0.406331 0.716626 0.248325 0.4683 0.124601 0.278536
internal_count=49 19 15 30 15 15 12 12
is_linear=0
shrinkage=0.1


Tree=89
num_leaves=8
num_cat=0
split_feature=3 7 3 0 0 7 3
split_gain=0.0395777 0.0678636 0.0751364 0.106162 0.0630025 0.0561727 0.0305188
threshold=412.50000000000119 45.500000000000007 798.33333333333303 1.6500000000000006 0.55000000000000016 36.500000000000007 1141.0000000000002
decision_type=2 2 2 2 2 2 2
left_child=5 2 3 -2 -4 -1 -6
right_child=1 -3 4 -5 6 -7 -8
leaf_value=0.02088782546086141 0.0089968496726049989 0.07544098811145121 -0.036450169078144821 -0.082356807847226821 0.10224869423600275 -0.068915394445678957 0.028794256292703158
leaf_weight=0.11753772047813993 0.37284565903246381 0.13577317446470261 0.080977700650691986 0.19308552832808346 0.11566820368170738 0.17097153048962355 0.11069261527154595
leaf_count=7 8 3 3 9 8 4 7
internal_value=0 0.00967053 -0.000555256 -0.0221714 0.0392485 -0.0323299 0.0663288
internal_weight=0 1.00904 0.87327 0.565931 0.307339 0.288509 0.226361
internal_count=49 38 35 17 18 11 15
is_linear=0
shrinkage=0.1


Tree=90
num_leaves=7
num_cat=0
split_feature=10 7 7 10 11 7
split_gain=0.0339398 0.0424096 0.123616 0.0704118 0.0644258 0.0588029
threshold=624.16666666666617 30.500000000000004 39.500000000000007 382.33333333333036 0.55000000000000004 18.500000000000004
decision_type=2 2 2 2 2 2
left_child=1 3 -3 -1 -5 -6
right_child=-2 2 -4 4 5 -7
leaf_value=0.060221690343937276 0.044655162741091686 -0.080536317772483768 0.021885090885493039 -0.069181130202360858 -0.034066835841769276 0.054110382686341621
leaf_weight=0.19998958107316844 0.15187494340352725 0.23192744329571724 0.23955469997599721 0.13393428921699524 0.13868105411529541 0.16634194005746394
leaf_count=9 9 7 7 3 8 6
internal_value=0 -0.0057469 -0.0284972 0.0110406 -0.0113663 0.0140199
internal_weight=0 1.11043 0.471482 0.638947 0.438957 0.305023
internal_count=49 40 14 26 17 14
is_linear=0
shrinkage=0.1


Tree=91
num_leaves=8
num_cat=0
split_feature=3 5 3 3 11 3 0
split_gain=0.0332231 0.161691 0.0436083 0.0625326 0.0778186 0.0203274 0.00407654
threshold=412.50000000000119 120.07713884992931 764.66666666666515 771.16666666667118 0.90000000000000002 847.00000000000466 1.1000000000000003
decision_type=2 2 2 2 2 2 2
left_child=1 -1 -2 -4 -5 -6 -7
right_child=2 -3 3 4 5 6 -8
leaf_value=0.055707164821774728 0.042283529709819107 -0.099426574424468075 -0.040628551380058955 0.10327962819513155 -0.033349965119406265 0.033938101992789224 0.0037887596519388836
leaf_weight=0.12080861430149525 0.27928866259753704 0.15136215928941965 0.28232283610850573 0.089031469076871872 0.12792317615821958 0.089463176438584924 0.08992712339386344
leaf_count=7 9 4 7 3 8 6 5
internal_value=0 -0.0305673 0.00902418 -0.00466287 0.0209561 -0.00289382 0.0188244
internal_weight=0 0.272171 0.957956 0.678668 0.396345 0.307313 0.17939
internal_count=49 11 38 29 22 19 11
is_linear=0
shrinkage=0.1


Tree=92
num_leaves=8
num_cat=0
split_feature=3 3 0 3 0 3 0
split_gain=0.0289154 0.0677542 0.052777 0.0303325 0.0363245 0.0782239 0.046451
threshold=798.33333333333303 1250.9999999999984 1.3500000000000003 765.00000000000193 0.55000000000000016 412.50000000000119 1.6500000000000006
decision_type=2 2 2 2 2 2 2
left_child=3 2 -2 4 -1 -6 -7
right_child=1 -3 -4 -5 5 6 -8
leaf_value=-0.048752503419182663 -0.043620070497742809 0.10257168613171741 0.054250903600210225 -0.047537973894645619 -0.041927637302527437 0.07274585703544062 0.0043890681326699847
leaf_weight=0.12650082819163799 0.13010206841863692 0.085023148683831096 0.09557340107858181 0.16571580339223146 0.19367097551003098 0.18228789046406746 0.2186519771348685
leaf_count=3 6 6 7 6 9 4 8
internal_value=0 0.0264914 -0.00217178 -0.0089587 -9.29554e-05 0.0102591 0.0354676
internal_weight=0 0.310699 0.225675 0.886827 0.721112 0.594611 0.40094
internal_count=49 19 13 30 24 21 12
is_linear=0
shrinkage=0.1


Tree=93
num_leaves=9
num_cat=0
split_feature=3 10 10 3 0 0 0 3
split_gain=0.0244654 0.0631014 0.0843311 0.0287089 0.0496107 0.0951881 0.00690342 0.00211367
threshold=798.33333333333303 624.16666666666617 609.00000000000011 764.66666666666515 2.7500000000000013 1.1000000000000003 1.1000000000000003 800.16666666666811
decision_type=2 2 2 2 2 2 2 2
left_child=3 2 7 4 5 -1 -5 -2
right_child=1 -3 -4 6 -6 -7 -8 -9
leaf_value=0.040433788316555641 0.054632690865816916 0.10228692404492906 -0.086456149201797006 -0.044680246897805698 0.061373331151575367 -0.056877008456042259 -0.016314503617738143 0.030255736103027692
leaf_weight=0.19147101603448391 0.075660388451069593 0.077989814919419587 0.077385231852531433 0.17420602031052113 0.12536759080830961 0.21162403840571642 0.16906195133924484 0.067127657006494701
leaf_count=6 4 6 3 5 8 6 5 6
internal_value=0 0.0249911 -0.00238858 -0.00819307 0.00643297 -0.0106542 -0.0307099 0.0431726
internal_weight=0 0.298163 0.220173 0.871731 0.528463 0.403095 0.343268 0.142788
internal_count=49 19 13 30 20 12 10 10
is_linear=0
shrinkage=0.1


Tree=94
num_leaves=7
num_cat=0
split_feature=7 11 10 7 7 11
split_gain=0.0308477 0.0781537 0.0450515 0.0763544 0.0464266 0.032863
threshold=12.500000000000002 2.7499999999999996 382.33333333333491 36.500000000000007 30.500000000000004 5.6500000000000039
decision_type=2 2 2 2 2 2
left_child=5 2 -2 4 -4 -1
right_child=1 -3 3 -5 -6 -7
leaf_value=-0.0080429766358659019 -0.010945069775483492 -0.047584385075880448 0.045504703743239901 0.10248016245428498 -0.046238340497719375 0.10169326526908036
leaf_weight=0.051002949767280481 0.38145353551954009 0.30499823950231075 0.12218841660069302 0.12211154215037823 0.10055158659815788 0.058697468193713576
leaf_count=7 9 8 9 7 4 5
internal_value=0 -0.00510361 0.0127354 0.0389293 0.00408911 0.0506737
internal_weight=0 1.0313 0.726305 0.344852 0.22274 0.1097
internal_count=49 37 29 20 13 12
is_linear=0
shrinkage=0.1


Tree=95
num_leaves=9
num_cat=0
split_feature=5 11 3 7 10 3 3 10
split_gain=0.0264718 0.0424636 0.0342649 0.038916 0.0231481 0.086568 0.0105222 0.0033812
threshold=151.66129898013955 2.7499999999999996 771.16666666667118 36.500000000000007 349.33333333333337 412.50000000000119 764.66666666666515 399.333333333334
decision_type=2 2 2 2 2 2 2 2
left_child=4 2 6 7 -1 -6 -2 -4
right_child=1 -3 3 -5 5 -7 -8 -9
leaf_value=-0.0089947433965857099 0.0019098887983793967 -0.056409357707208035 0.023908027302751222 0.10192555904887174 -0.023270460175691933 0.10585619973314625 -0.030415493239883254 -0.0063125204226826123
leaf_weight=0.13371562014799565 0.19066960550844669 0.15680224727839231 0.06681987305637449 0.060971536207944155 0.099175540264695883 0.10895993746817112 0.21340006962418556 0.08302248507970944
leaf_count=7 5 7 4 5 5 5 5 6
internal_value=0 -0.00995692 0.00188897 0.0345708 0.0234707 0.044328 -0.015162 0.00716386
internal_weight=0 0.771686 0.614884 0.210814 0.341851 0.208135 0.40407 0.149842
internal_count=49 32 25 15 17 10 10 10
is_linear=0
shrinkage=0.1


Tree=96
num_leaves=8
num_cat=0
split_feature=10 3 3 11 10 11 10
split_gain=0.0209039 0.0251857 0.0902217 0.0333571 0.0227373 0.0569184 0.00537145
threshold=624.16666666666617 412.50000000000119 697.66666666666674 3.0000000000000009 382.33333333333036 0.55000000000000004 386.33333333333377
decision_type=2 2 2 2 2 2 2
left_child=1 -1 -3 4 -4 -6 -7
right_child=-2 2 3 -5 5 6 -8
leaf_value=-0.033804828136258923 0.039601786680967671 0.085255377889158657 0.042554788635417805 -0.052349524552707943 -0.070654466902444604 0.030703847586697738 0.0021834047407425969
leaf_weight=0.22566038754303008 0.12063360802130774 0.11626295035239309 0.10776617377996445 0.14690930908545852 0.10837608203291893 0.12252059380989522 0.14323712443001568
leaf_count=9 9 6 3 7 3 4 8
internal_value=0 -0.00453646 0.00432806 -0.0106349 0.00208199 -0.00957587 0.015332
internal_weight=0 0.970733 0.745072 0.628809 0.4819 0.374134 0.265758
internal_count=49 40 31 25 18 15 12
is_linear=0
shrinkage=0.1


Tree=97
num_leaves=7
num_cat=0
split_feature=7 13 7 7 7 11
split_gain=0.0367233 0.0739282 0.0725454 0.0353299 0.0406682 0.0715633
threshold=30.500000000000004 1.0000000180025095e-35 39.500000000000007 24.500000000000004 15.500000000000002 3.300000000000002
decision_type=2 2 2 2 2 2
left_child=3 -2 -3 4 5 -1
right_child=1 2 -4 -5 -6 -7
leaf_value=-0.049128594674586842 0.033924920477065072 -0.087029304691233225 0.009625209198132435 0.050821794815250766 -0.025168450189107291 0.10154641904996349
leaf_weight=0.0512285505537875 0.16814190708100796 0.19168959371745586 0.13053434900939465 0.20428277470637113 0.24309019232168794 0.081940603151451796
leaf_count=6 4 7 8 6 9 9
internal_value=0 -0.019826 -0.0478741 0.0173421 -0.000835103 0.0435836
internal_weight=0 0.490366 0.322224 0.580542 0.376259 0.133169
internal_count=49 19 15 30 24 15
is_linear=0
shrinkage=0.1


Tree=98
num_leaves=9
num_cat=0
split_feature=7 0 11 5 3 7 11 0
split_gain=0.0309197 0.0558173 0.066493 0.123757 0.0489903 0.0754617 4.76648e-05 1.64943e-05
threshold=30.500000000000004 4.75 4.6000000000000032 1183.6507936507917 412.50000000000119 36.500000000000007 2.4000000000000008 0.55000000000000016
decision_type=2 2 2 2 2 2 2 2
left_child=1 2 3 6 -2 -6 7 -1
right_child=4 -3 -4 -5 5 -7 -8 -9
leaf_value=0.10364904619985744 -0.064759825059082995 -0.047851793064055174 -0.037380363475457784 -0.016665298663582039 -0.057630987921883974 0.041984008395988502 0.10576762557742264 0.10131337786065041
leaf_weight=0.067878544330596924 0.15453889966011047 0.1099851499311626 0.1071644676849246 0.14809447899460793 0.12341378815472126 0.19813370890915394 0.078334969817660749 0.054519621771760285
leaf_count=2 5 8 4 3 5 9 5 8
internal_value=0 0.0160917 0.0315149 0.0526804 -0.0184881 0.00375058 0.103841 0.102609
internal_weight=0 0.565977 0.455992 0.348828 0.476086 0.321547 0.200733 0.122398
internal_count=49 30 22 18 19 14 15 10
is_linear=0
shrinkage=0.1


Tree=99
num_leaves=8
num_cat=0
split_feature=7 11 3 3 11 7 5
split_gain=0.0284407 0.0733804 0.0602842 0.0409553 0.0279571 0.0231047 0.00886758
threshold=12.500000000000002 2.7499999999999996 196.00000000000003 798.33333333333303 5.6500000000000039 36.500000000000007 1183.6507936507917
decision_type=2 2 2 2 2 2 2
left_child=4 2 -2 6 -1 -5 -4
right_child=1 -3 3 5 -6 -7 -8
leaf_value=-0.0067879724942571627 0.10248794686896229 -0.049004389611200967 -0.00075753440728313043 0.018707869524147203 0.10156508825273143 0.10164838839693056 -0.029921725198592947
leaf_weight=0.043801007996080443 0.067690142430365086 0.26865901704877615 0.25225487351417542 0.093495845561847091 0.052181977196596563 0.052416332298889756 0.17770072445273399
leaf_count=7 4 8 8 8 5 5 4
internal_value=0 -0.00510746 0.0132177 0.00272448 0.0521191 0.0485028 -0.0128111
internal_weight=0 0.912217 0.643558 0.575868 0.095983 0.145912 0.429956
internal_count=49 37 29 25 12 13 12
is_linear=0
shrinkage=0.1


end of trees

feature_importances:
taskNum=163
scroll_length=116
scroll_time=113
s_scroll_speed=106
response_time=97
s_view_position=91
s_choice_left=12
event_scroll=2

parameters:
[boosting: gbdt]
[objective: binary]
[metric: binary_error]
[tree_learner: serial]
[device_type: cpu]
[data_sample_strategy: bagging]
[data: ]
[valid: ]
[num_iterations: 100]
[learning_rate: 0.1]
[num_leaves: 31]
[num_threads: 0]
[seed: 0]
[deterministic: 0]
[force_col_wise: 0]
[force_row_wise: 0]
[histogram_pool_size: -1]
[max_depth: -1]
[min_data_in_leaf: 5]
[min_sum_hessian_in_leaf: 0.001]
[bagging_fraction: 1]
[pos_bagging_fraction: 1]
[neg_bagging_fraction: 1]
[bagging_freq: 0]
[bagging_seed: 3]
[feature_fraction: 0.6]
[feature_fraction_bynode: 1]
[feature_fraction_seed: 2]
[extra_trees: 0]
[extra_seed: 6]
[early_stopping_round: 0]
[first_metric_only: 0]
[max_delta_step: 0]
[lambda_l1: 0]
[lambda_l2: 0]
[linear_lambda: 0]
[min_gain_to_split: 0]
[drop_rate: 0.1]
[max_drop: 50]
[skip_drop: 0.5]
[xgboost_dart_mode: 0]
[uniform_drop: 0]
[drop_seed: 4]
[top_rate: 0.2]
[other_rate: 0.1]
[min_data_per_group: 100]
[max_cat_threshold: 32]
[cat_l2: 10]
[cat_smooth: 10]
[max_cat_to_onehot: 4]
[top_k: 20]
[monotone_constraints: ]
[monotone_constraints_method: basic]
[monotone_penalty: 0]
[feature_contri: ]
[forcedsplits_filename: ]
[refit_decay_rate: 0.9]
[cegb_tradeoff: 1]
[cegb_penalty_split: 0]
[cegb_penalty_feature_lazy: ]
[cegb_penalty_feature_coupled: ]
[path_smooth: 0]
[interaction_constraints: ]
[verbosity: -1]
[saved_feature_importance_type: 0]
[use_quantized_grad: 0]
[num_grad_quant_bins: 4]
[quant_train_renew_leaf: 0]
[stochastic_rounding: 1]
[linear_tree: 0]
[max_bin: 255]
[max_bin_by_feature: ]
[min_data_in_bin: 3]
[bin_construct_sample_cnt: 200000]
[data_random_seed: 1]
[is_enable_sparse: 1]
[enable_bundle: 1]
[use_missing: 1]
[zero_as_missing: 0]
[feature_pre_filter: 0]
[pre_partition: 0]
[two_round: 0]
[header: 0]
[label_column: ]
[weight_column: ]
[group_column: ]
[ignore_column: ]
[categorical_feature: ]
[forcedbins_filename: ]
[precise_float_parser: 0]
[parser_config_file: ]
[objective_seed: 5]
[num_class: 1]
[is_unbalance: 0]
[scale_pos_weight: 1]
[sigmoid: 1]
[boost_from_average: 1]
[reg_sqrt: 0]
[alpha: 0.9]
[fair_c: 1]
[poisson_max_delta_step: 0.7]
[tweedie_variance_power: 1.5]
[lambdarank_truncation_level: 30]
[lambdarank_norm: 1]
[label_gain: ]
[lambdarank_position_bias_regularization: 0]
[eval_at: ]
[multi_error_top_k: 1]
[auc_mu_weights: ]
[num_machines: 1]
[local_listen_port: 12400]
[time_out: 120]
[machine_list_filename: ]
[machines: ]
[gpu_platform_id: -1]
[gpu_device_id: -1]
[gpu_use_dp: 0]
[num_gpu: 1]

end of parameters

pandas_categorical:[]
