tree
version=v4
num_class=1
num_tree_per_iteration=1
label_index=0
max_feature_idx=15
objective=binary sigmoid:1
feature_names=response_time s_tap_count ratio_tap_position_y scroll_length event_scroll s_scroll_speed tap_position_x taskNum tap_position_y screen_width s_view_position predicted_isAnswerCorrect scroll_time ratio_tap_position_x s_choice_left screen_height
feature_infos=[0.10000000000000001:10.399999999999981] [1:1] none [0:1950] [0:6] [-3503.3333333333576:6900.0000000000018] none [1:95] none [390:390] [-343.99999999999989:1145.6666666666642] [0:1] [-0.5:18.799999999999962] none [0:1] [844:844]
tree_sizes=835 850 742 949 840 849 950 749 759 955 958 945 952 950 957 849 956 960 955 957 947 957 857 854 849 853 860 848 835 862 757 957 854 851 854 952 852 858 949 860 855 1055 958 840 857 554 965 854 837 956 936 858 849 746 956 853 841 960 854 955 753 862 756 956 858 760 752 760 654 958 964 851 957 960 943 858 963 960 858 961 958 960 855 961 856 856 863 959 956 857 941 855 961 844 855 853 860 859 752 852

Tree=0
num_leaves=7
num_cat=0
split_feature=12 0 12 10 0 10
split_gain=1.81534 5.2464 1.98918 1.798 0.979167 0.859524
threshold=2.8500000000000001 2.9500000000000015 1.5000000000000002 450.00000000000006 0.45000000000000007 382.33333333333491
decision_type=2 2 2 2 2 2
left_child=2 -2 3 4 -1 -4
right_child=1 -3 5 -5 -6 -7
leaf_value=0.54384344204037161 0.39980236895117993 0.58988935884757221 0.56840126433754534 0.58423459713440729 0.46980883070330398 0.65435364237765314
leaf_weight=3.2576177418232017 3.0249307602643958 2.7922437787055969 2.3268698155879965 4.4210526496171951 3.9556786864995956 2.3268698155879974
leaf_count=14 13 12 10 19 17 10
internal_value=0.538997 0.491044 0.556122 0.53402 0.503244 0.611377
internal_weight=0 5.81717 16.2881 11.6343 7.2133 4.65374
internal_count=95 25 70 50 31 20
is_linear=0
shrinkage=1


Tree=1
num_leaves=7
num_cat=0
split_feature=7 12 12 4 10 7
split_gain=2.25009 6.05794 2.3629 2.73665 2.62526 2.01535
threshold=12.500000000000002 2.8500000000000001 1.5000000000000002 1.0000000180025095e-35 382.833333333334 81.500000000000014
decision_type=2 2 2 2 2 2
left_child=-1 2 3 5 -5 -2
right_child=1 -3 -4 4 -6 -7
leaf_value=0.08440401982589836 0.11471390740796877 -0.12515050969056649 0.080859264721033441 -0.13616925561309751 -0.0013308178444372135 -0.0093553054277003122
leaf_weight=2.7674182057380703 2.3196828365325945 3.8010563254356375 4.0971652269363394 2.3540465533733368 3.7347353994846344 3.0056694895029068
leaf_count=12 10 16 18 10 16 13
internal_value=0 -0.0120104 0.0157147 -0.00766927 -0.0534621 0.0446883
internal_weight=0 19.3124 15.5113 11.4141 6.08878 5.32535
internal_count=95 83 67 49 26 23
is_linear=0
shrinkage=0.1


Tree=2
num_leaves=6
num_cat=0
split_feature=3 3 0 3 0
split_gain=4.24202 1.86364 1.75336 2.03112 0.542029
threshold=1234.3333333333323 196.00000000000003 2.6500000000000017 651.8333333333336 0.65000000000000002
decision_type=2 2 2 2 2
left_child=1 -1 3 -3 -5
right_child=-2 2 -4 4 -6
leaf_value=0.035998755493009647 0.11720481639740353 -0.13305918527435351 0.018191468577180552 -0.062492247186781119 -0.0072249884665652039
leaf_weight=5.033486992120749 2.7147032022476187 2.643799424171446 4.34340876340866 3.0840938091278076 4.1791898459196091
leaf_count=22 12 11 19 13 18
internal_value=0 -0.0163087 -0.0347844 -0.0580098 -0.0306923
internal_weight=0 19.284 14.2505 9.90708 7.26328
internal_count=95 83 61 42 31
is_linear=0
shrinkage=0.1


Tree=3
num_leaves=8
num_cat=0
split_feature=11 7 7 7 7 7 7
split_gain=17.9634 0.557395 1.14148 0.65219 0.581605 0.344364 0.130507
threshold=1.0000000180025095e-35 12.500000000000002 36.500000000000007 51.500000000000007 72.500000000000014 84.500000000000014 24.500000000000004
decision_type=2 2 2 2 2 2 2
left_child=-1 -2 6 -4 -5 -6 -3
right_child=1 2 3 4 5 -7 -8
leaf_value=-0.24406736246767746 0.076107296339176692 0.0037887087375922572 0.08687841903836796 0.0012160705560636171 0.077756531673054061 0.025002525055866892 -0.028109259365597467
leaf_weight=2.6469589322805431 2.675848230719569 2.5462453365325954 2.7547771334648123 3.732972785830496 2.6830670386552811 2.2964984476566315 2.5846177339553833
leaf_count=11 12 11 12 16 12 10 11
internal_value=0 0.0337533 0.0269252 0.0444668 0.0310568 0.0534272 -0.0122796
internal_weight=0 19.274 16.5982 11.4673 8.71254 4.97957 5.13086
internal_count=95 84 72 50 38 22 22
is_linear=0
shrinkage=0.1


Tree=4
num_leaves=7
num_cat=0
split_feature=3 5 5 3 3 5
split_gain=3.34343 2.15977 1.44887 1.06296 1.13535 1.03173
threshold=1234.3333333333323 193.60504920838693 380.29365079364965 575.00000000000375 196.00000000000003 847.77777777777794
decision_type=2 2 2 2 2 2
left_child=1 3 -3 4 -1 -4
right_child=-2 2 5 -5 -6 -7
leaf_value=0.030351218207280418 0.10735446173452852 -0.10409494663911667 0.03044333860551425 0.074975925534885857 -0.042695755774840971 -0.061376264525243363
leaf_weight=4.9304469823837334 2.5717118829488745 3.3005581498146039 2.2987662851810455 2.324354261159896 3.743192195892334 2.6168308854103088
leaf_count=22 12 14 10 10 16 11
internal_value=0 -0.0140575 -0.0528472 0.0149207 -0.0011729 -0.0184371
internal_weight=0 19.2141 8.21616 10.998 8.67364 4.9156
internal_count=95 83 35 48 38 21
is_linear=0
shrinkage=0.1


Tree=5
num_leaves=7
num_cat=0
split_feature=7 7 12 12 12 12
split_gain=1.47071 1.80339 1.48662 1.29388 2.30044 1.07854
threshold=30.500000000000004 72.500000000000014 2.0500000000000003 1.0500000000000003 3.0000000000000013 0.75000000000000011
decision_type=2 2 2 2 2 2
left_child=2 3 -1 -2 -5 -3
right_child=1 5 -4 4 -6 -7
leaf_value=0.092200441789437496 -0.096262174553058549 0.075166233054523024 -0.002276868574476891 0.025724473791948151 -0.095336630596774691 -0.017340109919664289
leaf_weight=2.9554249048233059 3.0501211136579496 2.6594471484422675 3.8159056901931763 4.3567198067903519 2.453652024269104 2.3957539796829224
leaf_count=13 13 12 17 19 10 11
internal_value=0 -0.017237 0.0389588 -0.0421338 -0.0178916 0.0313258
internal_weight=0 14.9157 6.77133 9.86049 6.81037 5.0552
internal_count=95 65 30 42 29 23
is_linear=0
shrinkage=0.1


Tree=6
num_leaves=8
num_cat=0
split_feature=3 5 12 3 3 5 12
split_gain=2.74721 1.74893 1.36594 1.01822 1.11642 0.939026 0.0470633
threshold=1234.3333333333323 193.60504920838693 2.0500000000000003 491.66666666666703 196.00000000000003 798.33333333333405 1.0000000180025095e-35
decision_type=2 2 2 2 2 2 2
left_child=1 3 5 4 6 -3 -1
right_child=-2 2 -4 -5 -6 -7 -8
leaf_value=0.034012969530852678 0.10010653010622315 0.031165293650416665 -0.10295236946791482 0.063470334941086295 -0.052281981308785655 -0.05320877888568825 0.01419162264756001
leaf_weight=2.6251074075698906 2.4466806650161734 2.2862068414688093 2.8624213337898254 3.0023718178272247 3.0541632920503616 3.1179956197738647 2.2032918632030487
leaf_count=12 12 10 12 13 13 13 10
internal_value=0 -0.0124224 -0.0470987 0.0139128 -0.00496307 -0.017515 0.0249681
internal_weight=0 19.1516 8.26662 10.8849 7.88256 5.4042 4.8284
internal_count=95 83 35 48 35 23 22
is_linear=0
shrinkage=0.1


Tree=7
num_leaves=6
num_cat=0
split_feature=11 0 7 7 0
split_gain=12.2645 0.496454 0.59326 1.59463 0.815777
threshold=1.0000000180025095e-35 2.6500000000000017 30.500000000000004 63.500000000000007 0.20000000000000004
decision_type=2 2 2 2 2
left_child=-1 2 -2 -4 -5
right_child=1 -3 3 4 -6
leaf_value=-0.19852654443680076 0.05418131986538785 0.059230713791400616 -0.038081061416500042 -0.002025621685270648 0.070726306377555198
leaf_weight=2.7096841931343105 3.8116442561149624 4.2267164438962928 4.3887788951396924 2.6467595249414444 3.6901750266551971
leaf_count=11 17 19 19 12 17
internal_value=0 0.0290647 0.020294 0.00825136 0.0403399
internal_weight=0 18.7641 14.5374 10.7257 6.33693
internal_count=95 84 65 48 29
is_linear=0
shrinkage=0.1


Tree=8
num_leaves=6
num_cat=0
split_feature=14 12 12 12 0
split_gain=0.793824 0.832914 1.43505 0.967736 1.5829e-06
threshold=1.0000000180025095e-35 2.8500000000000001 1.5000000000000002 0.40000000000000013 0.55000000000000016
decision_type=2 2 2 2 2
left_child=-1 2 3 -2 -5
right_child=1 -3 -4 4 -6
leaf_value=-0.03791204138278155 0.038989531676364209 -0.027896937532414269 0.083633516965860411 -0.024594556690484558 -0.024704398208660123
leaf_weight=4.3221870213747051 4.3823888301849383 4.3016207814216605 2.9855928868055335 2.7271385043859482 2.5282381325960159
leaf_count=19 20 19 14 12 11
internal_value=0 0.0101052 0.023055 0.00428895 -0.0246474
internal_weight=0 16.925 12.6234 9.63777 5.25538
internal_count=95 76 57 43 23
is_linear=0
shrinkage=0.1


Tree=9
num_leaves=8
num_cat=0
split_feature=11 10 10 10 10 10 10
split_gain=9.90676 1.27534 3.52925 0.454954 1.18174 0.86081 0.220227
threshold=1.0000000180025095e-35 399.1666666666643 450.00000000000006 382.33333333333491 350.33333333333945 262.83333333332854 637.83333333333042
decision_type=2 2 2 2 2 2 2
left_child=-1 3 -3 4 5 -2 -4
right_child=1 2 6 -5 -6 -7 -8
leaf_value=-0.18005824221931602 0.014835067535696418 -0.11026264552720484 0.055596992347325985 0.082894063997920306 -0.018724637930670682 0.096553005293569652 0.014989436392561423
leaf_weight=2.6618589907884624 2.1765443980693835 2.2480893582105628 3.1767910718917847 2.8309670984745026 2.6242793202400208 3.1613944917917252 2.3042644262313843
leaf_count=11 10 10 15 13 11 14 11
internal_value=0 0.0262571 -0.00475093 0.0484623 0.0362201 0.0632325 0.0385254
internal_weight=0 18.5223 7.72914 10.7932 7.96222 5.33794 5.48106
internal_count=95 84 36 48 35 24 26
is_linear=0
shrinkage=0.1


Tree=10
num_leaves=8
num_cat=0
split_feature=3 3 12 0 0 0 12
split_gain=1.99037 0.913022 1.89802 1.61985 1.7625 1.26821 0.0144114
threshold=1234.3333333333323 697.66666666666674 2.5000000000000009 2.6500000000000017 1.0500000000000003 0.65000000000000002 1.0000000180025095e-35
decision_type=2 2 2 2 2 2 2
left_child=1 3 5 4 6 -3 -1
right_child=-2 2 -4 -5 -6 -7 -8
leaf_value=0.018026723661087287 0.089596724571175471 -0.051863610622572456 -0.11328676296993914 0.077229894501516128 -0.076049926737004503 0.038291626711614526 0.029073668427416901
leaf_weight=2.3085082024335914 2.2316478490829459 3.0779146105051023 2.2500545829534531 2.6429672539234161 2.8352235704660416 3.1644957959651947 2.4177044332027435
leaf_count=11 12 13 10 12 12 14 11
internal_value=0 -0.0103202 -0.0345435 0.00983927 -0.0137159 -0.00616077 0.0236778
internal_weight=0 18.6969 8.49246 10.2044 7.56144 6.24241 4.72621
internal_count=95 83 37 46 34 27 22
is_linear=0
shrinkage=0.1


Tree=11
num_leaves=8
num_cat=0
split_feature=7 12 12 7 12 7 12
split_gain=1.60125 1.46421 1.53571 0.906627 2.00644 1.73738 0.48014
threshold=9.5000000000000018 2.5000000000000009 1.5000000000000002 63.500000000000007 0.55000000000000004 33.500000000000007 3.7500000000000009
decision_type=2 2 2 2 2 2 2
left_child=-1 2 3 5 -5 -2 -3
right_child=1 6 -4 4 -6 -7 -8
leaf_value=0.08878878842857918 0.01313146426745118 -0.089447132451114894 0.065469169283354875 0.07474388951697726 -0.043157980877247142 -0.10412624619397473 -0.024669619312188563
leaf_weight=1.8634255528450037 2.6899312585592288 2.327188864350318 3.452433004975318 2.8965921103954315 2.8770451992750168 2.3830688446760178 2.2510570585727692
leaf_count=9 12 10 17 14 13 10 10
internal_value=0 -0.00837764 0.0073813 -0.0111078 0.0159925 -0.041951 -0.057597
internal_weight=0 18.8773 14.2991 10.8466 5.77364 5.073 4.57825
internal_count=95 86 66 49 27 22 20
is_linear=0
shrinkage=0.1


Tree=12
num_leaves=8
num_cat=0
split_feature=11 5 10 10 5 5 3
split_gain=7.62931 1.16148 1.27527 3.18056 1.33991 0.753409 0.716913
threshold=1.0000000180025095e-35 1007.0833333333335 399.1666666666643 450.00000000000006 157.42200328407236 228.64923747276717 412.50000000000119
decision_type=2 2 2 2 2 2 2
left_child=-1 2 4 -4 6 -5 -2
right_child=1 -3 3 5 -6 -7 -8
leaf_value=-0.16333520462013712 -0.0051904424338505587 -0.039622037012320616 -0.095092528143043337 0.094597059980240705 0.10356317131725362 0.0091970697291624739 0.069130575667883096
leaf_weight=2.500319883227351 3.1491140723228472 2.5404907017946234 2.2969305366277686 2.0559095293283463 3.7200518101453781 2.0763321816921234 2.2078851163387299
leaf_count=11 15 12 10 10 17 10 10
internal_value=0 0.0230539 0.0333225 -0.000753093 0.0574578 0.051686 0.0254409
internal_weight=0 18.0467 15.5062 6.42917 9.07705 4.13224 5.357
internal_count=95 84 72 30 42 20 25
is_linear=0
shrinkage=0.1


Tree=13
num_leaves=8
num_cat=0
split_feature=10 12 0 0 10 12 12
split_gain=1.06778 1.76898 1.10785 0.691034 2.66373 0.993523 0.750593
threshold=348.50000000000489 2.8500000000000001 2.6500000000000017 0.55000000000000016 399.333333333334 1.6500000000000001 0.55000000000000004
decision_type=2 2 2 2 2 2 2
left_child=-1 3 -3 6 5 -5 -2
right_child=1 2 -4 4 -6 -7 -8
leaf_value=0.049859367606761747 0.031927826748057275 -0.11523319184412502 -0.013962303279385427 -0.061168868428036455 0.10875404641091568 0.030620723734716838 -0.048857906676680517
leaf_weight=3.5873911231756237 1.79780386388302 2.1929196268320075 2.1288939267396927 2.4274334907531738 2.646367684006691 2.2932221442461014 3.192271813750267
leaf_count=17 9 10 10 10 13 11 15
internal_value=0 -0.0102794 -0.0653479 0.00898044 0.028443 -0.0165789 -0.0197528
internal_weight=0 16.6789 4.32181 12.3571 7.36702 4.72066 4.99008
internal_count=95 78 20 58 34 21 24
is_linear=0
shrinkage=0.1


Tree=14
num_leaves=8
num_cat=0
split_feature=3 3 12 3 3 12 12
split_gain=1.68925 0.619397 1.43925 0.648973 0.664587 0.408187 0.0804432
threshold=1234.3333333333323 697.66666666666674 2.0500000000000003 412.50000000000119 196.00000000000003 0.75000000000000011 0.55000000000000004
decision_type=2 2 2 2 2 2 2
left_child=1 3 5 4 6 -3 -1
right_child=-2 2 -4 -5 -6 -7 -8
leaf_value=0.026490057605695727 0.085139659192531497 -0.02853484377153459 -0.083933766426687234 0.049794742110583212 -0.04861971330964434 0.027965676246420462 -0.0005132403457778111
leaf_weight=2.581720128655439 2.1046283394098273 2.327595114707945 3.0721337497234344 2.6451285034418106 2.5889130681753159 2.8373483717441559 1.9263637065887449
leaf_count=13 12 10 14 12 12 13 9
internal_value=0 -0.00954895 -0.0297344 0.00751812 -0.00823883 0.00250357 0.0149512
internal_weight=0 17.9792 8.23708 9.74213 7.097 5.16494 4.50808
internal_count=95 83 37 46 34 23 22
is_linear=0
shrinkage=0.1


Tree=15
num_leaves=7
num_cat=0
split_feature=11 10 7 7 10 10
split_gain=5.96407 1.01986 3.56702 1.31118 1.46434 0.606024
threshold=1.0000000180025095e-35 399.1666666666643 45.500000000000007 42.500000000000007 379.83333333333582 365.1666666666643
decision_type=2 2 2 2 2 2
left_child=-1 3 -3 4 -2 -5
right_child=1 2 -4 5 -6 -7
leaf_value=-0.15108085444268213 0.058978042584834425 0.055123711518582509 -0.084292994697615031 0.045583511818147827 -0.057423163780563682 0.11124015872349968
leaf_weight=2.3001709282398251 2.0888580381870288 4.0434005111455908 3.3602995127439499 3.6032222658395767 2.2393892556428909 2.3052354156970978
leaf_count=11 10 20 16 17 10 11
internal_value=0 0.0201199 -0.00815301 0.0405683 -0.00124671 0.0712
internal_weight=0 17.6404 7.4037 10.2367 4.32825 5.90846
internal_count=95 84 36 48 20 28
is_linear=0
shrinkage=0.1


Tree=16
num_leaves=8
num_cat=0
split_feature=11 10 10 5 5 10 0
split_gain=5.11606 0.841817 2.09907 1.20548 0.489939 2.59187 0.200695
threshold=1.0000000180025095e-35 399.1666666666643 450.00000000000006 228.64923747276717 135.79242636746184 365.1666666666643 0.45000000000000007
decision_type=2 2 2 2 2 2 2
left_child=-1 4 -3 -4 6 -6 -2
right_child=1 2 3 -5 5 -7 -8
leaf_value=-0.14434647696375114 0.035043398275442811 -0.086203050241886264 0.089754598073745515 -0.010050751752019709 0.15138295925889014 0.0093351102821457276 -0.0085210454204322061
leaf_weight=2.1732665300369289 1.9463166296482102 2.3155896961688986 1.9752074927091596 3.1245584636926651 1.9128294140100477 3.9106625914573669 2.3155934810638428
leaf_count=11 10 10 10 16 9 18 11
internal_value=0 0.0183317 -0.00724592 0.0286052 0.0371379 0.0559933 0.0113738
internal_weight=0 17.5008 7.41536 5.09977 10.0854 5.82349 4.26191
internal_count=95 84 36 26 48 27 21
is_linear=0
shrinkage=0.1


Tree=17
num_leaves=8
num_cat=0
split_feature=11 10 10 4 10 10 10
split_gain=4.41494 0.693557 1.68524 1.08097 0.480186 0.621651 0.814967
threshold=1.0000000180025095e-35 399.1666666666643 450.00000000000006 1.0000000180025095e-35 382.33333333333491 350.33333333333945 262.83333333332854
decision_type=2 2 2 2 2 2 2
left_child=-1 4 -3 -4 5 6 -2
right_child=1 2 3 -5 -6 -7 -8
leaf_value=-0.13872268557706674 -0.007028021866431435 -0.07643072084479742 0.085184994047191626 -0.010226316160611927 0.071120638213213835 -0.018637854423519441 0.076767930460438866
leaf_weight=2.0419932007789638 1.97263875603676 2.3485656380653372 1.9192652702331541 3.1141525655984879 2.5780576467514038 2.5761489868164062 2.8195557743310928
leaf_count=11 10 10 10 16 13 11 14
internal_value=0 0.0167396 -0.00648285 0.0261545 0.0339748 0.0209781 0.0422745
internal_weight=0 17.3284 7.38198 5.03342 9.9464 7.36834 4.79219
internal_count=95 84 36 26 48 35 24
is_linear=0
shrinkage=0.1


Tree=18
num_leaves=8
num_cat=0
split_feature=11 5 5 3 0 0 0
split_gain=3.82809 0.91614 1.05091 0.425472 0.57255 0.102329 0.0524138
threshold=1.0000000180025095e-35 1007.0833333333335 279.75243147657073 697.66666666666674 2.6500000000000017 0.20000000000000004 1.0500000000000003
decision_type=2 2 2 2 2 2 2
left_child=-1 2 3 4 5 -2 -4
right_child=1 -3 6 -5 -6 -7 -8
leaf_value=-0.13397315722457839 -0.013385120915604599 -0.040778404710629795 0.075617457153568393 -0.027698954529746002 0.060006700609228004 0.014526828997593878 0.053817689706244433
leaf_weight=1.9097538590431238 2.5972391366958636 2.4914093017578116 2.3709513247013083 2.6059416085481644 2.3619528859853745 2.6572940051555634 2.0622127652168274
leaf_count=11 13 12 12 12 12 13 10
internal_value=0 0.0152833 0.0248136 0.0071792 0.0191126 0.000730359 0.0654767
internal_weight=0 17.147 14.6556 10.2224 7.61649 5.25453 4.43316
internal_count=95 84 72 50 38 26 22
is_linear=0
shrinkage=0.1


Tree=19
num_leaves=8
num_cat=0
split_feature=7 0 0 7 0 7 7
split_gain=0.978935 0.641067 1.55983 0.691019 0.922416 0.537316 0.639191
threshold=9.5000000000000018 1.0500000000000003 0.65000000000000002 36.500000000000007 0.20000000000000004 39.500000000000007 51.500000000000007
decision_type=2 2 2 2 2 2 2
left_child=-1 2 3 -2 -5 -3 -7
right_child=1 5 -4 4 -6 6 -8
leaf_value=0.073682751635451571 -0.053639179393779803 -0.07167318256861438 0.083441072737818478 -0.032981696963894309 0.050032549034751489 0.030313724137388445 -0.043151229776835262
leaf_weight=1.6570388972759271 2.608764976263048 2.1535200476646414 2.2147331684827805 2.6389617025852203 2.7161891311407089 2.0749215707182884 2.7592395171523094
leaf_count=9 12 10 11 13 15 11 14
internal_value=0 -0.00680329 0.00920831 -0.0114355 0.00912401 -0.0301267 -0.0116186
internal_weight=0 17.1663 10.1786 7.96392 5.35515 6.98768 4.83416
internal_count=95 86 51 40 28 35 25
is_linear=0
shrinkage=0.1


Tree=20
num_leaves=8
num_cat=0
split_feature=3 7 7 5 7 7 5
split_gain=1.24006 1.0562 1.2288 0.751957 0.784041 0.654485 0.0271911
threshold=1234.3333333333323 9.5000000000000018 36.500000000000007 135.79242636746184 60.500000000000007 72.500000000000014 346.36363636363666
decision_type=2 2 2 2 2 2 2
left_child=1 -1 6 5 -5 -4 -3
right_child=-2 2 3 4 -6 -7 -8
leaf_value=0.068999934692231368 0.076492782023392381 -0.050492732066735393 -0.072087438604094015 0.06431793076252261 -0.01334802669697302 0.0021376413541500834 -0.065608286865380464
leaf_weight=1.5958089530468047 1.91719140857458 2.2429354637861243 1.8458102643489818 2.8896771669387817 2.3624579459428787 3.3331250697374344 2.5353078842163086
leaf_count=9 12 10 9 16 11 17 11
internal_value=0 -0.00839561 -0.0165162 0.0027216 0.0293831 -0.0243167 -0.058513
internal_weight=0 16.8051 15.2093 10.4311 5.25214 5.17894 4.77824
internal_count=95 83 74 53 27 26 21
is_linear=0
shrinkage=0.1


Tree=21
num_leaves=8
num_cat=0
split_feature=10 12 12 0 10 12 10
split_gain=0.579721 1.42525 0.822162 0.638457 1.67662 0.809242 0.544472
threshold=348.50000000000489 2.8500000000000001 4.3000000000000016 0.55000000000000016 399.333333333334 1.6500000000000001 399.333333333334
decision_type=2 2 2 2 2 2 2
left_child=-1 3 -3 6 5 -5 -2
right_child=1 2 -4 4 -6 -7 -8
leaf_value=0.038582647589321999 0.023096812232108632 -0.10678967264049573 -0.01410219172762329 -0.046755511268188131 0.097609659792606523 0.039005983592479768 -0.046306373863744095
leaf_weight=3.2621713578701046 1.885145828127859 1.9241148978471749 1.9040183275938032 2.3654854595661163 2.3535022884607315 2.0570506602525711 2.8231800198554993
leaf_count=17 10 10 10 10 13 11 14
internal_value=0 -0.00784682 -0.0606892 0.00976737 0.0294217 -0.00686534 -0.0185183
internal_weight=0 15.3125 3.82813 11.4844 6.77604 4.42254 4.70833
internal_count=95 78 20 58 34 21 24
is_linear=0
shrinkage=0.1


Tree=22
num_leaves=7
num_cat=0
split_feature=3 3 3 5 3 3
split_gain=1.04332 0.672097 0.442495 0.997967 0.360586 0.272258
threshold=1234.3333333333323 800.16666666666811 772.66666666666754 346.36363636363666 575.00000000000375 196.00000000000003
decision_type=2 2 2 2 2 2
left_child=1 2 3 4 5 -1
right_child=-2 -3 -4 -5 -6 -7
leaf_value=0.01318370345192852 0.072170985437835608 -0.063715080531774645 0.040343356587584304 -0.064389392984141522 0.042053456804009404 -0.024503076161003418
leaf_weight=4.2655728906393104 1.8208293020725239 1.8893601000308979 2.2606461420655242 2.4887085109949103 2.2084863483905792 3.4814455062150955
leaf_count=22 12 10 11 11 11 18
internal_value=0 -0.00757015 -0.000356343 -0.00774995 0.00640896 -0.00375242
internal_weight=0 16.5942 14.7049 12.4442 9.9555 7.74702
internal_count=95 83 73 62 51 40
is_linear=0
shrinkage=0.1


Tree=23
num_leaves=7
num_cat=0
split_feature=14 7 7 7 7 7
split_gain=0.530581 1.04145 1.89602 1.89367 0.576775 0.012009
threshold=1.0000000180025095e-35 30.500000000000004 63.500000000000007 81.500000000000014 15.500000000000002 42.500000000000007
decision_type=2 2 2 2 2 2
left_child=-1 4 5 -4 -2 -3
right_child=1 2 3 -5 -6 -7
leaf_value=-0.033243020484074799 0.087191538879648978 -0.064060891861385402 0.096854774364934351 -0.025353009568027531 0.018117017516927163 -0.053606035133976597
leaf_weight=3.7482830584049234 2.0130437463521966 2.0259008258581144 2.3547435328364372 2.7473018020391464 3.0259478390216827 2.4005373567342758
leaf_count=19 12 10 13 14 14 13
internal_value=0 0.0089441 -0.0104999 0.0310495 0.0457118 -0.058391
internal_weight=0 14.5675 9.52848 5.10205 5.03899 4.42644
internal_count=95 76 50 27 26 23
is_linear=0
shrinkage=0.1


Tree=24
num_leaves=7
num_cat=0
split_feature=5 5 10 5 10 10
split_gain=0.500271 0.795575 0.856656 1.17214 0.718186 0.4538
threshold=1007.0833333333335 279.75243147657073 348.50000000000489 150.81410825199643 399.333333333334 399.1666666666643
decision_type=2 2 2 2 2 2
left_child=1 2 -1 4 -4 -3
right_child=-2 5 3 -5 -6 -7
leaf_value=0.036253572385178449 -0.040720702956915628 0.070069715869546773 -0.033928355100778122 -0.079144057334541634 0.040478070154453649 0.0066052995331669917
leaf_weight=3.1864065527915972 2.5509341433644286 2.5587709471583358 2.6531995236873627 2.663990780711174 2.5382553786039352 2.0131105184555054
leaf_count=17 13 13 14 14 13 11
internal_value=0 0.0070447 -0.00748022 -0.02522 0.00245114 0.0421248
internal_weight=0 15.6137 11.0419 7.85545 5.19145 4.57188
internal_count=95 82 58 41 27 24
is_linear=0
shrinkage=0.1


Tree=25
num_leaves=7
num_cat=0
split_feature=10 3 3 10 10 10
split_gain=0.461469 0.79418 0.534874 1.55327 0.286511 0.207475
threshold=379.83333333333582 651.8333333333336 772.66666666666754 450.00000000000006 450.00000000000006 262.83333333332854
decision_type=2 2 2 2 2 2
left_child=1 5 3 -2 -4 -1
right_child=2 -3 4 -5 -6 -7
leaf_value=-0.024990011543938272 -0.066362829490867317 0.07578417064550988 0.036147803618734618 0.040597877579480704 -0.0095340541590837741 0.018487156114365706
leaf_weight=2.0090213268995312 4.1804037392139417 1.918827913701534 2.5083458200097084 2.0107063502073288 3.033148281276226 2.4194000735878944
leaf_count=11 19 10 14 11 17 13
internal_value=0 0.0220472 -0.0114246 -0.0316249 0.0111437 -0.00123693
internal_weight=0 6.34725 11.7326 6.19111 5.54149 4.42842
internal_count=95 34 61 30 31 24
is_linear=0
shrinkage=0.1


Tree=26
num_leaves=7
num_cat=0
split_feature=5 5 5 4 3 3
split_gain=0.401761 0.644295 0.540146 0.384231 0.0163628 0.0145244
threshold=1007.0833333333335 279.75243147657073 150.81410825199643 1.5000000000000002 798.33333333333223 1.0000000180025095e-35
decision_type=2 2 2 2 2 2
left_child=1 2 3 5 -3 -1
right_child=-2 4 -4 -5 -6 -7
leaf_value=-0.008929611300273893 -0.036367224414365705 0.032942698358938594 -0.040101924754620287 0.046335266718307927 0.045100007928411401 0.0016120857113386781
leaf_weight=3.6249294877052325 2.561851240694522 2.5472867935895911 3.3574571684002876 1.9496646672487257 1.9581192210316656 2.0439821407198906
leaf_count=19 13 12 18 11 12 10
internal_value=0 0.00638502 -0.00668515 0.00804141 0.0382265 -0.0051287
internal_weight=0 15.4814 10.976 7.61858 4.50541 5.66891
internal_count=95 82 58 40 24 29
is_linear=0
shrinkage=0.1


Tree=27
num_leaves=7
num_cat=0
split_feature=7 12 12 7 12 12
split_gain=0.451584 1.01 0.584332 1.49774 1.34421 1.33085
threshold=30.500000000000004 2.0500000000000003 1.5000000000000002 63.500000000000007 3.0000000000000013 0.55000000000000004
decision_type=2 2 2 2 2 2
left_child=1 -1 3 -2 -4 -5
right_child=2 -3 4 5 -6 -7
leaf_value=0.072972983481744552 -0.084977989374942844 -0.012362699003362738 0.066333046046695973 0.05724344681002197 -0.047109573415716921 -0.044125790877646009
leaf_weight=2.3971419185400036 2.8274776637554151 3.2911466360092163 2.5169852599501601 2.5374488830566406 1.7854636386036871 2.645346462726593
leaf_count=13 13 17 15 14 10 13
internal_value=0 0.0235992 -0.010469 -0.0264347 0.0192557 0.00550365
internal_weight=0 5.68829 12.3127 8.01027 4.30245 5.1828
internal_count=95 30 65 40 25 27
is_linear=0
shrinkage=0.1


Tree=28
num_leaves=7
num_cat=0
split_feature=0 0 5 0 0 5
split_gain=0.33302 0.935629 0.512277 0.375862 1.77874 1.09505
threshold=0.55000000000000016 0.84999999999999998 346.36363636363666 2.6500000000000017 4.75 135.79242636746184
decision_type=2 2 2 2 2 2
left_child=2 -2 -1 5 -5 -3
right_child=1 3 -4 4 -6 -7
leaf_value=0.004232534744470798 0.072756660062913384 -0.07772340033353245 -0.053732308159164126 0.083403432479479261 -0.053611714465211138 0.01452920519377608
leaf_weight=4.0102682709693935 1.9971551299095143 2.0308376401662809 2.4599018320441246 2.0964020937681203 1.7288731038570402 3.5115139111876488
leaf_count=21 11 10 13 12 9 19
internal_value=0 0.0106154 -0.0178052 -0.00263299 0.021478 -0.0192741
internal_weight=0 11.3648 6.47017 9.36763 3.82528 5.54235
internal_count=95 61 34 50 21 29
is_linear=0
shrinkage=0.1


Tree=29
num_leaves=7
num_cat=0
split_feature=3 3 3 3 12 12
split_gain=0.950606 0.494716 0.316416 0.521079 0.371477 0.177095
threshold=1234.3333333333323 800.16666666666811 772.66666666666754 697.66666666666674 1.9000000000000001 0.75000000000000011
decision_type=2 2 2 2 2 2
left_child=1 2 3 4 5 -1
right_child=-2 -3 -4 -5 -6 -7
leaf_value=0.0065869261505429799 0.070749354090005975 -0.056224276790409193 0.034396238057612424 -0.040152929513373112 0.031333498679649942 -0.030444084168404772
leaf_weight=2.7095351889729553 1.7291937097907055 1.8302205875515927 2.1457382813096038 3.4449201226234427 3.4398251697421074 2.4675430953502655
leaf_count=15 12 10 11 16 19 12
internal_value=0 -0.00728991 -0.000986174 -0.00728053 0.00586141 -0.0110631
internal_weight=0 16.0378 14.2076 12.0618 8.6169 5.17708
internal_count=95 83 73 62 46 27
is_linear=0
shrinkage=0.1


Tree=30
num_leaves=6
num_cat=0
split_feature=12 12 12 12 3
split_gain=0.301424 0.920011 0.802791 0.288401 0.104087
threshold=3.7500000000000009 2.5000000000000009 1.5000000000000002 0.40000000000000013 798.33333333333223
decision_type=2 2 2 2 2
left_child=1 2 3 -1 -5
right_child=-2 -3 -4 4 -6
leaf_value=0.012954777215110194 0.030419468826500692 -0.062150386243699986 0.054726121156471498 -0.012383953897428695 -0.040790316366076482
leaf_weight=4.0518292933702487 2.796989031136035 2.3939400091767302 2.6203927472233763 3.897812582552433 1.9279495403170583
leaf_count=21 16 12 17 19 10
internal_value=0 -0.00535873 0.00551949 -0.00753437 -0.0217846
internal_weight=0 14.8919 12.498 9.87759 5.82576
internal_count=95 79 67 50 29
is_linear=0
shrinkage=0.1


Tree=31
num_leaves=8
num_cat=0
split_feature=10 10 10 7 3 10 10
split_gain=0.858611 0.901686 0.806245 0.695479 1.06479 0.837642 0.359008
threshold=647.00000000000011 505.16666666666612 399.1666666666643 42.500000000000007 700.66666666666799 379.83333333333582 348.50000000000489
decision_type=2 2 2 2 2 2 2
left_child=1 2 3 5 6 -1 -5
right_child=-2 -3 -4 4 -6 -7 -8
leaf_value=0.030088044235697248 -0.066841281652342169 0.061356520286940067 -0.049667065370669269 0.036776395876213924 0.10117592532777719 -0.056872076219907246 -0.021500398859237088
leaf_weight=1.9428840652108208 1.7195567935705174 2.6038368716835967 2.8952263146638861 2.0165410190820694 1.6373962983489034 2.5767849683761597 2.2217664122581482
leaf_count=11 9 16 13 11 11 12 12
internal_value=0 0.00754558 -0.00299682 0.0100014 0.0326867 -0.0194903 0.00622707
internal_weight=0 15.8944 13.2906 10.3954 5.8757 4.51967 4.23831
internal_count=95 86 70 57 34 23 23
is_linear=0
shrinkage=0.1


Tree=32
num_leaves=7
num_cat=0
split_feature=10 10 10 0 0 10
split_gain=0.682327 0.778096 1.02724 0.487404 1.55316 0.627749
threshold=647.00000000000011 450.00000000000006 399.1666666666643 2.6500000000000017 1.6500000000000006 350.33333333333036
decision_type=2 2 2 2 2 2
left_child=1 2 3 4 5 -1
right_child=-2 -3 -4 -5 -6 -7
leaf_value=-0.017669745919380638 -0.05880782992627781 0.051035478158101055 -0.065174642529082366 0.046190683660723215 -0.080821736281670664 0.049973657778883032
leaf_weight=2.3001910746097582 1.7568760067224491 3.1857052147388449 2.2707913666963568 2.6392603814601898 1.9446435198187826 3.3996418043971062
leaf_count=13 9 19 10 15 11 18
internal_value=0 0.0068979 -0.00430199 0.00913953 -0.0036524 0.0226759
internal_weight=0 15.7402 12.5545 10.2837 7.64448 5.69983
internal_count=95 86 67 57 42 31
is_linear=0
shrinkage=0.1


Tree=33
num_leaves=7
num_cat=0
split_feature=10 10 10 10 12 10
split_gain=0.543899 0.642363 0.829237 0.289335 0.552866 0.56704
threshold=647.00000000000011 450.00000000000006 399.1666666666643 262.83333333332854 3.0000000000000013 379.83333333333582
decision_type=2 2 2 2 2 2
left_child=1 2 3 -1 5 -5
right_child=-2 -3 -4 4 -6 -7
leaf_value=-0.026377366681366872 -0.05194305840441308 0.046777690283601299 -0.058398644882665322 0.076226830707440185 -0.021419093417483596 0.010230848939756699
leaf_weight=1.9471528083086038 1.7883624434471119 3.1310795396566382 2.2802806496620169 2.0410824716091138 2.626571960747242 3.5949150323867798
leaf_count=11 9 19 10 12 15 19
internal_value=0 0.0062764 -0.00387675 0.00830039 0.0164725 0.0341314
internal_weight=0 15.6211 12.49 10.2097 8.26257 5.636
internal_count=95 86 67 57 46 31
is_linear=0
shrinkage=0.1


Tree=34
num_leaves=7
num_cat=0
split_feature=10 10 10 0 0 10
split_gain=0.434874 0.539208 0.446286 0.423346 1.23696 0.47971
threshold=647.00000000000011 505.16666666666612 399.1666666666643 2.6500000000000017 1.6500000000000006 350.33333333333036
decision_type=2 2 2 2 2 2
left_child=1 2 3 4 5 -1
right_child=-2 -3 -4 -5 -6 -7
leaf_value=-0.015876187367366013 -0.046024025744221556 0.04873538313099525 -0.036865575729589518 0.042403703903196532 -0.07368202737507408 0.04338253350792963
leaf_weight=2.3105419427156466 1.8150087893009175 2.4524096101522437 2.9136733114719382 2.5927539467811584 1.9233621060848234 3.3419647440314293
leaf_count=13 9 16 13 15 11 18
internal_value=0 0.00570531 -0.00236111 0.00752565 -0.00441097 0.0191597
internal_weight=0 15.5347 13.0823 10.1686 7.57587 5.65251
internal_count=95 86 70 57 42 31
is_linear=0
shrinkage=0.1


Tree=35
num_leaves=8
num_cat=0
split_feature=5 5 5 0 10 0 0
split_gain=0.498001 0.485258 1.21172 0.684418 0.767818 1.20527 0.284437
threshold=1007.0833333333335 279.75243147657073 193.60504920838693 2.6500000000000017 399.333333333334 0.84999999999999998 1.2500000000000002
decision_type=2 2 2 2 2 2 2
left_child=1 2 3 4 5 -1 -3
right_child=-2 6 -4 -5 -6 -7 -8
leaf_value=0.016322119031868455 -0.04106173808069298 0.058069505234785573 -0.08091844477994839 0.058132170368697937 0.040232086636568493 -0.091420703274250711 0.0054760131255871154
leaf_weight=2.3570680618286151 2.4926053881645194 2.4424836263060561 1.7226369157433499 2.2674200683832169 2.3473306223750114 1.8556743934750555 1.7760322466492651
leaf_count=13 13 14 9 14 12 10 10
internal_value=0 0.0072613 -0.00420087 0.0107701 -0.00560004 -0.0311376 0.0359272
internal_weight=0 14.7686 10.5501 8.82749 6.56007 4.21274 4.21852
internal_count=95 82 58 49 35 23 24
is_linear=0
shrinkage=0.1


Tree=36
num_leaves=7
num_cat=0
split_feature=5 5 5 0 12 0
split_gain=0.401634 0.396979 0.995364 0.571864 0.362387 0.236647
threshold=1007.0833333333335 279.75243147657073 193.60504920838693 2.6500000000000017 0.75000000000000011 1.2500000000000002
decision_type=2 2 2 2 2 2
left_child=1 2 3 4 -1 -3
right_child=-2 5 -4 -5 -6 -7
leaf_value=0.017333563850563845 -0.036670903168596884 0.053079866913281551 -0.073777937105666644 0.05382029906932613 -0.030017561582474102 0.0049365718401459145
leaf_weight=3.4099237844347972 2.5109198465943328 2.4068112857639781 1.7015546113252629 2.2074071988463402 3.0726717859506607 1.7732508629560468
leaf_count=19 13 14 9 14 16 10
internal_value=0 0.00663242 -0.00383598 0.00985907 -0.0051103 0.0326567
internal_weight=0 14.5716 10.3916 8.69 6.4826 4.18006
internal_count=95 82 58 49 35 24
is_linear=0
shrinkage=0.1


Tree=37
num_leaves=7
num_cat=0
split_feature=12 12 12 7 7 10
split_gain=0.337558 0.678555 0.566248 0.906999 0.997847 0.997023
threshold=3.7500000000000009 2.5000000000000009 1.5000000000000002 30.500000000000004 63.500000000000007 586.33333333333951
decision_type=2 2 2 2 2 2
left_child=1 2 3 -1 -5 -6
right_child=-2 -3 -4 4 5 -7
leaf_value=0.054600322387290678 0.033116766810633101 -0.05588671049049674 0.046987077058509012 -0.070557854078494561 0.036979782446984952 -0.057139386715445772
leaf_weight=1.9062914028763787 2.639647163450717 2.2752036899328223 2.4122956581413737 2.7655166983604431 3.2492848485708237 1.7219793274998663
leaf_count=10 16 12 17 13 18 9
internal_value=0 -0.00579787 0.00365538 -0.00718441 -0.0224078 0.00437816
internal_weight=0 14.3306 12.0554 9.64307 7.73678 4.97126
internal_count=95 79 67 50 40 27
is_linear=0
shrinkage=0.1


Tree=38
num_leaves=8
num_cat=0
split_feature=5 5 5 3 3 5 12
split_gain=0.297924 0.324494 0.7759 0.41031 0.217618 0.119532 0.0171685
threshold=1007.0833333333335 279.75243147657073 193.60504920838693 575.00000000000375 196.00000000000003 433.75000000000097 0.55000000000000004
decision_type=2 2 2 2 2 2 2
left_child=1 2 3 4 6 -3 -1
right_child=-2 5 -4 -5 -6 -7 -8
leaf_value=0.017747341430860368 -0.031303953367591848 0.050315466392814791 -0.065865243073114643 0.050106845070211174 -0.024999512676479357 0.015514548980946737 0.0045133508922575684
leaf_weight=2.1982753798365615 2.540288306772708 1.6620697826147068 1.6767657473683346 1.8580276295542715 2.6896780803799629 2.4298736453056335 1.7692450731992719
leaf_count=13 13 9 9 11 16 15 9
internal_value=0 0.00586279 -0.00368746 0.00855621 -0.0030406 0.02965 0.0118459
internal_weight=0 14.2839 10.192 8.51523 6.6572 4.09194 3.96752
internal_count=95 82 58 49 38 24 22
is_linear=0
shrinkage=0.1


Tree=39
num_leaves=7
num_cat=0
split_feature=7 3 12 12 7 7
split_gain=0.327094 0.447846 0.226387 0.629926 0.391919 0.312358
threshold=81.500000000000014 302.83333333333582 3.7500000000000009 2.0500000000000003 30.500000000000004 63.500000000000007
decision_type=2 2 2 2 2 2
left_child=1 -1 3 4 -3 -6
right_child=-2 2 -4 -5 5 -7
leaf_value=0.050372553929008593 -0.032630956391368045 0.048779152780055304 0.026100984004080504 -0.044597857755976272 -0.030625420366149514 0.020804648158155286
leaf_weight=1.973941065371039 2.5640730299055567 1.8516257591545562 2.4646706134080878 3.1504484936594963 2.4169478937983513 2.3091615587472916
leaf_count=12 14 11 15 17 13 13
internal_value=0 0.00618358 -0.000970318 -0.00782893 0.00978178 -0.00549686
internal_weight=0 14.1668 12.1929 9.72818 6.57774 4.72611
internal_count=95 81 69 54 37 26
is_linear=0
shrinkage=0.1


Tree=40
num_leaves=7
num_cat=0
split_feature=0 0 10 10 12 12
split_gain=0.406422 0.715686 0.563368 0.43617 0.416176 0.0624429
threshold=0.55000000000000016 1.0500000000000003 349.33333333333337 399.1666666666643 3.0000000000000013 1.9000000000000001
decision_type=2 2 2 2 2 2
left_child=3 -2 -3 -1 5 -4
right_child=1 2 4 -5 -6 -7
leaf_value=0.005992389652555271 0.053342748289507094 0.047484428094551973 -0.012454127642318673 -0.047242222723357666 -0.054602404333863687 0.013288219245806863
leaf_weight=3.1309542469680336 3.0128156803548318 1.6389582604169843 1.8038184046745303 3.0272005945444107 2.0924405083060265 1.9729362502694128
leaf_count=19 17 11 9 15 13 11
internal_value=0 0.0121696 -0.004352 -0.0201765 -0.0188272 0.000993399
internal_weight=0 10.521 7.50815 6.15815 5.8692 3.77675
internal_count=95 61 44 34 33 20
is_linear=0
shrinkage=0.1


Tree=41
num_leaves=9
num_cat=0
split_feature=10 7 10 7 10 10 10 7
split_gain=0.267601 0.78374 0.844273 1.06191 0.696872 0.399981 0.244112 0.0967196
threshold=647.00000000000011 36.500000000000007 450.00000000000006 51.500000000000007 379.83333333333582 382.833333333334 382.33333333333491 66.500000000000014
decision_type=2 2 2 2 2 2 2 2
left_child=1 4 3 -3 -1 -6 7 -5
right_child=-2 2 -4 6 5 -7 -8 -9
leaf_value=0.032245888679112066 -0.035808891870497399 0.081219079945514513 0.08383527844582693 -0.017070897585009789 -0.082077503405858593 -0.020112951698237371 -0.043055365414284348 0.016520783363737506
leaf_weight=1.6701023206114793 1.834286257624625 1.528143435716627 1.8529569283127783 1.5023271329700949 1.6757119074463842 2.7534161433577538 1.8207978568971155 1.9958520382642744
leaf_count=10 9 9 11 9 8 16 11 12
internal_value=0 0.00468439 0.0239526 0.00774724 -0.0228002 -0.0435566 -0.0133612 0.00209451
internal_weight=0 14.7993 8.70008 6.84712 6.09923 4.42913 5.31898 3.49818
internal_count=95 86 52 41 34 24 32 21
is_linear=0
shrinkage=0.1


Tree=42
num_leaves=8
num_cat=0
split_feature=3 3 12 10 12 10 12
split_gain=0.248427 0.268205 0.705723 0.582052 1.01099 0.571388 0.262475
threshold=934.33333333333405 697.66666666666674 2.0500000000000003 450.00000000000006 1.5000000000000002 350.33333333333945 0.75000000000000011
decision_type=2 2 2 2 2 2 2
left_child=1 3 6 4 -1 -6 -3
right_child=-2 2 -4 -5 5 -7 -8
leaf_value=-0.050956309685736161 0.030369805517187085 -0.02075609248972787 -0.065779430458368732 0.057910713058615615 0.068538002890048064 -0.013314196884441283 0.030645339553231489
leaf_weight=2.8534710109233874 2.346250742673873 2.0013827979564662 2.205617755651474 1.7709861546754835 1.7955986969172957 1.6243566647171972 1.9725435599684713
leaf_count=15 16 10 12 10 13 8 11
internal_value=0 -0.0047511 -0.0204183 0.00728412 -0.00700775 0.0296611 0.00475811
internal_weight=0 14.224 6.17954 8.04441 6.27343 3.41996 3.97393
internal_count=95 79 33 46 36 21 21
is_linear=0
shrinkage=0.1


Tree=43
num_leaves=7
num_cat=0
split_feature=0 0 10 0 0 0
split_gain=0.357208 0.603152 0.467452 0.385904 0.84433 0.697584
threshold=0.55000000000000016 1.0500000000000003 399.1666666666643 1.3500000000000003 4.75 2.6500000000000017
decision_type=2 2 2 2 2 2
left_child=2 -2 -1 -3 5 -5
right_child=1 3 -4 4 -6 -7
leaf_value=0.0079800377891169529 0.049797402449517497 -0.049544604214090078 -0.047264158178293776 -0.0021927582212638583 -0.054792044922725547 0.079661179046306513
leaf_weight=3.1478344351053265 2.9493090063333494 1.470290958881378 2.9832472875714302 2.6068079620599747 1.5842940509319303 1.7335316166281698
leaf_count=19 17 7 15 16 9 12
internal_value=0 0.0115615 -0.0189006 -0.00368802 0.00769201 0.0304997
internal_weight=0 10.3442 6.13108 7.39492 5.92463 4.34034
internal_count=95 61 34 44 37 28
is_linear=0
shrinkage=0.1


Tree=44
num_leaves=7
num_cat=0
split_feature=5 5 5 5 5 4
split_gain=0.259525 0.321349 0.550516 0.221223 0.215656 0.0162877
threshold=1007.0833333333335 279.75243147657073 193.60504920838693 433.75000000000097 135.79242636746184 1.0000000180025095e-35
decision_type=2 2 2 2 2 2
left_child=1 2 4 -3 5 -1
right_child=-2 3 -4 -5 -6 -7
leaf_value=-0.0072640008389447275 -0.02928787843489368 0.057925131522020862 -0.057260830676876207 0.009927796566205193 0.0356367489841782 0.0028711565983471367
leaf_weight=3.3710458800196665 2.5216888263821593 1.6292753741145127 1.6249834075570095 2.3386420197784901 1.9335393235087392 2.9938059337437153
leaf_count=19 13 9 9 15 12 18
internal_value=0 0.00558329 -0.00403436 0.0296361 0.0063884 -0.00249677
internal_weight=0 13.8913 9.92337 3.96792 8.29839 6.36485
internal_count=95 82 58 24 49 37
is_linear=0
shrinkage=0.1


Tree=45
num_leaves=4
num_cat=0
split_feature=14 4 4
split_gain=0.120638 0.116746 0.0287424
threshold=1.0000000180025095e-35 1.5000000000000002 1.0000000180025095e-35
decision_type=2 2 2
left_child=-1 2 -2
right_child=1 -3 -4
leaf_value=-0.01644115171308716 0.0153166468047443 -0.015746054722366513 0.004734204563523043
leaf_weight=3.4373900964856157 4.3489930145442468 2.3077455833554277 6.2621969617903233
leaf_count=19 26 16 34
internal_value=0 0.0046382 0.00907142
internal_weight=0 12.9189 10.6112
internal_count=95 76 60
is_linear=0
shrinkage=0.1


Tree=46
num_leaves=8
num_cat=0
split_feature=3 3 12 12 12 3 12
split_gain=0.253821 0.233696 0.526574 0.25877 0.210094 0.202316 0.00719404
threshold=934.33333333333405 697.66666666666674 2.0500000000000003 2.8500000000000001 0.75000000000000011 196.00000000000003 1.0000000180025095e-35
decision_type=2 2 2 2 2 2 2
left_child=1 3 4 5 -3 6 -1
right_child=-2 2 -4 -5 -6 -7 -8
leaf_value=0.012627575586181355 0.030917309998881082 -0.020401710159579846 -0.058875456221740022 0.035382409140472651 0.025831100415890595 -0.031351187751585755 0.0038653295938133624
leaf_weight=2.0348357558250449 2.3083840087056151 1.9986221343278887 2.1869604736566544 2.2266530804336071 1.93407217413187 1.9102817773818968 1.736744739115238
leaf_count=12 16 10 12 14 11 11 9
internal_value=0 -0.00486674 -0.0195394 0.00648704 0.00233527 -0.0048367 0.00859272
internal_weight=0 14.0282 6.11965 7.90852 3.93269 5.68186 3.77158
internal_count=95 79 33 46 21 32 21
is_linear=0
shrinkage=0.1


Tree=47
num_leaves=7
num_cat=0
split_feature=7 7 7 7 7 7
split_gain=0.249934 0.359381 0.609635 0.478447 0.33531 0.0536705
threshold=81.500000000000014 36.500000000000007 51.500000000000007 15.500000000000002 63.500000000000007 27.500000000000004
decision_type=2 2 2 2 2 2
left_child=1 3 -3 -1 -4 -5
right_child=-2 2 4 5 -6 -7
leaf_value=0.025115956971083597 -0.028437382344012569 0.061122707691509563 -0.032705377793421926 -0.022145759674281104 0.020844931261648988 -0.045262474923095694
leaf_weight=2.2394491657614726 2.5704857259988776 2.4633571654558182 1.9019431993365286 2.2542717382311821 3.0354387015104294 1.8113637715578077
leaf_count=15 14 15 12 12 18 9
internal_value=0 0.00554314 0.0204894 -0.0120004 0.000216661 -0.032445
internal_weight=0 13.7058 7.40074 6.30508 4.93738 4.06564
internal_count=95 81 45 36 30 21
is_linear=0
shrinkage=0.1


Tree=48
num_leaves=7
num_cat=0
split_feature=0 0 5 12 0 12
split_gain=0.282094 0.544696 0.324728 0.314736 0.838534 1.73229
threshold=0.55000000000000016 0.84999999999999998 346.36363636363666 1.9000000000000001 4.75 3.300000000000002
decision_type=2 2 2 2 2 2
left_child=2 -2 -1 -3 5 -5
right_child=1 3 -4 4 -6 -7
leaf_value=0.0014614855528562619 0.06102899850241994 -0.03030841726865155 -0.04588771152299425 0.10017637148549903 -0.04995528146585837 -0.026409180633575603
leaf_weight=3.7574141323566463 1.7570291012525547 2.4557345137000066 2.3570022061467171 2.1019061133265495 1.5845998376607893 2.2259074710309505
leaf_count=21 11 13 13 13 9 15
internal_value=0 0.0104115 -0.0167908 -0.00021649 0.0122823 0.0350701
internal_weight=0 10.1252 6.11442 8.36815 5.91241 4.32781
internal_count=95 61 34 50 37 28
is_linear=0
shrinkage=0.1


Tree=49
num_leaves=8
num_cat=0
split_feature=10 10 10 0 0 10 0
split_gain=0.267648 0.620436 0.705352 0.346733 0.827356 0.900765 0.0601708
threshold=647.00000000000011 450.00000000000006 399.1666666666643 2.6500000000000017 1.6500000000000006 262.83333333332854 0.55000000000000016
decision_type=2 2 2 2 2 2 2
left_child=1 2 3 4 5 -1 -7
right_child=-2 -3 -4 -5 -6 6 -8
leaf_value=-0.046089084192323639 -0.036028692887027529 0.046861507696103824 -0.057603287144330488 0.039976621483715474 -0.06373656977818902 0.057272630044048034 0.031455841912114445
leaf_weight=1.6634005010128037 1.8122995197772969 2.8136342093348494 2.1214078813791266 2.3001255393028259 1.779617093503475 1.5860903710126879 2.0955115258693695
leaf_count=9 9 19 10 15 11 11 11
internal_value=0 0.00475402 -0.00550698 0.00621933 -0.00467894 0.0149843 0.0425781
internal_weight=0 14.3598 11.5462 9.42475 7.12462 5.345 3.6816
internal_count=95 86 67 57 42 31 22
is_linear=0
shrinkage=0.1


Tree=50
num_leaves=8
num_cat=0
split_feature=0 0 7 0 0 0 0
split_gain=0.257052 0.79409 0.409344 0.491315 0.299318 0.639213 0.444214
threshold=0.65000000000000002 1.0500000000000003 36.500000000000007 0.20000000000000004 1.3500000000000003 4.75 2.6500000000000017
decision_type=2 2 2 2 2 2 2
left_child=2 -2 -1 -4 -3 6 -6
right_child=1 4 3 -5 5 -7 -8
leaf_value=-0.049070050176837195 0.069299440818241798 -0.04473312011506636 -0.027856734667699959 0.036311588472866904 0.0009763600563717005 -0.047680626878001293 0.068213117499832526
leaf_weight=2.2712539844214943 1.8746029809117297 1.4305356815457342 2.5239122956991196 2.2631553038954735 2.531067069619894 1.580671004951 1.6061317473649976
leaf_count=12 11 7 13 15 16 9 12
internal_value=0 0.0113687 -0.0141081 0.00247977 -0.00382312 0.00641202 0.0270788
internal_weight=0 9.02301 7.05832 4.78707 7.14841 5.71787 4.1372
internal_count=95 55 40 28 44 37 28
is_linear=0
shrinkage=0.1


Tree=51
num_leaves=7
num_cat=0
split_feature=10 10 10 10 12 10
split_gain=0.239334 0.485218 0.619939 0.217799 0.276349 0.487412
threshold=647.00000000000011 450.00000000000006 399.1666666666643 262.83333333332854 3.0000000000000013 379.83333333333582
decision_type=2 2 2 2 2 2
left_child=1 2 3 -1 5 -5
right_child=-2 -3 -4 4 -6 -7
leaf_value=-0.024070448797214573 -0.034126133786192114 0.042163715948370789 -0.053655652324763471 0.069026224065861078 -0.014454037626225295 0.0044754276869943379
leaf_weight=1.8642612174153308 1.8029993772506721 2.7624555826187125 2.0979373753070822 1.8002181500196455 2.3268554955720901 3.3400723375380039
leaf_count=11 9 19 10 12 15 19
internal_value=0 0.00455289 -0.0045376 0.00650539 0.014139 0.0270822
internal_weight=0 14.1918 11.4293 9.33141 7.46715 5.14029
internal_count=95 86 67 57 46 31
is_linear=0
shrinkage=0.1


Tree=52
num_leaves=7
num_cat=0
split_feature=5 5 5 0 12 5
split_gain=0.305648 0.25428 0.556854 0.35987 0.343569 0.205638
threshold=1007.0833333333335 279.75243147657073 193.60504920838693 2.6500000000000017 0.75000000000000011 433.75000000000097
decision_type=2 2 2 2 2 2
left_child=1 2 3 4 -1 -3
right_child=-2 5 -4 -5 -6 -7
leaf_value=0.019087749485457765 -0.032181361939247075 0.05596956310729944 -0.05640236005210765 0.046289998650041839 -0.028143209687581845 0.0086778732191215117
leaf_weight=3.2174128070473653 2.4652496501803407 1.555680446326732 1.59956645220518 1.8959831967949865 2.9543608576059341 2.2482675202190876
leaf_count=19 13 9 9 14 16 15
internal_value=0 0.00611632 -0.00250186 0.00818481 -0.0035212 0.0280185
internal_weight=0 13.4713 9.66732 8.06776 6.17177 3.80395
internal_count=95 82 58 49 35 24
is_linear=0
shrinkage=0.1


Tree=53
num_leaves=6
num_cat=0
split_feature=5 0 5 10 10
split_gain=0.246989 0.24229 0.756414 1.32577 1.09785
threshold=1007.0833333333335 3.5000000000000022 135.79242636746184 386.83333333333127 399.333333333334
decision_type=2 2 2 2 2
left_child=1 2 4 -4 -1
right_child=-2 -3 3 -5 -6
leaf_value=-0.051270721058976114 -0.028825315934527869 -0.024391507526012431 0.085937273533678707 -0.011139969212119058 0.039986883262313443
leaf_weight=3.297376371920107 2.4764152914285669 2.2473016679286948 2.8123750239610672 2.8148217462003231 2.1963776126503944
leaf_count=19 13 15 18 18 12
internal_value=0 0.00555669 0.0116086 0.0373775 -0.0147863
internal_weight=0 13.3683 11.121 5.6272 5.49375
internal_count=95 82 67 36 31
is_linear=0
shrinkage=0.1


Tree=54
num_leaves=8
num_cat=0
split_feature=10 4 10 10 10 10 10
split_gain=0.241119 0.438392 0.242472 0.598333 0.314594 0.224663 0.481695
threshold=348.50000000000489 1.5000000000000002 647.00000000000011 450.00000000000006 399.1666666666643 379.83333333333582 382.833333333334
decision_type=2 2 2 2 2 2 2
left_child=-1 2 3 4 5 -2 -7
right_child=1 -3 -4 -5 -6 6 -8
leaf_value=0.027055004324966842 0.042216404597964614 -0.041822539680050258 -0.029369839556004026 0.060028702530449063 -0.038279220719661389 -0.041647294736183019 0.035030702510217858
leaf_weight=2.7581657767295846 1.5021341741085033 2.646567787975072 1.8204806223511685 1.9173949211835859 1.8601791709661482 1.690198849886656 1.5899689011275766
leaf_count=17 10 17 9 13 9 10 10
internal_value=0 -0.00549175 0.00377111 0.0108194 -0.00338518 0.0101876 -0.0044798
internal_weight=0 13.0269 10.3804 8.55988 6.64248 4.7823 3.28017
internal_count=95 78 61 52 39 30 20
is_linear=0
shrinkage=0.1


Tree=55
num_leaves=7
num_cat=0
split_feature=7 7 7 7 7 7
split_gain=0.233054 0.147985 0.299019 0.281446 0.0657442 0.0155807
threshold=30.500000000000004 57.500000000000007 39.500000000000007 81.500000000000014 18.500000000000004 69.500000000000014
decision_type=2 2 2 2 2 2
left_child=4 2 -2 5 -1 -3
right_child=1 3 -4 -5 -6 -7
leaf_value=0.0082442456244645797 -0.0540074857337869 0.024689622951799124 -0.00072723747033201546 -0.024163020479927782 0.031579029617958741 0.011938649442278362
leaf_weight=2.8355583213269719 1.76572100818157 2.0422962866723542 2.6107919402420521 2.5439291335642338 2.1027656644582748 1.8054787144064901
leaf_count=18 9 12 18 14 12 12
internal_value=0 -0.00805624 -0.0222234 0.00164424 0.0181803 0.0187065
internal_weight=0 10.7682 4.37651 6.3917 4.93832 3.84778
internal_count=95 65 27 38 30 24
is_linear=0
shrinkage=0.1


Tree=56
num_leaves=7
num_cat=0
split_feature=5 7 0 3 5 12
split_gain=0.216956 0.465264 1.70312 0.256043 0.969483 0.143015
threshold=1007.0833333333335 33.500000000000007 4.75 700.66666666666799 135.79242636746184 0.75000000000000011
decision_type=2 2 2 2 2 2
left_child=1 2 -1 4 5 -3
right_child=-2 3 -4 -5 -6 -7
leaf_value=0.079214428022061328 -0.027086444611640843 -0.0054354977063157377 -0.054382474565063149 -0.032335669358809029 0.061872071194855598 -0.042403781553486737
leaf_weight=2.7416915223002425 2.4607446342706689 2.1700789108872396 1.4636333584785459 2.85225909948349 1.9646156057715414 2.0210685320198536
leaf_count=19 13 13 8 19 12 11
internal_value=0 0.00525334 0.032717 -0.00756784 0.00390828 -0.0232625
internal_weight=0 13.2133 4.20532 9.00802 6.15576 4.19115
internal_count=95 82 27 55 36 24
is_linear=0
shrinkage=0.1


Tree=57
num_leaves=8
num_cat=0
split_feature=10 12 10 10 12 5 5
split_gain=0.206743 0.417072 0.634977 1.34689 0.381331 0.280481 0.00087112
threshold=348.50000000000489 2.8500000000000001 647.00000000000011 450.00000000000006 0.75000000000000011 346.36363636363666 176.53985507246429
decision_type=2 2 2 2 2 2 2
left_child=-1 2 3 4 -2 -6 -3
right_child=1 6 -4 -5 5 -7 -8
leaf_value=0.025281407452165918 -0.036399404541942897 -0.037774526318897349 -0.052649231035981903 0.091013296172594127 0.049513541618557227 -0.0070188729527186538 -0.034482827388727592
leaf_weight=2.7124071530997762 2.4562547057867032 1.7038617730140679 1.5801114886999119 1.8715849742293356 1.4102620929479601 2.3236821442842484 1.5222283564507959
leaf_count=17 13 11 8 14 8 15 9
internal_value=0 -0.0050975 0.00531625 0.0166775 -0.00579768 0.0143327 -0.0362213
internal_weight=0 12.868 9.6419 8.06178 6.1902 3.73394 3.22609
internal_count=95 78 58 50 36 23 20
is_linear=0
shrinkage=0.1


Tree=58
num_leaves=7
num_cat=0
split_feature=5 7 7 7 3 7
split_gain=0.187576 1.14747 0.532049 0.479217 0.319578 0.0143266
threshold=150.81410825199643 51.500000000000007 36.500000000000007 60.500000000000007 772.66666666666754 84.500000000000014
decision_type=2 2 2 2 2 2
left_child=1 -1 4 -4 -2 -3
right_child=2 5 3 -5 -6 -7
leaf_value=0.061899195942238777 -0.059803407311727896 -0.029251228011952953 0.052977629359054257 -0.01223955508669515 -0.0042762362552431939 -0.016945305180561306
leaf_weight=2.7750900089740762 2.3326899707317335 1.7703511416912081 1.8788979947566984 2.8143576681613922 1.8653101809322832 2.0318337753415108
leaf_count=17 11 12 15 16 13 11
internal_value=0 0.0130086 -0.00926598 0.0138695 -0.0351309 -0.0226751
internal_weight=0 6.57727 8.89126 4.69326 4.198 3.80218
internal_count=95 40 55 31 24 23
is_linear=0
shrinkage=0.1


Tree=59
num_leaves=8
num_cat=0
split_feature=7 7 10 10 5 7 5
split_gain=0.183965 0.385976 0.740093 0.497076 0.957117 0.730087 0.0629482
threshold=15.500000000000002 36.500000000000007 647.00000000000011 450.00000000000006 135.79242636746184 60.500000000000007 560.68627450980637
decision_type=2 2 2 2 2 2 2
left_child=-1 6 3 4 -3 -6 -2
right_child=1 2 -4 -5 5 -7 -8
leaf_value=0.027814691952568513 -0.016745188798898719 -0.03425964779688042 -0.058066503857916577 0.068280818528077047 0.09483008525321375 0.00052654491922777234 -0.04237527668286558
leaf_weight=2.0859793350100526 1.754471413791179 3.0430556498467904 1.4846848398447035 1.6197649240493772 1.5063138343393805 1.8043264448642728 2.1115470752120018
leaf_count=15 9 18 7 11 12 11 12
internal_value=0 -0.00412244 0.00675908 0.0188298 0.00622314 0.0434339 -0.0307439
internal_weight=0 13.3242 9.45815 7.97346 6.3537 3.31064 3.86602
internal_count=95 80 59 52 41 23 21
is_linear=0
shrinkage=0.1


Tree=60
num_leaves=6
num_cat=0
split_feature=3 0 5 5 0
split_gain=0.180197 0.349333 0.344489 1.11031 0.240562
threshold=934.33333333333405 3.5000000000000022 346.36363636363666 135.79242636746184 0.45000000000000007
decision_type=2 2 2 2 2
left_child=1 2 3 4 -1
right_child=-2 -3 -4 -5 -6
leaf_value=0.0074386110663729301 0.026835970879026845 -0.044361656160942314 -0.02303627941515636 0.072263056352481092 -0.035467700548352542
leaf_weight=3.1095770075917226 2.1802351623773584 1.8599589020013798 3.6171205043792725 2.3156662136316299 2.2538495622575283
leaf_count=18 16 12 20 16 13
internal_value=0 -0.00420386 0.00240826 0.0143935 -0.0105917
internal_weight=0 13.1562 11.2962 7.67909 5.36343
internal_count=95 79 67 47 31
is_linear=0
shrinkage=0.1


Tree=61
num_leaves=7
num_cat=0
split_feature=12 10 4 10 12 10
split_gain=0.264876 0.409694 0.305567 0.295152 0.299256 0.136736
threshold=0.40000000000000013 348.50000000000489 1.5000000000000002 586.33333333333951 2.0500000000000003 382.33333333333491
decision_type=2 2 2 2 2 2
left_child=5 -2 3 4 -3 -1
right_child=1 2 -4 -5 -6 -7
leaf_value=0.0040678836597566595 0.04303789205357017 0.030296185084230404 -0.044598262839296188 -0.031882825329142946 -0.019015132983311648 0.042404312755931928
leaf_weight=1.8446256667375576 1.4202032759785641 2.9429701976478082 2.5073945336043835 2.5809982437640429 2.1152442209422588 1.8771812841296194
leaf_count=10 10 19 17 15 13 11
internal_value=0 -0.00726676 -0.0143078 -0.00436569 0.00967518 0.0234038
internal_weight=0 11.5668 10.1466 7.63921 5.05821 3.72181
internal_count=95 74 64 47 32 21
is_linear=0
shrinkage=0.1


Tree=62
num_leaves=6
num_cat=0
split_feature=5 5 5 5 5
split_gain=0.179817 0.457818 0.294155 0.122224 0.0461904
threshold=150.81410825199643 279.75243147657073 1007.0833333333335 433.75000000000097 1.0000000180025095e-35
decision_type=2 2 2 2 2
left_child=4 -2 3 -3 -1
right_child=1 2 -4 -5 -6
leaf_value=0.0070805432469929555 -0.042615741520973631 0.047384347746625081 -0.020462787874372217 0.0096519186827985267 0.025234016102576584
leaf_weight=4.3933309987187394 2.7863919325172883 1.4219363778829577 2.4284995570778847 2.1664105728268623 2.0582937821745872
leaf_count=25 18 9 13 15 15
internal_value=0 -0.00910466 0.00641427 0.024604 0.0128721
internal_weight=0 8.80324 6.01685 3.58835 6.45162
internal_count=95 55 37 24 40
is_linear=0
shrinkage=0.1


Tree=63
num_leaves=8
num_cat=0
split_feature=7 5 7 10 5 10 12
split_gain=0.253042 0.657144 0.400886 0.689178 0.562795 0.381187 0.0905586
threshold=30.500000000000004 150.81410825199643 39.500000000000007 399.1666666666643 135.79242636746184 505.16666666666612 1.6500000000000001
decision_type=2 2 2 2 2 2 2
left_child=1 -1 -2 4 -4 -5 -6
right_child=2 -3 3 5 6 -7 -8
leaf_value=0.073600392326300959 -0.052453557019923706 -0.0061842159739871547 -0.011361911466734639 -0.068991597351877432 0.036679135262732199 -0.0052750544835127693 0.074162232269486164
leaf_weight=1.5175680406391627 1.7324576526880253 3.2286753170192242 2.2347334884107095 1.5783673673868182 1.1842986606061461 2.3176334649324417 1.4142646901309488
leaf_count=11 9 19 14 8 8 14 12
internal_value=0 0.0193262 -0.00851292 0.000207749 0.0254347 -0.0310882 0.0570793
internal_weight=0 4.74624 10.4618 8.7293 4.8333 3.896 2.59856
internal_count=95 30 65 56 34 22 20
is_linear=0
shrinkage=0.1


Tree=64
num_leaves=7
num_cat=0
split_feature=0 0 5 0 5 0
split_gain=0.165098 0.942207 0.547255 0.735589 0.30294 0.227836
threshold=1.0500000000000003 0.65000000000000002 150.81410825199643 3.5000000000000022 1007.0833333333335 0.20000000000000004
decision_type=2 2 2 2 2 2
left_child=1 4 -2 -4 5 -1
right_child=2 -3 3 -5 -6 -7
leaf_value=-0.013239177520648116 0.025970826008651637 0.073255349622820945 -0.0043587186448907139 -0.094575371327974112 -0.039324632407363412 0.031181654459065535
leaf_weight=2.6218980476260167 2.4069642275571832 1.8155227117240427 2.7384379282593727 1.3489917293190954 2.1079571023583412 2.0632927566766739
leaf_count=14 17 11 19 8 11 15
internal_value=0 0.00926127 -0.0118574 -0.0341333 -0.00784166 0.00632314
internal_weight=0 8.60867 6.49439 4.08743 6.79315 4.68519
internal_count=95 51 44 27 40 29
is_linear=0
shrinkage=0.1


Tree=65
num_leaves=6
num_cat=0
split_feature=14 10 5 10 10
split_gain=0.175528 0.857928 0.832364 0.803916 0.801615
threshold=1.0000000180025095e-35 637.83333333333042 228.64923747276717 350.33333333333036 386.83333333333127
decision_type=2 2 2 2 2
left_child=-1 2 3 -2 -4
right_child=1 -3 4 -5 -6
leaf_value=-0.020903262267399848 -0.015191727820401665 0.070038919632609026 0.0018006752671503299 0.058936861607988916 -0.085295013380114526
leaf_weight=3.1288249716162673 3.1884867213666421 1.7657793834805495 2.240500669926405 2.7033825106918812 2.000126875936985
leaf_count=19 21 10 13 18 14
internal_value=0 0.00571487 -0.00549481 0.0188209 -0.0392787
internal_weight=0 11.8983 10.1325 5.89187 4.24063
internal_count=95 76 66 39 27
is_linear=0
shrinkage=0.1


Tree=66
num_leaves=6
num_cat=0
split_feature=3 3 0 5 5
split_gain=0.239659 0.212171 0.209777 0.902808 1.04078
threshold=934.33333333333405 196.00000000000003 3.5000000000000022 135.79242636746184 346.36363636363666
decision_type=2 2 2 2 2
left_child=1 -1 3 -3 -5
right_child=-2 2 -4 4 -6
leaf_value=0.015259766595488961 0.031034081957071327 -0.070469353376842833 -0.045560022555916561 0.066415086265424486 -0.020871130747408623
leaf_weight=3.6721024960279456 2.1533666439354429 1.6857359819114188 1.6432825624942777 2.2205535843968391 3.5499106794595718
leaf_count=22 16 10 11 16 20
internal_value=0 -0.00502973 -0.0132176 -0.00608958 0.0127178
internal_weight=0 12.7716 9.09948 7.4562 5.77046
internal_count=95 79 57 46 36
is_linear=0
shrinkage=0.1


Tree=67
num_leaves=6
num_cat=0
split_feature=12 12 12 12 12
split_gain=0.210954 0.186006 0.203433 0.290524 0.00435083
threshold=0.40000000000000013 3.7500000000000009 2.5000000000000009 1.5000000000000002 0.90000000000000013
decision_type=2 2 2 2 2
left_child=-1 2 3 4 -2
right_child=1 -3 -4 -5 -6
leaf_value=0.021054556371181612 -0.014499099295298508 0.019604489976948292 -0.041672709191466629 0.029263871022969623 -0.020294855041019161
leaf_weight=3.64703268185258 2.9591397643089277 2.1766058690845957 1.9381396993994711 1.8253296017646787 2.3035158887505531
leaf_count=21 16 16 12 17 13
internal_value=0 -0.00663539 -0.012963 -0.00511262 -0.017036
internal_weight=0 11.2027 9.02612 7.08799 5.26266
internal_count=95 74 58 46 29
is_linear=0
shrinkage=0.1


Tree=68
num_leaves=5
num_cat=0
split_feature=14 5 5 5
split_gain=0.138102 0.197763 0.360988 0.140428
threshold=1.0000000180025095e-35 847.77777777777794 240.90773809523799 123.42174432497008
decision_type=2 2 2 2
left_child=-1 2 3 -2
right_child=1 -3 -4 -5
leaf_value=-0.018590745451770228 0.0020559061249004864 0.030907622232734695 -0.034988294533052411 0.035254132167842789
leaf_weight=3.1058491282165042 5.2480026111006719 2.372563675045968 2.3850454390048981 1.6826972067356107
leaf_count=19 32 15 15 14
internal_value=0 0.00513274 -0.00143169 0.0101161
internal_weight=0 11.6883 9.31575 6.9307
internal_count=95 76 61 46
is_linear=0
shrinkage=0.1


Tree=69
num_leaves=8
num_cat=0
split_feature=10 10 5 5 5 5 10
split_gain=0.163616 0.29349 0.554515 0.523395 0.709519 0.425998 0.159857
threshold=262.83333333332854 365.1666666666643 150.81410825199643 279.75243147657073 1007.0833333333335 123.42174432497008 399.1666666666643
decision_type=2 2 2 2 2 2 2
left_child=-1 5 -3 -4 6 -2 -5
right_child=1 2 3 4 -6 -7 -8
leaf_value=-0.027981453726439953 -0.0080331787994631174 0.032416023988054585 -0.060149516030639949 0.044477447499908077 -0.052566682229517686 0.073508109642403216 0.0010216222697522722
leaf_weight=1.8145467527210719 1.2323620878159993 3.0518810711801034 2.1239263042807579 1.9175115935504439 1.7758113145828245 1.3344890624284742 1.5156029239296911
leaf_count=11 9 19 13 12 9 11 11
internal_value=0 0.00408124 -0.00340282 -0.0183104 -0.00125057 0.0343596 0.0252932
internal_weight=0 12.9516 10.3847 7.33285 5.20893 2.56685 3.43311
internal_count=95 84 64 45 32 20 23
is_linear=0
shrinkage=0.1


Tree=70
num_leaves=8
num_cat=0
split_feature=3 3 3 10 12 12 12
split_gain=0.232759 0.15113 0.193981 0.358345 0.285347 0.160386 0.0475714
threshold=934.33333333333405 196.00000000000003 412.50000000000119 382.66666666666248 2.2500000000000013 1.6500000000000001 0.75000000000000011
decision_type=2 2 2 2 2 2 2
left_child=1 6 -3 4 -4 -5 -1
right_child=-2 2 3 5 -6 -7 -8
leaf_value=0.021938846360638618 0.030813344885468504 -0.042597636758072981 -0.0093273109109850618 -0.0080593374900201128 0.048090112660798261 -0.049571276538498223 -0.0012548988471724053
leaf_weight=2.1018710844218726 2.1170442849397668 1.683693204075096 1.7985873669385912 2.1294313520193104 1.6684480234980581 1.6533800922334192 1.5265801846981046
leaf_count=14 16 12 10 11 12 12 8
internal_value=0 -0.00502998 -0.0120203 -0.00491901 0.0183038 -0.0262033 0.0121807
internal_weight=0 12.562 8.93354 7.24985 3.46704 3.78281 3.62845
internal_count=95 79 57 45 22 23 22
is_linear=0
shrinkage=0.1


Tree=71
num_leaves=7
num_cat=0
split_feature=7 12 7 12 7 7
split_gain=0.276788 1.21642 0.51986 0.400551 0.619594 0.584699
threshold=15.500000000000002 3.0000000000000013 30.500000000000004 1.5000000000000002 63.500000000000007 81.500000000000014
decision_type=2 2 2 2 2 2
left_child=-1 2 -2 4 -4 -6
right_child=1 -3 3 -5 5 -7
leaf_value=0.035547336794846209 0.050901366265752035 -0.08656888147777253 -0.054735371934004184 0.03865931037882734 0.043783991089525826 -0.026973213291533751
leaf_weight=1.9171306639909751 2.1353196874260894 1.60547275841236 2.4971714317798597 1.7651796899735925 2.2435338981449604 2.4358134195208549
leaf_count=15 13 12 13 15 14 13
internal_value=0 -0.00522036 0.00657008 -0.00401644 -0.0145132 0.00695164
internal_weight=0 12.6825 11.077 8.9417 7.17652 4.67935
internal_count=95 80 68 55 40 27
is_linear=0
shrinkage=0.1


Tree=72
num_leaves=8
num_cat=0
split_feature=3 5 3 5 3 3 5
split_gain=0.206578 0.586699 0.553428 0.225347 0.203086 0.34107 0.0435293
threshold=772.66666666666754 346.36363636363666 1234.3333333333323 176.53985507246429 196.00000000000003 412.50000000000119 433.75000000000097
decision_type=2 2 2 2 2 2 2
left_child=1 3 6 4 -1 -6 -2
right_child=2 -3 -4 -5 5 -7 -8
leaf_value=0.012474996505851202 0.0059500232526124974 -0.054094503654860827 0.069384908027331091 0.040867262945803486 -0.063646515990448155 0.0071570280093344223 -0.017801799075741375
leaf_weight=3.6027108617126924 1.5420488417148601 2.1557806730270386 1.4264002926647661 1.4204242341220377 1.2009465768933298 1.5694816149771211 1.5443214774131773
leaf_count=22 12 11 12 9 9 11 9
internal_value=0 -0.00792278 0.0178724 0.0048488 -0.00317888 -0.0235354 -0.00593463
internal_weight=0 9.94934 4.51277 7.79356 6.37314 2.77043 3.08637
internal_count=95 62 33 51 42 20 21
is_linear=0
shrinkage=0.1


Tree=73
num_leaves=8
num_cat=0
split_feature=7 12 10 10 7 12 10
split_gain=0.22425 1.0001 0.55157 0.592866 0.464732 0.385699 0.0623023
threshold=15.500000000000002 3.0000000000000013 647.00000000000011 450.00000000000006 30.500000000000004 1.0000000180025095e-35 382.33333333333491
decision_type=2 2 2 2 2 2 2
left_child=-1 2 3 4 -2 -6 -7
right_child=1 -3 -4 -5 5 6 -8
leaf_value=0.032204336955503586 0.045112390365085311 -0.079420497784003563 -0.049398301842516541 0.068851045630755586 -0.047786350482515623 -0.003170108464595249 0.02296741011900811
leaf_weight=1.8922121189534671 1.9779613018035869 1.5678882710635651 1.5436004623770703 1.684126380831003 1.9102870076894758 2.2763763852417473 1.5215022452175615
leaf_count=15 11 12 8 13 11 15 10
internal_value=0 -0.00473863 0.0059902 0.0151146 0.00334024 -0.0111344 0.00730108
internal_weight=0 12.4817 10.9139 9.37025 7.68613 5.70817 3.79788
internal_count=95 80 68 60 47 36 25
is_linear=0
shrinkage=0.1


Tree=74
num_leaves=8
num_cat=0
split_feature=12 10 3 12 3 3 10
split_gain=0.16791 0.3237 0.20907 0.439627 0.177668 0.0564029 0.0526143
threshold=0.40000000000000013 348.50000000000489 772.66666666666754 1.25 697.66666666666674 412.50000000000119 382.33333333333491
decision_type=2 2 2 2 2 2 2
left_child=6 -2 4 -4 5 -3 -1
right_child=1 2 3 -5 -6 -7 -8
leaf_value=0.0070072109976895072 0.04026488390547845 -0.020609649661602752 -0.02516052847289045 0.044738810703430554 -0.045047483558929763 0.0056287000754652464 0.031370413368534349
leaf_weight=1.8016958236694347 1.3205540291964997 1.9390122629702076 2.0067979097366337 1.631129467859864 2.424428328871727 1.4187057130038736 1.7448580116033552
leaf_count=10 10 13 11 18 13 9 11
internal_value=0 -0.00610175 -0.0126017 0.00618008 -0.0244185 -0.0095234 0.0189936
internal_weight=0 10.7406 9.42007 3.63793 5.78215 3.35772 3.54655
internal_count=95 74 64 29 35 22 21
is_linear=0
shrinkage=0.1


Tree=75
num_leaves=7
num_cat=0
split_feature=7 12 7 12 7 7
split_gain=0.181395 0.851475 0.419468 0.293815 0.510956 0.525721
threshold=15.500000000000002 3.0000000000000013 30.500000000000004 1.5000000000000002 63.500000000000007 81.500000000000014
decision_type=2 2 2 2 2 2
left_child=-1 2 -2 4 -4 -6
right_child=1 -3 3 -5 5 -7
leaf_value=0.029283447042855987 0.046124573897847687 -0.073686172449839979 -0.050109815096482525 0.033301950643788818 0.042040205822453054 -0.025502354853091477
leaf_weight=1.8551191966980702 2.0718598738312712 1.5453841630369414 2.424667760729788 1.7075949385762212 2.1946096532046795 2.4266077429056168
leaf_count=15 13 12 13 15 14 13
internal_value=0 -0.00424919 0.00566337 -0.00391339 -0.0129327 0.00657351
internal_weight=0 12.3707 10.8253 8.75348 7.04589 4.62122
internal_count=95 80 68 55 40 27
is_linear=0
shrinkage=0.1


Tree=76
num_leaves=8
num_cat=0
split_feature=0 0 5 0 12 5 12
split_gain=0.181122 0.643708 0.318103 0.695857 0.725449 0.248963 0.0027135
threshold=0.55000000000000016 0.84999999999999998 150.81410825199643 3.5000000000000022 2.0500000000000003 346.36363636363666 1.0000000180025095e-35
decision_type=2 2 2 2 2 2 2
left_child=5 -2 -3 4 -4 6 -1
right_child=1 2 3 -5 -6 -7 -8
leaf_value=0.0050876842643241688 0.06782521989595218 0.024319185128699908 -0.04119956780908067 -0.083240337941399567 0.054638716575460489 -0.040872298825962945 -0.00056283681424564361
leaf_weight=1.9633884839713585 1.5392737314105014 2.5738344229757786 1.638289872556925 1.2454169094562528 1.5250502340495584 2.1200459599494934 1.4985198080539701
leaf_count=13 11 19 11 8 12 13 8
internal_value=0 0.0092886 -0.00361548 -0.0199237 0.00500419 -0.013885 0.0026418
internal_weight=0 8.52187 6.98259 4.40876 3.16334 5.58195 3.46191
internal_count=95 61 50 31 23 34 21
is_linear=0
shrinkage=0.1


Tree=77
num_leaves=8
num_cat=0
split_feature=10 10 10 10 10 10 4
split_gain=0.124692 0.388029 0.340557 0.196437 0.255801 0.315168 0.242757
threshold=647.00000000000011 450.00000000000006 399.1666666666643 382.833333333334 379.83333333333582 262.83333333332854 1.5000000000000002
decision_type=2 2 2 2 2 2 2
left_child=1 2 3 4 5 -1 -7
right_child=-2 -3 -4 -5 -6 6 -8
leaf_value=-0.023973661348879096 -0.025109472309700516 0.040708033353484302 -0.043105864653837471 0.037757367676938741 -0.032977701604253042 0.054445716282813944 -0.0035926717536774997
leaf_weight=1.7490338794887046 1.7197363078594214 2.2968314476311198 1.8894183114171017 1.4240045994520185 2.011134397238493 1.6849122047424316 1.2593214381486177
leaf_count=11 9 19 10 10 13 13 10
internal_value=0 0.0036363 -0.00486331 0.00402604 -0.00313845 0.00964811 0.0296213
internal_weight=0 12.3147 10.0178 8.12841 6.7044 4.69327 2.94423
internal_count=95 86 67 57 47 34 23
is_linear=0
shrinkage=0.1


Tree=78
num_leaves=7
num_cat=0
split_feature=0 0 5 0 5 0
split_gain=0.148489 0.552704 0.277327 0.573966 0.206389 0.0783261
threshold=0.55000000000000016 0.84999999999999998 150.81410825199643 3.5000000000000022 346.36363636363666 1.3500000000000003
decision_type=2 2 2 2 2 2
left_child=4 -2 -3 5 -1 -4
right_child=1 2 3 -5 -6 -7
leaf_value=0.0025450848661397354 0.063421466185819481 0.02262412266324023 -0.0097216102736402063 -0.077105985151919132 -0.037173223910710582 0.022245359259765101
leaf_weight=3.4331496506929406 1.5041355174034814 2.5663767158985138 1.815335385501385 1.2173012271523473 2.1138224489986897 1.3266207501292226
leaf_count=21 11 19 10 8 13 13
internal_value=0 0.00847692 -0.00345615 -0.0188101 -0.0125906 0.00377573
internal_weight=0 8.42977 6.92563 4.35926 5.54697 3.14196
internal_count=95 61 50 31 34 23
is_linear=0
shrinkage=0.1


Tree=79
num_leaves=8
num_cat=0
split_feature=7 12 10 12 10 10 7
split_gain=0.202911 0.806169 0.413214 0.51468 0.596654 0.405964 0.401819
threshold=15.500000000000002 3.0000000000000013 647.00000000000011 0.75000000000000011 379.83333333333582 382.33333333333036 36.500000000000007
decision_type=2 2 2 2 2 2 2
left_child=-1 2 3 4 -2 -5 -7
right_child=1 -3 -4 5 -6 6 -8
leaf_value=0.031706839093910352 0.025744135251548797 -0.072361850241369971 -0.042914148530688818 -0.0081041156628978411 -0.054476586505270708 0.013162828854741813 0.079614394317221782
leaf_weight=1.7733440175652511 1.8123209401965126 1.5302121117711056 1.5237964317202557 1.6544301211833952 1.8982624448835848 1.5804229825735094 2.1449374072253704
leaf_count=15 11 12 8 11 12 11 15
internal_value=0 -0.00450518 0.00527751 0.0133558 -0.0152952 0.0331171 0.0514234
internal_weight=0 12.1444 10.6142 9.09037 3.71058 5.37979 3.72536
internal_count=95 80 68 60 23 37 26
is_linear=0
shrinkage=0.1


Tree=80
num_leaves=8
num_cat=0
split_feature=3 7 5 0 7 7 7
split_gain=0.183902 0.672594 0.600769 0.508617 0.30234 0.699818 0.234491
threshold=772.66666666666754 30.500000000000004 346.36363636363666 0.84999999999999998 81.500000000000014 57.500000000000007 18.500000000000004
decision_type=2 2 2 2 2 2 2
left_child=2 -2 4 -3 5 6 -1
right_child=1 3 -4 -5 -6 -7 -8
leaf_value=-0.033492886510479318 0.079427887504604347 0.027584027438514781 -0.055380603646922578 -0.055584000679984924 -0.023723789601574091 0.079612917288914231 0.017613010011410562
leaf_weight=1.5252139158546909 1.2393009588122375 1.7117668800055983 2.0615096986293793 1.2890666015446184 2.3976202979683876 1.3981491699814794 2.1825685314834118
leaf_count=11 11 11 11 11 13 12 15
internal_value=0 0.0174525 -0.0075671 -0.00814242 0.00556908 0.0193243 -0.00340964
internal_weight=0 4.24013 9.56506 3.00083 7.50355 5.10593 3.70778
internal_count=95 33 62 22 51 38 26
is_linear=0
shrinkage=0.1


Tree=81
num_leaves=8
num_cat=0
split_feature=12 0 0 0 12 10 4
split_gain=0.158071 0.328992 1.36308 0.526447 0.347515 0.330787 0.0901362
threshold=0.40000000000000013 0.65000000000000002 1.0500000000000003 2.9500000000000015 2.8500000000000001 399.1666666666643 1.0000000180025095e-35
decision_type=2 2 2 2 2 2 2
left_child=6 5 -3 4 -4 -2 -1
right_child=1 2 3 -5 -6 -7 -8
leaf_value=0.002617781349832338 0.0018274525282483242 0.093968991275029168 -0.010650939207959747 0.020499728053210372 -0.078485315796277696 -0.058827377364125903 0.035005701358327826
leaf_weight=1.7308592200279245 1.6928173117339596 1.4210098050534723 1.5545976273715498 2.223077304661274 1.4687262531369922 1.9176604300737379 1.7064233347773552
leaf_count=12 12 10 11 18 12 11 9
internal_value=0 -0.00607571 0.00709 -0.0164415 -0.0436048 -0.0303886 0.0186966
internal_weight=0 10.2779 6.66741 5.2464 3.02332 3.61048 3.43728
internal_count=95 74 51 41 23 23 21
is_linear=0
shrinkage=0.1


Tree=82
num_leaves=7
num_cat=0
split_feature=3 3 3 3 3 3
split_gain=0.138078 0.418828 0.630172 0.293159 0.102917 0.275729
threshold=772.66666666666754 1234.3333333333323 800.16666666666811 697.66666666666674 412.50000000000119 196.00000000000003
decision_type=2 2 2 2 2 2
left_child=3 2 -2 4 5 -1
right_child=1 -3 -4 -5 -6 -7
leaf_value=0.013494619784174289 0.035242719723927035 0.062972093828016037 -0.059574891764837185 -0.033271451240016889 0.026911674952414862 -0.037513763351175455
leaf_weight=3.4743821024894697 1.614822555333377 1.2778812348842619 1.2385551966726778 2.8594187647104263 1.6240551732480524 1.5248368661850689
leaf_count=22 11 12 10 16 12 12
internal_value=0 0.0153936 -0.00591441 -0.00651164 0.00504118 -0.0020637
internal_weight=0 4.13126 2.85338 9.48269 6.62327 4.99922
internal_count=95 33 21 62 46 34
is_linear=0
shrinkage=0.1


Tree=83
num_leaves=8
num_cat=0
split_feature=7 7 7 14 7 7 7
split_gain=0.190138 0.218871 0.655932 0.147622 0.322853 0.281376 0.00724957
threshold=12.500000000000002 36.500000000000007 51.500000000000007 1.0000000180025095e-35 72.500000000000014 87.500000000000014 27.500000000000004
decision_type=2 2 2 2 2 2 2
left_child=-1 6 -3 -4 -5 -6 -2
right_child=1 2 3 4 5 -7 -8
leaf_value=0.035559613851434295 -0.020357425086993702 0.056307224085963829 -0.03603306665164701 -0.038864336622544265 0.040779619550079825 -0.018663372846575859 -0.029342399919709036
leaf_weight=1.3625029511749751 2.2586897816509004 1.9294720180332641 1.6405491940677137 1.5560847800225044 1.9425540864467623 1.3495380654931066 1.4906552433967588
leaf_count=12 15 15 11 11 14 8 9
internal_value=0 -0.00383297 0.0051178 -0.0101038 -0.00132968 0.016412 -0.0239296
internal_weight=0 12.1675 8.4182 6.48873 4.84818 3.29209 3.74935
internal_count=95 83 59 44 33 22 24
is_linear=0
shrinkage=0.1


Tree=84
num_leaves=7
num_cat=0
split_feature=0 0 5 0 5 0
split_gain=0.139866 0.479419 0.253559 0.500939 0.186691 0.0790892
threshold=0.55000000000000016 0.84999999999999998 150.81410825199643 3.5000000000000022 346.36363636363666 1.3500000000000003
decision_type=2 2 2 2 2 2
left_child=4 -2 -3 5 -1 -4
right_child=1 2 3 -5 -6 -7
leaf_value=0.002003240117206549 0.060931639367594305 0.022824853380398139 -0.010239055027800203 -0.073345247352064616 -0.036507747710869856 0.022359714328348712
leaf_weight=3.3769178837537774 1.4322704076766948 2.4362542405724525 1.7440377995371821 1.1690318211913107 2.0068878848105669 1.2982546649873254
leaf_count=21 11 19 10 8 13 13
internal_value=0 0.00845388 -0.00285284 -0.0177074 -0.0123523 0.003672
internal_weight=0 8.07985 6.64758 4.21132 5.38381 3.04229
internal_count=95 61 50 31 34 23
is_linear=0
shrinkage=0.1


Tree=85
num_leaves=7
num_cat=0
split_feature=5 5 5 12 12 12
split_gain=0.108693 0.20459 0.379824 0.125477 0.129223 0.0594215
threshold=1007.0833333333335 279.75243147657073 193.60504920838693 3.7500000000000009 0.75000000000000011 1.0500000000000003
decision_type=2 2 2 2 2 2
left_child=1 2 3 4 -1 -3
right_child=-2 5 -4 -5 -6 -7
leaf_value=0.012747746384216671 -0.020332236916463155 0.0086346944267327204 -0.053070297607087584 0.031298882173098883 -0.018569971682072303 0.036789755416545597
leaf_weight=2.8282059244811517 2.175700508058072 1.2340708673000329 1.334779907017946 1.456814397126436 2.4665877278894186 1.9094373788684604
leaf_count=19 13 7 9 13 17 17
internal_value=0 0.00408836 -0.00432724 0.00530917 -0.00184166 0.0257367
internal_weight=0 11.2299 8.08639 6.75161 5.29479 3.14351
internal_count=95 82 58 49 36 24
is_linear=0
shrinkage=0.1


Tree=86
num_leaves=7
num_cat=0
split_feature=0 0 14 0 5 5
split_gain=0.120948 0.275476 0.202074 0.17522 0.364014 0.211193
threshold=2.9500000000000015 1.9500000000000008 1.0000000180025095e-35 0.20000000000000004 240.90773809523799 847.77777777777794
decision_type=2 2 2 2 2 2
left_child=1 2 -1 -4 -5 -6
right_child=-2 -3 3 4 5 -7
leaf_value=-0.030500930170252589 0.021878029888947537 -0.047540220938931246 -0.013926858509350477 0.053053089361928166 -0.025274760801750635 0.021906736847790449
leaf_weight=1.6364547796547366 2.1434267908334741 1.2888533193618048 2.5365138500928897 1.9270620122551916 1.7911116983741524 2.0171715226024389
leaf_count=11 18 12 14 14 12 14
internal_value=0 -0.00405059 0.00160645 0.00795839 0.0176374 -0.000283664
internal_weight=0 11.1972 9.90831 8.27186 5.73535 3.80828
internal_count=95 77 65 54 40 26
is_linear=0
shrinkage=0.1


Tree=87
num_leaves=8
num_cat=0
split_feature=7 12 7 10 10 7 12
split_gain=0.159046 0.272127 0.383906 0.292027 1.236 0.288689 0.0388035
threshold=12.500000000000002 2.8500000000000001 30.500000000000004 647.00000000000011 450.00000000000006 63.500000000000007 0.55000000000000004
decision_type=2 2 2 2 2 2 2
left_child=-1 2 -2 4 5 -4 -7
right_child=1 -3 3 -5 -6 6 -8
leaf_value=0.033321034987281686 0.04348739375724147 -0.036016146754357131 -0.048918971133721283 -0.047905125340312035 0.085343960811893771 0.010558871310809455 -0.011955425961148659
leaf_weight=1.3010382428765304 1.9302577096968869 2.1180162932723752 2.081494826823473 1.3878568038344381 1.4152764230966566 1.5373561829328539 1.5247603077441452
leaf_count=12 14 16 15 7 11 10 10
internal_value=0 -0.00348995 0.00348494 -0.00623163 0.00258646 -0.0201845 -0.000651972
internal_weight=0 11.995 9.877 7.94674 6.55889 5.14361 3.06212
internal_count=95 83 67 53 46 35 20
is_linear=0
shrinkage=0.1


Tree=88
num_leaves=8
num_cat=0
split_feature=0 0 7 0 7 7 7
split_gain=0.141701 0.372191 0.339584 0.494917 0.454157 0.174916 0.155619
threshold=0.55000000000000016 0.84999999999999998 51.500000000000007 1.9500000000000008 12.500000000000002 72.500000000000014 84.500000000000014
decision_type=2 2 2 2 2 2 2
left_child=5 -2 3 -3 -5 -1 -7
right_child=1 2 -4 4 -6 6 -8
leaf_value=-0.037468633793065406 0.055495701757725752 0.055289582638055369 -0.035627654657621292 0.030396869611308098 -0.051418309435378923 0.024447098457467641 -0.018247040689916155
leaf_weight=1.8365514874458311 1.3944170381873844 1.7544282525777815 2.0074602831155062 1.2844872102141383 1.4381100833415983 1.5360984336584809 1.9219010919332502
leaf_count=11 11 12 15 12 11 12 11
internal_value=0 0.00862606 -0.00145274 0.013871 -0.0128189 -0.0125278 0.000718376
internal_weight=0 7.8789 6.48449 4.47703 2.7226 5.29455 3.458
internal_count=95 61 50 35 23 34 23
is_linear=0
shrinkage=0.1


Tree=89
num_leaves=7
num_cat=0
split_feature=10 10 10 10 10 10
split_gain=0.133251 0.33745 0.188074 0.337642 0.232814 0.293332
threshold=262.83333333332854 365.1666666666643 450.00000000000006 647.00000000000011 399.1666666666643 382.33333333333491
decision_type=2 2 2 2 2 2
left_child=-1 -2 4 -4 5 -3
right_child=1 2 3 -5 -6 -7
leaf_value=-0.025949576077463676 0.03917784720417495 -0.031105669136385086 0.03973029295563428 -0.021336938940936648 -0.046814788152226644 0.024566111057030795
leaf_weight=1.7047648765146739 2.2027214784175149 1.8304131329059585 2.0749218650162224 1.6063210703432558 1.7049536034464834 1.9597232751548288
leaf_count=11 20 10 19 9 10 16
internal_value=0 0.00402939 -0.00440777 0.0130834 -0.0161254 -0.00232009
internal_weight=0 11.3791 9.17633 3.68124 5.49509 3.79014
internal_count=95 84 64 28 36 26
is_linear=0
shrinkage=0.1


Tree=90
num_leaves=8
num_cat=0
split_feature=0 0 0 0 0 3 3
split_gain=0.124946 0.432562 0.220165 0.268467 0.33504 0.206212 0.254288
threshold=0.65000000000000002 1.0500000000000003 1.3500000000000003 4.75 2.6500000000000017 772.66666666666754 196.00000000000003
decision_type=2 2 2 2 2 2 2
left_child=5 -2 -3 4 -4 6 -1
right_child=1 2 3 -5 -6 -7 -8
leaf_value=-0.0024360408847621732 0.057119818791043546 -0.040696010140486079 -0.0027568453868625645 -0.03280922401468777 0.065652851898530651 0.020585289904888462 -0.05148945444432225
leaf_weight=2.727732740342617 1.4848519898951051 1.2447486519813535 1.9098981227725746 1.2075585201382635 1.1451774127781389 1.5825146380811927 1.7251487895846365
leaf_count=17 11 7 16 9 12 13 10
internal_value=0 0.00921851 -0.00369622 0.00710824 0.0228861 -0.0104211 -0.0214405
internal_weight=0 6.99223 5.50738 4.26263 3.05508 6.0354 4.45288
internal_count=95 55 44 37 28 40 27
is_linear=0
shrinkage=0.1


Tree=91
num_leaves=7
num_cat=0
split_feature=7 12 7 7 7 12
split_gain=0.107165 0.269821 0.272859 0.378092 0.435876 0.274251
threshold=81.500000000000014 0.40000000000000013 66.500000000000014 36.500000000000007 15.500000000000002 2.8500000000000001
decision_type=2 2 2 2 2 2
left_child=1 -1 3 4 -3 -5
right_child=-2 2 -4 5 -6 -7
leaf_value=0.036394959462253969 -0.019006936325747632 0.023880689699526877 -0.045362330893417568 0.054105561089408685 -0.04424654465042388 -0.0050377507142024451
leaf_weight=2.1142574697732917 2.3889428973197946 1.5740135237574562 1.3173524178564546 1.8844720087945463 2.328245067037642 1.3426484148949382
leaf_count=14 14 15 9 15 16 12
internal_value=0 0.0044464 -0.00355048 0.00417543 -0.0167668 0.0294989
internal_weight=0 10.561 8.44673 7.12938 3.90226 3.22712
internal_count=95 81 67 58 31 27
is_linear=0
shrinkage=0.1


Tree=92
num_leaves=8
num_cat=0
split_feature=5 5 5 10 10 3 0
split_gain=0.143838 0.217519 0.320349 0.328559 0.316515 0.191302 0.158879
threshold=1007.0833333333335 279.75243147657073 193.60504920838693 450.00000000000006 348.50000000000489 491.66666666666703 1.2500000000000002
decision_type=2 2 2 2 2 2 2
left_child=1 2 3 4 -1 -6 -3
right_child=-2 6 -4 -5 5 -7 -8
leaf_value=0.019727891164811027 -0.023891966953615489 0.047117263401287524 -0.049561077392663778 0.048871880596930609 -0.055500816461173164 -0.0024995319486833946 0.00058931370665838377
leaf_weight=2.4284424111247045 2.0905153416097173 1.7479864750057461 1.2908569388091562 1.3509669452905653 1.4104350581765177 1.3167815543711183 1.2650331407785413
leaf_count=17 13 14 9 11 12 9 10
internal_value=0 0.00476299 -0.00405458 0.0049735 -0.00652944 -0.0299102 0.0275822
internal_weight=0 10.8105 7.79748 6.50663 5.15566 2.72722 3.01302
internal_count=95 82 58 49 38 21 24
is_linear=0
shrinkage=0.1


Tree=93
num_leaves=7
num_cat=0
split_feature=10 12 10 12 3 3
split_gain=0.113663 0.326327 0.142412 0.150583 0.33829 0.0232118
threshold=262.83333333332854 0.40000000000000013 586.33333333333951 1.25 759.33333333333223 491.66666666666703
decision_type=2 2 2 2 2 2
left_child=-1 -2 3 -3 5 -5
right_child=1 2 -4 4 -6 -7
leaf_value=-0.023864384154030756 0.036613827486046545 0.025329423581909694 -0.025167451969761941 -0.018609040093521472 0.031509778411317323 -0.03707568266560278
leaf_weight=1.7127416282892234 2.382307916879653 2.0317074954509717 2.5245128581300378 1.272821191698313 1.4317262209951875 1.4630606137216089
leaf_count=11 16 13 19 12 15 9
internal_value=0 0.00381188 -0.00514569 0.00300766 -0.0078742 -0.0284844
internal_weight=0 11.1061 8.72383 6.19932 4.16761 2.73588
internal_count=95 84 68 49 36 21
is_linear=0
shrinkage=0.1


Tree=94
num_leaves=7
num_cat=0
split_feature=5 5 5 3 5 3
split_gain=0.125417 0.15987 0.258988 0.1197 0.119118 0.00207434
threshold=1007.0833333333335 279.75243147657073 193.60504920838693 412.50000000000119 433.75000000000097 1.0000000180025095e-35
decision_type=2 2 2 2 2 2
left_child=1 2 3 5 -3 -1
right_child=-2 4 -4 -5 -6 -7
leaf_value=-0.0058536010031611935 -0.022257714564758321 0.048789508628550304 -0.044178054970710479 0.024893925103213907 0.007889683572646777 -0.0012637705099682371
leaf_weight=2.8894932791590673 2.0961395613849172 1.1851882450282576 1.2797179259359834 2.0688463263213634 1.7838910128921268 1.4936629980802534
leaf_count=19 13 9 9 17 15 13
internal_value=0 0.0044916 -0.0030828 0.00506821 0.024216 -0.00428951
internal_weight=0 10.7008 7.73172 6.452 2.96908 4.38316
internal_count=95 82 58 49 24 32
is_linear=0
shrinkage=0.1


Tree=95
num_leaves=7
num_cat=0
split_feature=3 3 7 7 3 3
split_gain=0.108166 0.131685 0.257618 0.280009 0.146477 0.00276753
threshold=934.33333333333405 697.66666666666674 81.500000000000014 39.500000000000007 772.66666666666754 412.50000000000119
decision_type=2 2 2 2 2 2
left_child=1 2 3 -1 -3 -5
right_child=-2 4 -4 5 -6 -7
leaf_value=-0.015511444442290773 0.023300082350976071 -0.031471590826122726 -0.020275322809496781 0.043864485785392558 0.003991951029981752 0.037313720913420195
leaf_weight=1.3397755362093433 1.7363051092252142 2.6914628222584724 2.3455401808023453 1.378391679376364 2.0531132966279984 1.2119951844215391
leaf_count=12 16 16 13 13 17 8
internal_value=0 -0.00355351 0.00595121 0.0216033 -0.0161255 0.0407995
internal_weight=0 11.0203 6.2757 3.93016 4.74458 2.59039
internal_count=95 79 46 33 33 21
is_linear=0
shrinkage=0.1


Tree=96
num_leaves=7
num_cat=0
split_feature=7 7 7 0 0 7
split_gain=0.115804 0.253943 0.466361 0.235446 0.319111 0.000299707
threshold=15.500000000000002 36.500000000000007 51.500000000000007 0.84999999999999998 0.20000000000000004 27.500000000000004
decision_type=2 2 2 2 2 2
left_child=-1 5 -3 4 -4 -2
right_child=1 2 3 -5 -6 -7
leaf_value=0.025742135923642669 -0.026319089752071541 0.051381831568842531 -0.018150160012426138 -0.035536140127442425 0.036980586336447761 -0.028261215672924656
leaf_weight=1.5469054700806744 1.7694378904998287 1.7704539112746713 2.3574879467487335 1.9540384467691181 1.892947521060705 1.4422467127442358
leaf_count=15 12 15 13 15 16 9
internal_value=0 -0.0034493 0.00611212 -0.00680565 0.00640253 -0.0271912
internal_weight=0 11.1866 7.97493 6.20447 4.25044 3.21168
internal_count=95 80 59 44 29 21
is_linear=0
shrinkage=0.1


Tree=97
num_leaves=7
num_cat=0
split_feature=10 12 10 10 10 12
split_gain=0.124876 0.183675 0.307696 0.575211 0.443163 0.221092
threshold=348.50000000000489 3.0000000000000013 647.00000000000011 450.00000000000006 399.1666666666643 1.9000000000000001
decision_type=2 2 2 2 2 2
left_child=-1 2 3 4 5 -2
right_child=1 -3 -4 -5 -6 -7
leaf_value=0.020556667724768107 -0.0023385967877597802 -0.032567657007067284 -0.041570507277566636 0.064053212990144312 -0.048295569718603895 0.050111657217370598
leaf_weight=2.4148633386939773 2.6092647053301321 1.9241365753114212 1.3724601343274114 1.5453479839488862 1.6519906744360922 1.161383021622896
leaf_count=17 19 17 8 15 10 9
internal_value=0 -0.00471729 0.00170778 0.0102322 -0.00510582 0.0138164
internal_weight=0 10.2646 8.34045 6.96799 5.42264 3.77065
internal_count=95 78 61 53 38 28
is_linear=0
shrinkage=0.1


Tree=98
num_leaves=6
num_cat=0
split_feature=3 3 3 3 3
split_gain=0.0742801 0.362788 0.207446 0.105645 0.2009
threshold=772.66666666666754 1234.3333333333323 697.66666666666674 412.50000000000119 196.00000000000003
decision_type=2 2 2 2 2
left_child=2 -2 3 4 -1
right_child=1 -3 -4 -5 -6
leaf_value=0.011565075813442457 -0.0089749824231195336 0.058605485959494621 -0.028052856643577297 0.028235359621717276 -0.033317047530483777
leaf_weight=3.2523352894932014 2.5619307383894934 1.1513270549476144 2.6898298263549805 1.5071517731994388 1.4383959304541347
leaf_count=22 21 12 16 12 12
internal_value=0 0.0119789 -0.004862 0.00520264 -0.00219787
internal_weight=0 3.71326 8.88771 6.19788 4.69073
internal_count=95 33 62 46 34
is_linear=0
shrinkage=0.1


Tree=99
num_leaves=7
num_cat=0
split_feature=7 0 0 7 12 7
split_gain=0.136335 0.508282 0.147413 0.336417 0.344925 0.058372
threshold=30.500000000000004 1.2500000000000002 1.3500000000000003 63.500000000000007 0.55000000000000004 51.500000000000007
decision_type=2 2 2 2 2 2
left_child=1 -1 3 -2 -5 -4
right_child=2 -3 5 4 -6 -7
leaf_value=0.05619562172970214 -0.05008545478489676 -0.017488647193353326 0.031641801462660657 0.033269859923159513 -0.021957975606088729 -0.001145596935559728
leaf_weight=1.7154537057504069 1.8703790009021739 2.0608190633356571 1.12602249160409 1.8788835518062112 2.8404863066971302 1.0486809667199848
leaf_count=13 12 17 11 14 18 10
internal_value=0 0.015984 -0.00674451 -0.0141948 2.94242e-05 0.0158311
internal_weight=0 3.77627 8.76445 6.58975 4.71937 2.1747
internal_count=95 30 65 44 32 21
is_linear=0
shrinkage=0.1


end of trees

feature_importances:
s_view_position=129
taskNum=106
scroll_time=99
s_scroll_speed=95
response_time=93
scroll_length=79
event_scroll=10
predicted_isAnswerCorrect=8
s_choice_left=7

parameters:
[boosting: gbdt]
[objective: binary]
[metric: binary_error]
[tree_learner: serial]
[device_type: cpu]
[data_sample_strategy: bagging]
[data: ]
[valid: ]
[num_iterations: 100]
[learning_rate: 0.1]
[num_leaves: 31]
[num_threads: 0]
[seed: 0]
[deterministic: 0]
[force_col_wise: 0]
[force_row_wise: 0]
[histogram_pool_size: -1]
[max_depth: -1]
[min_data_in_leaf: 10]
[min_sum_hessian_in_leaf: 0.001]
[bagging_fraction: 1]
[pos_bagging_fraction: 1]
[neg_bagging_fraction: 1]
[bagging_freq: 0]
[bagging_seed: 3]
[feature_fraction: 0.4]
[feature_fraction_bynode: 1]
[feature_fraction_seed: 2]
[extra_trees: 0]
[extra_seed: 6]
[early_stopping_round: 0]
[first_metric_only: 0]
[max_delta_step: 0]
[lambda_l1: 0]
[lambda_l2: 0]
[linear_lambda: 0]
[min_gain_to_split: 0]
[drop_rate: 0.1]
[max_drop: 50]
[skip_drop: 0.5]
[xgboost_dart_mode: 0]
[uniform_drop: 0]
[drop_seed: 4]
[top_rate: 0.2]
[other_rate: 0.1]
[min_data_per_group: 100]
[max_cat_threshold: 32]
[cat_l2: 10]
[cat_smooth: 10]
[max_cat_to_onehot: 4]
[top_k: 20]
[monotone_constraints: ]
[monotone_constraints_method: basic]
[monotone_penalty: 0]
[feature_contri: ]
[forcedsplits_filename: ]
[refit_decay_rate: 0.9]
[cegb_tradeoff: 1]
[cegb_penalty_split: 0]
[cegb_penalty_feature_lazy: ]
[cegb_penalty_feature_coupled: ]
[path_smooth: 0]
[interaction_constraints: ]
[verbosity: -1]
[saved_feature_importance_type: 0]
[use_quantized_grad: 0]
[num_grad_quant_bins: 4]
[quant_train_renew_leaf: 0]
[stochastic_rounding: 1]
[linear_tree: 0]
[max_bin: 255]
[max_bin_by_feature: ]
[min_data_in_bin: 3]
[bin_construct_sample_cnt: 200000]
[data_random_seed: 1]
[is_enable_sparse: 1]
[enable_bundle: 1]
[use_missing: 1]
[zero_as_missing: 0]
[feature_pre_filter: 0]
[pre_partition: 0]
[two_round: 0]
[header: 0]
[label_column: ]
[weight_column: ]
[group_column: ]
[ignore_column: ]
[categorical_feature: ]
[forcedbins_filename: ]
[precise_float_parser: 0]
[parser_config_file: ]
[objective_seed: 5]
[num_class: 1]
[is_unbalance: 0]
[scale_pos_weight: 1]
[sigmoid: 1]
[boost_from_average: 1]
[reg_sqrt: 0]
[alpha: 0.9]
[fair_c: 1]
[poisson_max_delta_step: 0.7]
[tweedie_variance_power: 1.5]
[lambdarank_truncation_level: 30]
[lambdarank_norm: 1]
[label_gain: ]
[lambdarank_position_bias_regularization: 0]
[eval_at: ]
[multi_error_top_k: 1]
[auc_mu_weights: ]
[num_machines: 1]
[local_listen_port: 12400]
[time_out: 120]
[machine_list_filename: ]
[machines: ]
[gpu_platform_id: -1]
[gpu_device_id: -1]
[gpu_use_dp: 0]
[num_gpu: 1]

end of parameters

pandas_categorical:[]
