tree
version=v4
num_class=1
num_tree_per_iteration=1
label_index=0
max_feature_idx=15
objective=binary sigmoid:1
feature_names=response_time s_tap_count ratio_tap_position_y scroll_length event_scroll s_scroll_speed tap_position_x taskNum tap_position_y screen_width s_view_position predicted_isAnswerCorrect scroll_time ratio_tap_position_x s_choice_left screen_height
feature_infos=[0:10.399999999999981] [1:1] none [0:14300.666666666672] [0:6] [-3503.3333333333576:6900.0000000000018] none [1:137] none [390:390] [-343.99999999999989:1145.6666666666642] [0:1] [-0.5:18.799999999999962] none [0:1] [844:844]
tree_sizes=724 734 650 735 650 648 648 652 650 759 650 651 747 651 749 756 638 752 756 653 553 753 755 634 657 756 654 651 761 655 652 660 654 760 648 652 752 650 654 645 659 652 755 652 654 752 649 655 654 652 756 657 753 752 655 658 652 653 659 646 753 758 649 756 657 756 756 648 655 651 655 651 655 654 652 655 655 649 760 654 756 755 655 655 661 652 654 654 654 754 651 655 756 759 651 654 756 653 750 758

Tree=0
num_leaves=6
num_cat=0
split_feature=11 7 12 12 7
split_gain=45.6031 2.68534 0.95649 1.6437 1.40942
threshold=1.0000000180025095e-35 93.500000000000014 1.25 2.7499999999999996 69.500000000000014
decision_type=2 2 2 2 2
left_child=-1 2 4 -4 -2
right_child=1 -3 3 -5 -6
leaf_value=0.27988513277188276 0.52644012685718111 0.657422467464996 0.64971762389983034 0.56753262587139752 0.60348856250883687
leaf_weight=5.0988333225250271 4.867068171501165 7.416484832763671 4.8670681715011579 4.8670681715011597 4.6353030204772949
leaf_count=22 21 32 21 21 20
internal_value=0.553885 0.606303 0.586594 0.608625 0.564025
internal_weight=0 26.653 19.2365 9.73414 9.50237
internal_count=137 115 83 42 41
is_linear=0
shrinkage=1


Tree=1
num_leaves=6
num_cat=0
split_feature=11 7 12 12 0
split_gain=35.1473 2.30647 0.79849 1.40164 1.20185
threshold=1.0000000180025095e-35 93.500000000000014 1.25 2.7499999999999996 0.45000000000000007
decision_type=2 2 2 2 2
left_child=-1 2 4 -4 -2
right_child=1 -3 3 -5 -6
leaf_value=-0.2322977931847251 0.045985715243381783 0.096218555374057949 0.088830841154069487 0.012331186014925777 -0.025289179384352364
leaf_weight=5.3936792910099056 4.580819129943853 7.1942496299743643 4.7327215969562513 4.848952978849411 4.8926248997449875
leaf_count=22 20 32 21 21 21
internal_value=0 0.0479763 0.0297624 0.050117 0.00917531
internal_weight=0 26.2494 19.0551 9.58167 9.47344
internal_count=137 115 83 42 41
is_linear=0
shrinkage=0.1


Tree=2
num_leaves=5
num_cat=0
split_feature=11 7 10 10
split_gain=28.0614 1.98881 0.711651 1.46193
threshold=1.0000000180025095e-35 93.500000000000014 350.33333333333945 450.00000000000006
decision_type=2 2 2 2
left_child=-1 2 -2 -4
right_child=1 -3 3 -5
leaf_value=-0.20487378099862219 0.05845842973823856 0.089622831079182258 -0.013540955240399572 0.052531174190576402
leaf_weight=5.4968872964382198 5.2290006875991883 6.9635276794433585 7.7339421510696393 5.9061730206012726
leaf_count=22 23 32 34 26
internal_value=0 0.0439484 0.0270925 0.0150683
internal_weight=0 25.8326 18.8691 13.6401
internal_count=137 115 83 60
is_linear=0
shrinkage=0.1


Tree=3
num_leaves=6
num_cat=0
split_feature=11 7 12 12 0
split_gain=22.9142 1.72208 0.667421 1.26342 0.92503
threshold=1.0000000180025095e-35 93.500000000000014 1.25 2.7499999999999996 0.45000000000000007
decision_type=2 2 2 2 2
left_child=-1 2 4 -4 -2
right_child=1 -3 3 -5 -6
leaf_value=-0.18544593012819621 0.038699867747301574 0.083602336483424133 0.081172692640082783 0.0076061954772207209 -0.024221171578334671
leaf_weight=5.4661234915256527 4.4626968652010017 6.7308292388916007 4.5624823570251447 4.7804697901010513 4.90406334400177
leaf_count=22 20 32 21 21 21
internal_value=0 0.040225 0.02462 0.0435312 0.00575691
internal_weight=0 25.4405 18.7097 9.34295 9.36676
internal_count=137 115 83 42 41
is_linear=0
shrinkage=0.1


Tree=4
num_leaves=5
num_cat=0
split_feature=11 7 10 10
split_gain=19.0166 1.49003 0.593997 1.21317
threshold=1.0000000180025095e-35 93.500000000000014 350.33333333333945 450.00000000000006
decision_type=2 2 2 2
left_child=-1 2 -2 -4
right_child=1 -3 3 -5
leaf_value=-0.17098281099235305 0.051523268253535426 0.078049572657471783 -0.014575815215193487 0.046128612342558828
leaf_weight=5.3415953516960171 5.084580644965178 6.5009322166442862 7.6937911510467512 5.7544708251953125
leaf_count=22 23 32 34 26
internal_value=0 0.0368571 0.0224076 0.0113994
internal_weight=0 25.0338 18.5328 13.4483
internal_count=137 115 83 60
is_linear=0
shrinkage=0.1


Tree=5
num_leaves=5
num_cat=0
split_feature=11 7 10 7
split_gain=15.9666 1.2914 0.595671 1.5163
threshold=1.0000000180025095e-35 93.500000000000014 399.00000000000369 54.500000000000007
decision_type=2 2 2 2
left_child=-1 2 3 -2
right_child=1 -3 -4 -5
leaf_value=-0.15982688066761794 0.0036064302766970497 0.072885636962468942 -0.00026169096772839858 0.08084185128120229
leaf_weight=5.1525163948535946 6.0475894659757667 6.2772760391235343 7.953292414546012 4.3848716616630554
leaf_count=22 27 32 36 20
internal_value=0 0.0337239 0.0203533 0.0360693
internal_weight=0 24.663 18.3858 10.4325
internal_count=137 115 83 47
is_linear=0
shrinkage=0.1


Tree=6
num_leaves=5
num_cat=0
split_feature=11 10 12 0
split_gain=13.53 1.25014 2.83231 1.45218
threshold=1.0000000180025095e-35 470.00000000000006 0.55000000000000004 1.6500000000000006
decision_type=2 2 2 2
left_child=-1 2 -2 -4
right_child=1 -3 3 -5
leaf_value=-0.15098993155901227 -0.04017594808015653 0.064679216953529808 0.078602533966453253 0.0051138819939388156
leaf_weight=4.9205214679241207 5.8960697501897874 7.5337923616170874 6.0386867225170118 4.8474088907241821
leaf_count=22 28 36 29 22
internal_value=0 0.0308376 0.0156455 0.0458792
internal_weight=0 24.316 16.7822 10.8861
internal_count=137 115 79 51
is_linear=0
shrinkage=0.1


Tree=7
num_leaves=5
num_cat=0
split_feature=11 7 7 10
split_gain=11.5509 1.13143 0.704466 1.47229
threshold=1.0000000180025095e-35 93.500000000000014 30.500000000000004 399.00000000000369
decision_type=2 2 2 2
left_child=-1 2 -2 -4
right_child=1 -3 3 -5
leaf_value=-0.14384400252316584 0.042244699380724671 0.065937353643444205 0.034178196863690849 -0.037195548396492598
leaf_weight=4.6617546677589443 6.4318822473287645 5.9623610377311698 6.2160936743020994 5.4014852494001389
leaf_count=22 29 32 29 25
internal_value=0 0.0281694 0.0156934 0.000993638
internal_weight=0 24.0118 18.0495 11.6176
internal_count=137 115 83 54
is_linear=0
shrinkage=0.1


Tree=8
num_leaves=5
num_cat=0
split_feature=11 10 10 10
split_gain=9.92181 1.18647 2.44734 0.82735
threshold=1.0000000180025095e-35 470.00000000000006 366.50000000000733 259.16666666667157
decision_type=2 2 2 2
left_child=-1 2 3 -2
right_child=1 -3 -4 -5
leaf_value=-0.13796992484011453 0.014883679914337145 0.059277939085726705 -0.029745624222909411 0.076956577428827388
leaf_weight=4.3882717788219479 4.0786153227090889 7.2942860275506964 7.8058385103940955 4.5345790088176727
leaf_count=22 21 36 36 22
internal_value=0 0.0257185 0.0108095 0.0475631
internal_weight=0 23.7133 16.419 8.61319
internal_count=137 115 79 43
is_linear=0
shrinkage=0.1


Tree=9
num_leaves=6
num_cat=0
split_feature=11 10 7 12 7
split_gain=8.56803 1.01555 2.40457 2.08345 0.347025
threshold=1.0000000180025095e-35 616.50000000000011 57.500000000000007 1.0000000180025095e-35 27.500000000000004
decision_type=2 2 2 2 2
left_child=-1 2 4 -4 -2
right_child=1 -3 3 -5 -6
leaf_value=-0.13307654012498582 -0.0036022975140041404 0.068123218577610181 -0.0068882195803985696 0.085728600039564617 -0.042403286062096597
leaf_weight=4.1090342402458218 4.5879756808280998 4.1843325793743125 4.1248212307691556 5.9073423147201538 4.6323252320289612
leaf_count=22 21 21 21 31 21
internal_value=0 0.0234722 0.0137677 0.0476483 -0.0230961
internal_weight=0 23.4368 19.2525 10.0322 9.2203
internal_count=137 115 94 52 42
is_linear=0
shrinkage=0.1


Tree=10
num_leaves=5
num_cat=0
split_feature=3 10 0 0
split_gain=1.10608 1.58519 2.09538 1.04526
threshold=832.3333333333386 348.83333333333337 1.6500000000000006 0.25000000000000006
decision_type=2 2 2 2
left_child=1 -1 3 -3
right_child=-2 2 -4 -5
leaf_value=0.032522993053149894 0.04639136407446609 -0.038342536982546638 -0.081482780422081874 0.023343787088929119
leaf_weight=6.5944177210331025 4.3328491747379294 4.7023665904998797 4.7453231662511817 6.6057134717702866
leaf_count=35 22 26 23 31
internal_value=0 -0.00875538 -0.0257117 -0.00230793
internal_weight=0 22.6478 16.0534 11.3081
internal_count=137 115 80 57
is_linear=0
shrinkage=0.1


Tree=11
num_leaves=5
num_cat=0
split_feature=3 10 12 10
split_gain=0.913337 1.28837 1.77637 1.58408
threshold=832.3333333333386 348.83333333333337 2.0500000000000003 470.00000000000006
decision_type=2 2 2 2
left_child=1 -1 3 -3
right_child=-2 2 -4 -5
leaf_value=0.029643086720765977 0.042692688327190365 -0.032160467086515813 -0.074205385065575252 0.044139135267401791
leaf_weight=6.5158750265836778 4.2423070967197409 6.7670158594846743 4.7759513407945624 4.550964280962944
leaf_count=35 22 32 23 25
internal_value=0 -0.00787293 -0.0230619 -0.00148037
internal_weight=0 22.6098 16.0939 11.318
internal_count=137 115 80 57
is_linear=0
shrinkage=0.1


Tree=12
num_leaves=6
num_cat=0
split_feature=0 0 12 7 7
split_gain=0.95237 1.66574 1.58498 1.5254 1.25147
threshold=2.6500000000000017 1.0500000000000003 0.55000000000000004 96.500000000000014 96.500000000000014
decision_type=2 2 2 2 2
left_child=1 2 4 -4 -1
right_child=-2 -3 3 -5 -6
leaf_value=0.0085798593646163636 0.042175890356453 -0.061726696052900279 0.0035686086390877094 0.086365647021736283 -0.071645505108031443
leaf_weight=4.286964491009722 4.4835333526134482 4.6292011588811866 6.3622275739908201 3.4219007790088654 3.5584675669670105
leaf_count=20 21 23 32 21 20
internal_value=0 -0.00834157 0.00567639 0.032526 -0.0278081
internal_weight=0 22.2588 17.6296 9.78413 7.84543
internal_count=137 116 93 53 40
is_linear=0
shrinkage=0.1


Tree=13
num_leaves=5
num_cat=0
split_feature=7 7 0 10
split_gain=0.883831 0.992576 2.07175 0.422761
threshold=30.500000000000004 57.500000000000007 0.15000000000000005 348.83333333333337
decision_type=2 2 2 2
left_child=-1 -2 3 -3
right_child=1 2 -4 -5
leaf_value=0.032529793761858244 -0.04560486950160042 -0.0094351812121644622 0.042759830871413489 -0.056835657176798698
leaf_weight=6.4030817449092892 5.6675326228141811 3.8285856544971448 7.0299989432096481 3.7000438272953033
leaf_count=30 27 22 38 20
internal_value=0 -0.0101 0.00372176 -0.0327308
internal_weight=0 20.2262 14.5586 7.52863
internal_count=137 107 80 42
is_linear=0
shrinkage=0.1


Tree=14
num_leaves=6
num_cat=0
split_feature=0 0 12 7 7
split_gain=0.737509 1.3401 1.30341 1.31696 0.953049
threshold=2.6500000000000017 1.0500000000000003 0.55000000000000004 96.500000000000014 96.500000000000014
decision_type=2 2 2 2 2
left_child=1 2 4 -4 -1
right_child=-2 -3 3 -5 -6
leaf_value=0.0071687745162694813 0.03749858313113999 -0.054860588305248981 0.0034308978881944343 0.081422429382762521 -0.062785734159495066
leaf_weight=4.2610806375742056 4.410026639699935 4.6712076663970938 6.3288856744766218 3.2909194678068161 3.586941584944725
leaf_count=20 21 23 32 21 20
internal_value=0 -0.00728391 0.00543894 0.0301117 -0.024804
internal_weight=0 22.139 17.4678 9.61981 7.84802
internal_count=137 116 93 53 40
is_linear=0
shrinkage=0.1


Tree=15
num_leaves=6
num_cat=0
split_feature=7 7 0 0 10
split_gain=0.682892 0.831483 3.21132 1.27202 0.353215
threshold=30.500000000000004 72.500000000000014 0.15000000000000005 1.3500000000000003 348.83333333333337
decision_type=2 2 2 2 2
left_child=-1 3 4 -2 -3
right_child=1 2 -4 -5 -6
leaf_value=0.028850811301601244 -0.069802770633025299 -0.0082250429306832303 0.081604127315818245 0.0069401143858303276 -0.05160571057167488
leaf_weight=6.3173369318246868 4.4152056425809878 3.802495062351225 3.9655183702707291 4.2281472533941269 3.7064396888017654
leaf_count=30 21 22 23 21 20
internal_value=0 -0.00883775 0.00880683 -0.0322618 -0.0296379
internal_weight=0 20.1178 11.4745 8.64335 7.50893
internal_count=137 107 65 42 42
is_linear=0
shrinkage=0.1


Tree=16
num_leaves=5
num_cat=0
split_feature=10 12 12 10
split_gain=0.626011 2.1815 1.6078 1.13444
threshold=348.83333333333337 2.4000000000000008 1.25 600.83333333333951
decision_type=2 2 2 2
left_child=-1 2 3 -2
right_child=1 -3 -4 -5
leaf_value=0.027701557407903282 0.012442448307265437 -0.068875624076402409 0.064708797535465379 -0.054723709491196849
leaf_weight=6.2916805595159557 7.7532370984554309 4.6025162041187277 3.9383448511362067 3.7217945158481598
leaf_count=35 38 23 21 20
internal_value=0 -0.00846111 0.00957898 -0.00934212
internal_weight=0 20.0159 15.4134 11.475
internal_count=137 102 79 58
is_linear=0
shrinkage=0.1


Tree=17
num_leaves=6
num_cat=0
split_feature=0 0 12 7 7
split_gain=0.619438 1.01483 1.10852 0.754207 0.746049
threshold=2.6500000000000017 1.0500000000000003 0.55000000000000004 96.500000000000014 90.500000000000014
decision_type=2 2 2 2 2
left_child=1 2 3 -1 -4
right_child=-2 -3 4 -5 -6
leaf_value=0.0053582926405866156 0.03459110344867692 -0.048021025203474989 0.0052478207035565995 -0.057045129496427573 0.06314409412405525
leaf_weight=4.2194891571998694 4.3637500256299964 4.6680970489978781 5.7261752337217313 3.579958900809288 3.6408535242080688
leaf_count=20 21 23 29 20 24
internal_value=0 -0.00667879 0.00456345 -0.023285 0.0277514
internal_weight=0 21.8346 17.1665 7.79945 9.36703
internal_count=137 116 93 40 53
is_linear=0
shrinkage=0.1


Tree=18
num_leaves=6
num_cat=0
split_feature=0 7 7 12 10
split_gain=0.611619 2.14351 0.930013 1.15102 0.395204
threshold=0.15000000000000005 72.500000000000014 30.500000000000004 1.5000000000000002 348.83333333333337
decision_type=2 2 2 2 2
left_child=4 2 -2 -4 -1
right_child=1 -3 3 -5 -6
leaf_value=-0.0016349448814659924 0.022730693614199084 0.077027689353295806 -0.066380549013150325 0.0067780598464220734 -0.047149985354815946
leaf_weight=3.9526894986629513 6.0596600174903896 3.7950998470187178 4.1423904746770841 4.4725064486265182 3.6873424053192139
leaf_count=23 29 23 19 23 20
internal_value=0 0.0100386 -0.00728601 -0.0283996 -0.0236021
internal_weight=0 18.4697 14.6746 8.6149 7.64003
internal_count=137 94 71 42 43
is_linear=0
shrinkage=0.1


Tree=19
num_leaves=5
num_cat=0
split_feature=3 10 12 10
split_gain=0.540844 0.840376 1.57593 1.15118
threshold=832.3333333333386 348.83333333333337 2.0500000000000003 470.00000000000006
decision_type=2 2 2 2
left_child=1 -1 3 -3
right_child=-2 2 -4 -5
leaf_value=0.025484700217409891 0.034300056638797788 -0.023354105224283064 -0.066340956364479481 0.042454106538976931
leaf_weight=6.1505952477455201 3.9460106864571562 6.7682273089885694 4.7411353886127463 4.3773089051246643
leaf_count=35 22 32 23 25
internal_value=0 -0.00589985 -0.0180505 0.00249148
internal_weight=0 22.0373 15.8867 11.1455
internal_count=137 115 80 57
is_linear=0
shrinkage=0.1


Tree=20
num_leaves=4
num_cat=0
split_feature=7 4 12
split_gain=0.59755 0.770667 1.04176
threshold=105.50000000000001 1.0000000180025095e-35 1.5000000000000002
decision_type=2 2 2
left_child=1 -1 -3
right_child=-2 2 -4
leaf_value=0.034876045815878179 -0.030132578176844383 -0.038160268880159005 0.01763293301849916
leaf_weight=6.9750798493623796 5.1912490874528876 5.7969916313886625 7.9172175526618958
leaf_count=38 32 27 40
internal_value=0 0.00781333 -0.00595083
internal_weight=0 20.6893 13.7142
internal_count=137 105 67
is_linear=0
shrinkage=0.1


Tree=21
num_leaves=6
num_cat=0
split_feature=0 7 0 7 10
split_gain=0.595143 1.65266 0.810838 1.8227 0.307454
threshold=0.15000000000000005 72.500000000000014 2.6500000000000017 45.500000000000007 348.83333333333337
decision_type=2 2 2 2 2
left_child=4 2 3 -2 -1
right_child=1 -3 -4 -5 -6
leaf_value=-0.0037512637808039249 0.01330808370276502 0.070628494342099044 0.031596360677481013 -0.072900460900770972 -0.043982616114681003
leaf_weight=3.9083422422409084 6.3225243836641329 3.6063548326492301 4.2881372869014731 4.0067697316408157 3.6957900822162628
leaf_count=23 30 23 21 20 20
internal_value=0 0.0100005 -0.00495745 -0.0201325 -0.0233047
internal_weight=0 18.2238 14.6174 10.3293 7.60413
internal_count=137 94 71 50 43
is_linear=0
shrinkage=0.1


Tree=22
num_leaves=6
num_cat=0
split_feature=0 7 0 10 10
split_gain=0.48333 1.39279 0.660635 1.51388 0.247258
threshold=0.15000000000000005 72.500000000000014 2.6500000000000017 399.33333333333036 348.83333333333337
decision_type=2 2 2 2 2
left_child=4 2 3 -2 -1
right_child=1 -3 -4 -5 -6
leaf_value=-0.0033708284705732099 -0.048655413088014424 0.065910878727709218 0.028731036619892576 0.029926882768569932 -0.039394209995079053
leaf_weight=3.9141737073659923 6.3109226226806658 3.4845643937587729 4.2464914172887793 4.008822962641716 3.7126759737730026
leaf_count=23 31 23 21 19 20
internal_value=0 0.00911803 -0.00446806 -0.0181292 -0.0209067
internal_weight=0 18.0508 14.5662 10.3197 7.62685
internal_count=137 94 71 50 43
is_linear=0
shrinkage=0.1


Tree=23
num_leaves=5
num_cat=0
split_feature=7 12 12 3
split_gain=0.468289 0.701027 1.02007 1.3471
threshold=105.50000000000001 2.4000000000000008 1.25 730.3333333333286
decision_type=2 2 2 2
left_child=1 2 3 -1
right_child=-2 -3 -4 -5
leaf_value=0.030828347651180085 -0.026593511901597651 -0.022929470304184865 0.05945558700284697 -0.042734167263224994
leaf_weight=6.2621469646692329 5.1945764794945708 5.6386823430657378 4.3085334077477446 4.1318890303373337
leaf_count=32 32 29 25 19
internal_value=0 0.00704741 0.0185441 0.00158541
internal_weight=0 20.3413 14.7026 10.394
internal_count=137 105 76 51
is_linear=0
shrinkage=0.1


Tree=24
num_leaves=5
num_cat=0
split_feature=7 10 7 12
split_gain=0.487509 0.532615 1.98793 1.03931
threshold=30.500000000000004 631.49999999999693 57.500000000000007 1.0000000180025095e-35
decision_type=2 2 2 2
left_child=-1 2 -2 -4
right_child=1 -3 3 -5
leaf_value=0.024670621347883927 -0.053364255075926875 -0.042295226320068553 -0.009824950148146919 0.052146416609138282
leaf_weight=6.1715423911809948 4.7899328917264965 3.6023803055286399 4.9705182760953885 5.9405580461025238
leaf_count=30 23 21 26 37
internal_value=0 -0.00761685 0.000339629 0.0239155
internal_weight=0 19.3034 15.701 10.9111
internal_count=137 107 86 63
is_linear=0
shrinkage=0.1


Tree=25
num_leaves=6
num_cat=0
split_feature=0 4 5 7 7
split_gain=0.427283 1.01438 1.03259 1.0949 0.242428
threshold=0.15000000000000005 1.0000000180025095e-35 150.81410825199643 36.500000000000007 105.50000000000001
decision_type=2 2 2 2 2
left_child=4 -2 -3 -4 -1
right_child=1 2 3 -5 -6
leaf_value=-0.00015850334454916074 0.051119188894252987 0.034558728996924443 -0.057252126258691832 0.012360169560366322 -0.036125539514095008
leaf_weight=3.4451227784156826 4.2755789384245899 4.4725210070610038 4.7536664903163892 4.3062294274568558 4.1093435734510422
leaf_count=18 27 21 23 23 25
internal_value=0 0.00865886 -0.00475652 -0.0241649 -0.0197232
internal_weight=0 17.808 13.5324 9.0599 7.55447
internal_count=137 94 67 46 43
is_linear=0
shrinkage=0.1


Tree=26
num_leaves=5
num_cat=0
split_feature=7 12 0 7
split_gain=0.488466 0.469003 1.34571 0.693891
threshold=30.500000000000004 1.5000000000000002 0.45000000000000007 105.50000000000001
decision_type=2 2 2 2
left_child=-1 2 3 -2
right_child=1 -3 -4 -5
leaf_value=0.024697664582274827 0.029681768726402536 0.019157818938096101 -0.064435275863526736 -0.022718152014208414
leaf_weight=6.1623043864965465 4.9550077244639414 4.8637027665972701 4.1909749805927268 5.1576347276568413
leaf_count=30 28 28 19 32
internal_value=0 -0.00766759 -0.0167891 0.00295684
internal_weight=0 19.1673 14.3036 10.1126
internal_count=137 107 79 60
is_linear=0
shrinkage=0.1


Tree=27
num_leaves=5
num_cat=0
split_feature=12 0 7 7
split_gain=0.4187 1.37965 0.498156 0.498987
threshold=2.4000000000000008 0.65000000000000002 72.500000000000014 105.50000000000001
decision_type=2 2 2 2
left_child=1 2 -1 -4
right_child=-2 -3 3 -5
leaf_value=-0.040986650196889879 -0.02388908326440424 0.049846202837068809 0.023231659020936775 -0.020351520743550931
leaf_weight=3.6835711449384752 5.6126174181699744 5.4505781084299079 5.329521529376505 5.1803926527500153
leaf_count=17 29 27 32 32
internal_value=0 0.00708092 -0.00934178 0.00174928
internal_weight=0 19.6441 14.1935 10.5099
internal_count=137 108 81 64
is_linear=0
shrinkage=0.1


Tree=28
num_leaves=6
num_cat=0
split_feature=7 10 14 7 10
split_gain=0.452656 0.452502 1.68197 3.15462 0.759442
threshold=30.500000000000004 631.49999999999693 1.0000000180025095e-35 66.500000000000014 350.33333333333036
decision_type=2 2 2 2 2
left_child=-1 2 -2 -4 -5
right_child=1 -3 3 4 -6
leaf_value=0.023795283340796464 0.057308307215259729 -0.039625828263262899 -0.09408462033883587 -0.017686554554291897 0.044697684699449659
leaf_weight=6.1456696242094067 3.8463963344693228 3.5490293726325026 3.7788364067673648 3.5099711939692497 4.3946115970611572
leaf_count=30 22 21 19 21 24
internal_value=0 -0.00741048 -4.83109e-05 -0.0189312 0.0169964
internal_weight=0 19.0788 15.5298 11.6834 7.90458
internal_count=137 107 86 64 45
is_linear=0
shrinkage=0.1


Tree=29
num_leaves=5
num_cat=0
split_feature=10 12 7 0
split_gain=0.477146 1.75486 1.26027 0.359408
threshold=348.83333333333337 2.4000000000000008 51.500000000000007 0.15000000000000005
decision_type=2 2 2 2
left_child=-1 2 -2 -4
right_child=1 -3 3 -5
leaf_value=0.024893545663237371 0.047653459034824895 -0.062383562342076294 -0.037797517897068533 0.0025694008676728792
leaf_weight=5.9635251164436367 5.3922865092754391 4.4664102494716635 3.6102227270603162 5.6692661866545677
leaf_count=35 26 23 20 33
internal_value=0 -0.00750125 0.00920613 -0.0131355
internal_weight=0 19.1382 14.6718 9.27949
internal_count=137 102 79 53
is_linear=0
shrinkage=0.1


Tree=30
num_leaves=5
num_cat=0
split_feature=10 12 3 10
split_gain=0.389375 1.40666 1.11227 1.5355
threshold=348.83333333333337 2.4000000000000008 771.16666666667118 470.00000000000006
decision_type=2 2 2 2
left_child=-1 2 3 -2
right_child=1 -3 -4 -5
leaf_value=0.022638894573634813 -0.045354318901266698 -0.055544391640194792 0.045971398686581483 0.036364305413701843
leaf_weight=5.9049200043082264 5.6144957616925257 4.5121157839894286 5.1071223095059386 3.8941783830523491
leaf_count=35 27 23 28 24
internal_value=0 -0.00673747 0.00832996 -0.0118873
internal_weight=0 19.1279 14.6158 9.50867
internal_count=137 102 79 51
is_linear=0
shrinkage=0.1


Tree=31
num_leaves=5
num_cat=0
split_feature=7 12 0 12
split_gain=0.443016 0.557523 1.11047 0.545203
threshold=30.500000000000004 1.5000000000000002 0.45000000000000007 1.0000000180025095e-35
decision_type=2 2 2 2
left_child=-1 2 3 -2
right_child=1 -3 -4 -5
leaf_value=0.023584480076647103 -0.020795443854620461 0.022263854845566304 -0.060499663404225114 0.026294201737627587
leaf_weight=6.1129216402769115 5.3373235836625117 4.7411018237471572 4.1945126056671134 4.5587636232376099
leaf_count=30 30 28 19 30
internal_value=0 -0.00739893 -0.0173796 0.000897025
internal_weight=0 18.8317 14.0906 9.89609
internal_count=137 107 79 60
is_linear=0
shrinkage=0.1


Tree=32
num_leaves=5
num_cat=0
split_feature=0 5 7 10
split_gain=0.406887 0.825122 1.21749 0.15685
threshold=0.15000000000000005 150.81410825199643 36.500000000000007 348.83333333333337
decision_type=2 2 2 2
left_child=3 -2 -3 -1
right_child=1 2 -4 -5
leaf_value=-0.0052450522334464011 0.036556108466099323 -0.045094295145659352 0.022088123611483521 -0.034292117095204751
leaf_weight=3.8166579157114056 6.5584895238280323 4.9312116354703885 5.9548535048961639 3.6243238374590874
leaf_count=23 35 24 35 20
internal_value=0 0.00853647 -0.00834443 -0.0193932
internal_weight=0 17.4446 10.8861 7.44098
internal_count=137 94 59 43
is_linear=0
shrinkage=0.1


Tree=33
num_leaves=6
num_cat=0
split_feature=7 10 7 10 12
split_gain=0.422105 0.437149 1.4069 0.822444 0.254021
threshold=30.500000000000004 631.49999999999693 57.500000000000007 382.66666666665884 1.0000000180025095e-35
decision_type=2 2 2 2 2
left_child=-1 2 -2 4 -4
right_child=1 -3 3 -5 -6
leaf_value=0.023058939351078667 -0.045357743233665614 -0.039081838582906675 -0.018940405490342621 0.059072713903086639 0.019312919743411518
leaf_weight=6.0886109620332745 4.7125905230641392 3.5065395534038535 3.4641295373439771 3.6101356148719788 3.4796122089028358
leaf_count=30 23 21 19 21 23
internal_value=0 -0.00724149 7.1889e-05 0.0203574 0.000228904
internal_weight=0 18.773 15.2665 10.5539 6.94374
internal_count=137 107 86 63 42
is_linear=0
shrinkage=0.1


Tree=34
num_leaves=5
num_cat=0
split_feature=0 5 12 7
split_gain=0.38312 1.23768 0.541842 0.56598
threshold=0.55000000000000016 279.75243147657073 0.75000000000000011 105.50000000000001
decision_type=2 2 2 2
left_child=2 -2 3 -1
right_child=1 -3 -4 -5
leaf_value=0.029489501375419443 -0.013331853137438676 0.05169063667052462 -0.044746564270983322 -0.021154177672720861
leaf_weight=3.9398328289389628 7.2775827497243863 4.8973235487937927 3.614487223327159 5.0165596604347229
leaf_count=21 37 25 22 32
internal_value=0 0.0128233 -0.0120655 0.0011235
internal_weight=0 12.1749 12.5709 8.95639
internal_count=137 62 75 53
is_linear=0
shrinkage=0.1


Tree=35
num_leaves=5
num_cat=0
split_feature=0 3 10 10
split_gain=0.353006 0.594967 1.24154 1.21284
threshold=2.6500000000000017 771.16666666667118 470.00000000000006 348.83333333333337
decision_type=2 2 2 2
left_child=1 2 3 -1
right_child=-2 -3 -4 -5
leaf_value=0.0051416251088513658 0.026788152453005205 0.02344307025017445 0.034417288124278571 -0.060515084503863094
leaf_weight=5.0112479776144081 4.1487666666507712 5.3647163063287726 3.7763832360506049 6.4152169451117516
leaf_count=30 21 31 24 31
internal_value=0 -0.00518842 -0.0152918 -0.0317203
internal_weight=0 20.5676 15.2028 11.4265
internal_count=137 116 85 61
is_linear=0
shrinkage=0.1


Tree=36
num_leaves=6
num_cat=0
split_feature=10 5 12 12 10
split_gain=0.328531 1.22693 0.772476 1.005 1.50586
threshold=379.83333333333582 123.42174432497008 2.0500000000000003 0.55000000000000004 513.33333333333405
decision_type=2 2 2 2 2
left_child=1 -1 3 -2 -5
right_child=2 -3 -4 4 -6
leaf_value=-0.011379236628350498 -0.03529795958950973 0.063994117545230489 -0.047929485388037901 0.073622574485834494 -0.017971893176361799
leaf_weight=6.2424440011382121 4.1111248135566694 3.3020315170288086 3.8116143867373458 3.5036189034581184 3.680445559322834
leaf_count=37 21 18 20 20 21
internal_value=0 0.0146971 -0.00900271 0.00413331 0.0266981
internal_weight=0 9.54448 15.1068 11.2952 7.18406
internal_count=137 55 82 62 41
is_linear=0
shrinkage=0.1


Tree=37
num_leaves=5
num_cat=0
split_feature=7 12 0 7
split_gain=0.31725 0.411647 0.9969 0.471695
threshold=30.500000000000004 1.5000000000000002 0.45000000000000007 105.50000000000001
decision_type=2 2 2 2
left_child=-1 2 3 -2
right_child=1 -3 -4 -5
leaf_value=0.020201115183146247 0.025209306599807371 0.019556750567551386 -0.055519102514589636 -0.018720519499739362
leaf_weight=5.990143537521365 4.7682621628046054 4.6399491801857939 4.2074271142482749 5.0148768797516823
leaf_count=30 28 28 19 32
internal_value=0 -0.00625462 -0.0148149 0.0026907
internal_weight=0 18.6305 13.9906 9.78314
internal_count=137 107 79 60
is_linear=0
shrinkage=0.1


Tree=38
num_leaves=5
num_cat=0
split_feature=10 12 0 5
split_gain=0.308199 1.26247 1.03003 0.495837
threshold=348.83333333333337 2.4000000000000008 0.65000000000000002 346.36363636363666
decision_type=2 2 2 2
left_child=-1 2 3 -2
right_child=1 -3 -4 -5
leaf_value=0.020440084587909815 0.008120819563579889 -0.052170034275486082 0.045437098219063887 -0.038736890795155687
leaf_weight=5.7465857043862369 5.5359742939472216 4.5070536807179442 4.9453373104333869 3.8141876682639122
leaf_count=35 33 23 25 21
internal_value=0 -0.00602176 0.00852776 -0.0109937
internal_weight=0 18.8026 14.2955 9.35016
internal_count=137 102 79 54
is_linear=0
shrinkage=0.1


Tree=39
num_leaves=5
num_cat=0
split_feature=0 5 7 12
split_gain=0.331631 0.935279 0.976639 0.544
threshold=0.25000000000000006 150.81410825199643 36.500000000000007 0.55000000000000004
decision_type=2 2 2 2
left_child=3 -2 -3 -1
right_child=1 2 -4 -5
leaf_value=-0.039197611611548083 0.041595092877501162 -0.041618335550119637 0.018858451867777744 0.012772026321163425
leaf_weight=4.5675212219357508 5.5850137844681766 4.9273296222090703 5.8294469192624092 3.60306266695261
leaf_count=25 29 24 35 24
internal_value=0 0.0083942 -0.008844 -0.01628
internal_weight=0 16.3418 10.7568 8.17058
internal_count=137 88 59 49
is_linear=0
shrinkage=0.1


Tree=40
num_leaves=5
num_cat=0
split_feature=7 10 7 12
split_gain=0.373369 0.330165 1.29528 0.801481
threshold=30.500000000000004 631.49999999999693 63.500000000000007 1.0000000180025095e-35
decision_type=2 2 2 2
left_child=-1 2 -2 -4
right_child=1 -3 3 -5
leaf_value=0.021838342219941465 -0.038184380630940415 -0.034575858556523488 -0.0055542273294267716 0.053114760680087393
leaf_weight=6.0007304251194027 5.6558556258678463 3.4893759563565245 4.87605222314596 4.4567791074514389
leaf_count=30 29 21 26 31
internal_value=0 -0.00687169 -0.000422138 0.0224624
internal_weight=0 18.4781 14.9887 9.33283
internal_count=137 107 86 57
is_linear=0
shrinkage=0.1


Tree=41
num_leaves=5
num_cat=0
split_feature=3 10 0 0
split_gain=0.365577 0.425205 1.32072 0.909834
threshold=832.3333333333386 348.83333333333337 1.9500000000000008 0.45000000000000007
decision_type=2 2 2 2
left_child=1 -1 3 -3
right_child=-2 2 -4 -5
leaf_value=0.018485522737708898 0.029521774422456709 -0.023167134372724309 -0.064321938325747882 0.033772617027843115
leaf_weight=5.639784559607512 3.6131781637668601 5.9754916206002218 3.8420010805129996 5.2911929339170456
leaf_count=35 22 36 19 25
internal_value=0 -0.00494534 -0.0136916 0.00357358
internal_weight=0 20.7485 15.1087 11.2667
internal_count=137 115 80 61
is_linear=0
shrinkage=0.1


Tree=42
num_leaves=6
num_cat=0
split_feature=0 0 0 12 7
split_gain=0.391172 0.61167 1.19723 0.568813 0.46965
threshold=2.6500000000000017 1.0500000000000003 0.55000000000000016 0.75000000000000011 105.50000000000001
decision_type=2 2 2 2 2
left_child=1 2 3 4 -1
right_child=-2 -3 -4 -5 -6
leaf_value=0.02880238414588833 0.028430554315488278 -0.038238490419505833 0.056516924774897059 -0.044468581667664299 -0.017639252432537517
leaf_weight=3.9075253978371673 4.0735641717910758 4.4581889063119879 3.3745699897408477 3.5519548729062072 4.9182530120015144
leaf_count=21 21 23 18 22 32
internal_value=0 -0.00553736 0.00371766 -0.0106771 0.00292232
internal_weight=0 20.2105 15.7523 12.3777 8.82578
internal_count=137 116 93 75 53
is_linear=0
shrinkage=0.1


Tree=43
num_leaves=5
num_cat=0
split_feature=0 7 7 7
split_gain=0.319052 0.518065 1.26953 0.341323
threshold=2.6500000000000017 45.500000000000007 72.500000000000014 105.50000000000001
decision_type=2 2 2 2
left_child=1 -1 -3 -4
right_child=-2 2 3 -5
leaf_value=0.019039446498211918 0.025820279849659025 -0.064381970690041534 0.020947190345064669 -0.015821949252072462
leaf_weight=6.2191920801997247 4.0387494117021552 3.8671806603670111 5.1700952127575857 4.9339700862765312
leaf_count=31 21 20 33 32
internal_value=0 -0.00496932 -0.0156566 0.00299226
internal_weight=0 20.1904 13.9712 10.1041
internal_count=137 116 85 65
is_linear=0
shrinkage=0.1


Tree=44
num_leaves=5
num_cat=0
split_feature=3 5 0 12
split_gain=0.279123 0.426163 0.862572 0.445306
threshold=832.3333333333386 150.81410825199643 0.25000000000000006 0.55000000000000004
decision_type=2 2 2 2
left_child=1 2 3 -1
right_child=-2 -3 -4 -5
leaf_value=-0.034896072115180692 0.02617052485775619 -0.023732422691970661 0.037873313606028788 0.012459123657151501
leaf_weight=4.5410302430391365 3.5219340026378623 7.2887051776051512 5.2547026723623267 3.5288846045732498
leaf_count=25 22 38 28 24
internal_value=0 -0.00429154 0.00634282 -0.0141882
internal_weight=0 20.6133 13.3246 8.06991
internal_count=137 115 77 49
is_linear=0
shrinkage=0.1


Tree=45
num_leaves=6
num_cat=0
split_feature=5 5 12 0 7
split_gain=0.263501 0.746076 0.450964 1.39094 0.566908
threshold=912.78571428571411 279.75243147657073 0.75000000000000011 2.6500000000000017 105.50000000000001
decision_type=2 2 2 2 2
left_child=1 2 4 -4 -1
right_child=-2 -3 3 -5 -6
leaf_value=0.03647962089181906 -0.024918593442811332 0.044620653366396895 -0.063257899269586734 0.023386171128722918 -0.013055654774531975
leaf_weight=4.3471994921565145 3.5713801458477965 3.782726824283599 3.9765487164258948 3.4692379087209702 4.9310606718063354
leaf_count=23 20 21 23 18 32
internal_value=0 0.0045145 -0.00455691 -0.0228876 0.0101534
internal_weight=0 20.5068 16.724 7.44579 9.27826
internal_count=137 117 96 41 55
is_linear=0
shrinkage=0.1


Tree=46
num_leaves=5
num_cat=0
split_feature=10 10 10 5
split_gain=0.255582 0.787869 1.21016 0.785234
threshold=379.83333333333582 450.00000000000006 639.66666666666799 102.95752895752945
decision_type=2 2 2 2
left_child=3 -2 -3 -1
right_child=1 2 -4 -5
leaf_value=-0.01025028978203869 -0.032246465415865372 0.047125482499973982 -0.032953557012504256 0.049612859462734971
leaf_weight=5.5816997885704058 7.0286223143339139 4.5550285056233406 3.2220074385404587 3.6072940304875374
leaf_count=35 35 27 20 20
internal_value=0 -0.0079812 0.0139489 0.01325
internal_weight=0 14.8057 7.77704 9.18899
internal_count=137 82 47 55
is_linear=0
shrinkage=0.1


Tree=47
num_leaves=5
num_cat=0
split_feature=10 12 7 12
split_gain=0.247852 1.01685 0.817091 0.44677
threshold=348.83333333333337 2.4000000000000008 51.500000000000007 0.75000000000000011
decision_type=2 2 2 2
left_child=-1 2 -2 -4
right_child=1 -3 3 -5
leaf_value=0.018604882396477979 0.039999258965047677 -0.047379161155122085 0.0073526781449951735 -0.038621321773400587
leaf_weight=5.5811267644166973 5.0277484506368664 4.3992180675268164 5.4689231887459737 3.4454847574234009
leaf_count=35 26 23 33 20
internal_value=0 -0.00546213 0.0077641 -0.0104166
internal_weight=0 18.3414 13.9422 8.91441
internal_count=137 102 79 53
is_linear=0
shrinkage=0.1


Tree=48
num_leaves=5
num_cat=0
split_feature=0 7 7 12
split_gain=0.241566 0.577007 0.490796 0.28881
threshold=0.65000000000000002 45.500000000000007 72.500000000000014 1.0000000180025095e-35
decision_type=2 2 2 2
left_child=2 -2 -1 -4
right_child=1 -3 3 -5
leaf_value=-0.040315657431973906 0.032278261462456971 -0.015215829027948097 -0.013450485534701351 0.020780614596619791
leaf_weight=3.5968106165528324 5.874133571982382 4.531223401427269 5.1837772279977781 4.6989556141197681
leaf_count=17 32 24 30 34
internal_value=0 0.011596 -0.00868612 0.00282542
internal_weight=0 10.4054 13.4795 9.88273
internal_count=137 56 81 64
is_linear=0
shrinkage=0.1


Tree=49
num_leaves=5
num_cat=0
split_feature=7 0 0 7
split_gain=0.227726 0.732091 1.1275 0.35223
threshold=36.500000000000007 0.15000000000000005 0.84999999999999998 111.50000000000001
decision_type=2 2 2 2
left_child=-1 3 -3 -2
right_child=1 2 -4 -5
leaf_value=-0.01500652858199281 -0.040198117804626371 0.059931209611178107 -0.0079599622259752759 0.0046174998794455248
leaf_weight=7.0057288408279446 3.5752788633108166 4.6326233074069005 5.1829529404640198 3.4422506168484688
leaf_count=36 20 31 28 22
internal_value=0 0.00644906 0.0240824 -0.0182151
internal_weight=0 16.8331 9.81558 7.01753
internal_count=137 101 59 42
is_linear=0
shrinkage=0.1


Tree=50
num_leaves=6
num_cat=0
split_feature=5 5 10 10 10
split_gain=0.237265 0.592914 0.364109 0.69866 0.647473
threshold=912.78571428571411 279.75243147657073 382.33333333333036 470.00000000000006 259.16666666667157
decision_type=2 2 2 2 2
left_child=1 2 4 -4 -1
right_child=-2 -3 3 -5 -6
leaf_value=-0.019738660144813444 -0.023601944328737724 0.040558688362170282 -0.050141695551322675 0.0080285318218996093 0.036723736709047841
leaf_weight=3.7058131918311208 3.574378825724124 3.6952352933585635 3.7939237281680089 4.5301358699798584 4.493773378431797
leaf_count=23 20 21 18 29 26
internal_value=0 0.00434697 -0.00375117 -0.0184842 0.0112055
internal_weight=0 20.2189 16.5236 8.32406 8.19959
internal_count=137 117 96 47 49
is_linear=0
shrinkage=0.1


Tree=51
num_leaves=5
num_cat=0
split_feature=10 12 7 12
split_gain=0.236104 0.848896 0.720501 0.391276
threshold=348.83333333333337 2.4000000000000008 51.500000000000007 0.75000000000000011
decision_type=2 2 2 2
left_child=-1 2 -2 -4
right_child=1 -3 3 -5
leaf_value=0.018182844326910669 0.037309219830732002 -0.043594902315321343 0.0064833617359455866 -0.036618835650544183
leaf_weight=5.560907635837796 4.9669456705451038 4.4034906700253478 5.4199343994259817 3.4447016417980194
leaf_count=35 26 23 33 20
internal_value=0 -0.00535553 0.00681855 -0.0102657
internal_weight=0 18.2351 13.8316 8.86464
internal_count=137 102 79 53
is_linear=0
shrinkage=0.1


Tree=52
num_leaves=6
num_cat=0
split_feature=0 0 0 7 7
split_gain=0.269117 0.422785 0.870216 0.401194 0.30248
threshold=2.6500000000000017 1.0500000000000003 0.55000000000000016 90.500000000000014 117.50000000000001
decision_type=2 2 2 2 2
left_child=1 2 3 -1 -5
right_child=-2 -3 -4 4 -6
leaf_value=-0.029805805116172188 0.023935113640769445 -0.032382053153200412 0.049159453557670402 0.0256981242039626 -0.016202813452379044
leaf_weight=5.3094842284917885 3.9609743058681479 4.2951697185635558 3.2406342402100554 3.7999481149017811 3.151890717446804
leaf_count=29 21 23 18 26 20
internal_value=0 -0.00461936 0.00307293 -0.00910762 0.00670068
internal_weight=0 19.7971 15.502 12.2613 6.95184
internal_count=137 116 93 75 46
is_linear=0
shrinkage=0.1


Tree=53
num_leaves=6
num_cat=0
split_feature=5 3 10 7 7
split_gain=0.24397 1.05437 0.662728 0.761244 0.526916
threshold=228.64923747276717 412.50000000000119 450.00000000000006 93.500000000000014 36.500000000000007
decision_type=2 2 2 2 2
left_child=1 2 3 -1 -2
right_child=4 -3 -4 -5 -6
leaf_value=-0.055138024998619854 -0.040281374497173575 0.053107881639968574 0.02535557026806259 0.0085512357331161224 0.010012598924839076
leaf_weight=3.9607786163687724 3.9272408187389356 3.8267654851078978 4.0132987201213837 3.5666002109646797 4.4361171722412109
leaf_count=23 20 19 26 22 27
internal_value=0 0.00762002 -0.00746327 -0.024961 -0.0136043
internal_weight=0 15.3674 11.5407 7.52738 8.36336
internal_count=137 90 71 45 47
is_linear=0
shrinkage=0.1


Tree=54
num_leaves=5
num_cat=0
split_feature=10 12 3 10
split_gain=0.232624 0.724382 0.675968 1.07016
threshold=348.83333333333337 2.4000000000000008 771.16666666667118 450.00000000000006
decision_type=2 2 2 2
left_child=-1 2 3 -2
right_child=1 -3 -4 -5
leaf_value=0.01803775346201672 -0.041581724832229855 -0.040747384962179292 0.036755215549908328 0.027314897489236087
leaf_weight=5.5607253611087826 4.9173018485307711 4.3828410804271689 4.6908173710107794 4.1633557379245758
leaf_count=35 24 23 28 27
internal_value=0 -0.00533898 0.00592992 -0.00999358
internal_weight=0 18.1543 13.7715 9.08066
internal_count=137 102 79 51
is_linear=0
shrinkage=0.1


Tree=55
num_leaves=5
num_cat=0
split_feature=12 10 4 12
split_gain=0.285797 0.7197 0.487286 0.741579
threshold=1.5000000000000002 382.33333333333036 1.0000000180025095e-35 1.0000000180025095e-35
decision_type=2 2 2 2
left_child=2 -2 3 -1
right_child=1 -3 -4 -5
leaf_value=-0.019115350862984905 0.048665901687521627 -0.011215895215568731 -0.031368117687975025 0.035970911540699251
leaf_weight=5.4619443118572253 3.6042606197297555 4.5291920341551304 5.6098345890641204 4.4226453192532063
leaf_count=31 22 26 27 31
internal_value=0 0.0153201 -0.007828 0.0055318
internal_weight=0 8.13345 15.4944 9.88459
internal_count=137 48 89 62
is_linear=0
shrinkage=0.1


Tree=56
num_leaves=5
num_cat=0
split_feature=7 12 0 7
split_gain=0.243782 0.47182 0.862605 0.428837
threshold=30.500000000000004 1.5000000000000002 0.45000000000000007 105.50000000000001
decision_type=2 2 2 2
left_child=-1 2 3 -2
right_child=1 -3 -4 -5
leaf_value=0.01811116152462033 0.023752612625246115 0.023257923136146937 -0.052733803144370997 -0.018947117450653111
leaf_weight=5.7174451202154186 4.6140552610158938 4.2981609627604476 4.1515949741005889 4.7976210862398148
leaf_count=30 28 28 19 32
internal_value=0 -0.00561368 -0.014763 0.00198634
internal_weight=0 17.8614 13.5633 9.41168
internal_count=137 107 79 60
is_linear=0
shrinkage=0.1


Tree=57
num_leaves=5
num_cat=0
split_feature=0 5 7 12
split_gain=0.237561 0.701421 0.951313 0.266149
threshold=0.25000000000000006 150.81410825199643 36.500000000000007 0.55000000000000004
decision_type=2 2 2 2
left_child=3 -2 -3 -1
right_child=1 2 -4 -5
leaf_value=-0.029707763144763519 0.037456209073115553 -0.04024367480986165 0.020489351057035112 0.0072090718570594434
leaf_weight=4.5596182793378857 5.1620975583791724 4.8065799102187139 5.5654786564409733 3.41590915620327
leaf_count=25 29 24 35 24
internal_value=0 0.00733553 -0.00765532 -0.0138963
internal_weight=0 15.5342 10.3721 7.97553
internal_count=137 88 59 49
is_linear=0
shrinkage=0.1


Tree=58
num_leaves=5
num_cat=0
split_feature=7 12 4 12
split_gain=0.24118 0.326916 0.764785 0.619006
threshold=30.500000000000004 1.5000000000000002 1.0000000180025095e-35 1.0000000180025095e-35
decision_type=2 2 2 2
left_child=-1 2 3 -2
right_child=1 -3 -4 -5
leaf_value=0.018037508370257971 -0.020716765213135438 0.018566284310545786 -0.049909762953375139 0.030571957315253313
leaf_weight=5.69574657827616 5.2665496394038218 4.2548938021063796 3.9997567981481543 4.2538143657147884
leaf_count=30 30 28 19 30
internal_value=0 -0.00560831 -0.0132163 0.00219966
internal_weight=0 17.775 13.5201 9.52036
internal_count=137 107 79 60
is_linear=0
shrinkage=0.1


Tree=59
num_leaves=5
num_cat=0
split_feature=3 10 0 0
split_gain=0.23749 0.312178 1.20873 0.887637
threshold=832.3333333333386 348.83333333333337 1.9500000000000008 0.45000000000000007
decision_type=2 2 2 2
left_child=1 -1 3 -3
right_child=-2 2 -4 -5
leaf_value=0.0165522551410184 0.024726152836966303 -0.021487031172772945 -0.060599190004539574 0.035716869944058482
leaf_weight=5.3990195728838506 3.3604466319084159 5.8008181750774366 3.743964407593011 5.0952324643731117
leaf_count=35 22 36 19 25
internal_value=0 -0.00400078 -0.0115804 0.00526277
internal_weight=0 20.039 14.64 10.8961
internal_count=137 115 80 61
is_linear=0
shrinkage=0.1


Tree=60
num_leaves=6
num_cat=0
split_feature=0 7 7 12 7
split_gain=0.220301 0.419364 0.643392 0.767096 1.37554
threshold=2.6500000000000017 30.500000000000004 63.500000000000007 0.75000000000000011 105.50000000000001
decision_type=2 2 2 2 2
left_child=1 -1 -3 4 -4
right_child=-2 2 3 -5 -6
leaf_value=0.028591986910385669 0.022015601427217681 -0.042312593085658823 0.06803569256017121 -0.037164990960319534 -0.015711792862962769
leaf_weight=3.2511944994330468 3.8393360227346411 4.6217724978923824 3.3318560346961004 3.5217250548303118 4.7676099017262459
leaf_count=17 21 25 19 23 32
internal_value=0 -0.00419144 -0.0107534 0.0017978 0.0187392
internal_weight=0 19.4942 16.243 11.6212 8.09947
internal_count=137 116 99 74 51
is_linear=0
shrinkage=0.1


Tree=61
num_leaves=6
num_cat=0
split_feature=3 7 0 12 7
split_gain=0.212357 0.290454 0.614278 0.508687 0.344973
threshold=832.3333333333386 36.500000000000007 0.25000000000000006 1.6500000000000001 108.50000000000001
decision_type=2 2 2 2 2
left_child=1 -1 4 -4 -3
right_child=-2 2 3 -5 -6
leaf_value=-0.024053187243913293 0.023506829004913118 -0.038716198583567098 0.051368811074239573 -0.0026923218828947808 0.0036425558697474147
leaf_weight=5.2152850031852784 3.3293005637824526 3.5833209231495839 3.5622700937092304 3.4034501612186432 4.1485695764422417
leaf_count=26 22 20 21 20 28
internal_value=0 -0.00377841 0.00341588 0.0249545 -0.0159885
internal_weight=0 19.9129 14.6976 6.96572 7.73189
internal_count=137 115 89 41 48
is_linear=0
shrinkage=0.1


Tree=62
num_leaves=5
num_cat=0
split_feature=10 7 3 7
split_gain=0.204784 1.4826 0.414264 0.282421
threshold=399.00000000000369 45.500000000000007 412.50000000000119 93.500000000000014
decision_type=2 2 2 2
left_child=2 -2 3 -1
right_child=1 -3 -4 -5
leaf_value=-0.029220996894971093 0.038621051918115767 -0.041781604425881913 0.026101889698750765 0.011101446904989081
leaf_weight=3.4519958421587962 3.7194091379642469 5.9819011501967907 6.5641032494604588 3.4963426887989044
leaf_count=21 21 37 36 22
internal_value=0 -0.0109558 0.0080873 -0.0089311
internal_weight=0 9.70131 13.5124 6.94834
internal_count=137 58 79 43
is_linear=0
shrinkage=0.1


Tree=63
num_leaves=6
num_cat=0
split_feature=5 3 10 7 7
split_gain=0.200493 0.670961 0.560653 0.642567 0.371251
threshold=228.64923747276717 412.50000000000119 450.00000000000006 93.500000000000014 36.500000000000007
decision_type=2 2 2 2 2
left_child=1 2 3 -1 -2
right_child=4 -3 -4 -5 -6
leaf_value=-0.048957277721033414 -0.035034331706889785 0.044166117815749029 0.025434660990894687 0.010019852150008704 0.0076669249536195768
leaf_weight=3.9288647249341029 3.8547079265117628 3.6684166714549056 3.9449162483215332 3.4869031682610512 4.3154300376772881
leaf_count=23 20 19 26 22 27
internal_value=0 0.00698306 -0.00502352 -0.0212262 -0.0124797
internal_weight=0 15.0291 11.3607 7.41577 8.17014
internal_count=137 90 71 45 47
is_linear=0
shrinkage=0.1


Tree=64
num_leaves=5
num_cat=0
split_feature=10 12 7 10
split_gain=0.201128 0.755206 0.658244 0.985935
threshold=348.83333333333337 2.4000000000000008 51.500000000000007 399.00000000000369
decision_type=2 2 2 2
left_child=-1 2 -2 -4
right_child=1 -3 3 -5
leaf_value=0.017038689893757841 0.036665440545191497 -0.041324867501790118 0.036059291244785317 -0.034420790468676632
leaf_weight=5.3957474306225803 4.7426815107464817 4.3303549252450457 3.0611931905150396 5.6445947401225567
leaf_count=35 26 23 18 35
internal_value=0 -0.00500403 0.00669114 -0.00963807
internal_weight=0 17.7788 13.4485 8.70579
internal_count=137 102 79 53
is_linear=0
shrinkage=0.1


Tree=65
num_leaves=6
num_cat=0
split_feature=0 0 3 10 7
split_gain=0.196742 0.418695 0.559222 0.522287 0.605118
threshold=2.6500000000000017 1.0500000000000003 771.16666666667118 450.00000000000006 93.500000000000014
decision_type=2 2 2 2 2
left_child=1 2 3 4 -1
right_child=-2 -3 -4 -5 -6
leaf_value=-0.048351117781211435 0.020915634488048708 -0.03227929165585499 0.037503608461955086 0.022673461412765758 0.0081511416680386424
leaf_weight=4.1228258758783394 3.8038093969225875 4.1114403270184985 3.7006944976747027 3.8833825960755348 3.5083788521587849
leaf_count=21 21 23 23 26 23
internal_value=0 -0.00396452 0.00368663 -0.00718187 -0.0223747
internal_weight=0 19.3267 15.2153 11.5146 7.6312
internal_count=137 116 93 70 44
is_linear=0
shrinkage=0.1


Tree=66
num_leaves=6
num_cat=0
split_feature=5 3 10 7 7
split_gain=0.196104 0.569641 0.470754 0.404971 0.32162
threshold=228.64923747276717 412.50000000000119 450.00000000000006 93.500000000000014 36.500000000000007
decision_type=2 2 2 2 2
left_child=1 2 3 -1 -2
right_child=4 -3 -4 -5 -6
leaf_value=-0.040699342168282318 -0.033284102688971209 0.041495189301259464 0.023912541138256211 0.0061198031302837075 0.0065387041446750048
leaf_weight=3.9676109701395053 3.8620380386710149 3.6142232790589324 3.9269633516669273 3.4573377817869186 4.2707036025822163
leaf_count=23 20 19 26 22 27
internal_value=0 0.00691933 -0.00408894 -0.0188986 -0.0123722
internal_weight=0 14.9661 11.3519 7.42495 8.13274
internal_count=137 90 71 45 47
is_linear=0
shrinkage=0.1


Tree=67
num_leaves=5
num_cat=0
split_feature=10 7 7 7
split_gain=0.209077 1.19131 0.429687 0.97374
threshold=399.00000000000369 45.500000000000007 84.500000000000014 42.500000000000007
decision_type=2 2 2 2
left_child=2 -2 3 -1
right_child=1 -3 -4 -5
leaf_value=-0.012277606399904318 0.033963618689296982 -0.038523731012511796 -0.018142778393773824 0.052828025133080672
leaf_weight=4.5851791277527827 3.6461287140846235 5.9952997900545597 4.2400277890264979 4.6038096360862255
leaf_count=23 21 37 27 29
internal_value=0 -0.011111 0.00819042 0.0203412
internal_weight=0 9.64143 13.429 9.18899
internal_count=137 58 79 52
is_linear=0
shrinkage=0.1


Tree=68
num_leaves=5
num_cat=0
split_feature=10 12 7 7
split_gain=0.221198 0.719115 0.483923 0.396465
threshold=348.83333333333337 2.7499999999999996 51.500000000000007 87.500000000000014
decision_type=2 2 2 2
left_child=-1 2 -2 -4
right_child=1 -3 3 -5
leaf_value=0.017839187201362652 0.029549244886873601 -0.043702215595578006 -0.031328537018343171 0.011478894582383383
leaf_weight=5.3990121483802822 5.1637531295418766 3.8193374574184409 4.1708544902503473 4.4954874999821186
leaf_count=35 28 21 23 30
internal_value=0 -0.0052915 0.00531605 -0.00912306
internal_weight=0 17.6494 13.8301 8.66634
internal_count=137 102 81 53
is_linear=0
shrinkage=0.1


Tree=69
num_leaves=5
num_cat=0
split_feature=7 3 10 0
split_gain=0.185461 0.308095 0.643871 0.453322
threshold=30.500000000000004 730.3333333333286 259.16666666667157 0.25000000000000006
decision_type=2 2 2 2
left_child=-1 2 -2 -4
right_child=1 -3 3 -5
leaf_value=0.016048444805231536 -0.035450623914853825 -0.026679593370980664 -0.003686188086930932 0.040179886858500831
leaf_weight=5.5492381155490902 3.2225686758756664 4.7463499195873728 5.176607243716715 4.3234466724097729
leaf_count=30 20 29 32 26
internal_value=0 -0.0049367 0.00317478 0.0162771
internal_weight=0 17.469 12.7226 9.50005
internal_count=137 107 78 58
is_linear=0
shrinkage=0.1


Tree=70
num_leaves=5
num_cat=0
split_feature=10 12 3 10
split_gain=0.218444 0.617062 0.480411 0.94115
threshold=348.83333333333337 2.7499999999999996 771.16666666667118 450.00000000000006
decision_type=2 2 2 2
left_child=-1 2 3 -2
right_child=1 -3 -4 -5
leaf_value=0.017743004458227619 -0.035908208972340115 -0.040787192394598604 0.031809419117681897 0.027946074097496543
leaf_weight=5.3875292018055942 5.3183695971965808 3.8284554556012145 4.411187730729579 4.0782186016440392
leaf_count=35 26 21 28 27
internal_value=0 -0.00526402 0.00458542 -0.00819478
internal_weight=0 17.6362 13.8078 9.39659
internal_count=137 102 81 53
is_linear=0
shrinkage=0.1


Tree=71
num_leaves=5
num_cat=0
split_feature=10 7 12 10
split_gain=0.197788 0.949556 0.382074 0.140508
threshold=399.00000000000369 45.500000000000007 1.5000000000000002 275.16666666667157
decision_type=2 2 2 2
left_child=2 -2 3 -1
right_child=1 -3 -4 -5
leaf_value=-0.01974252475339983 0.030102526705474194 -0.035038411608229639 0.029074872179577368 0.006626114320834299
leaf_weight=3.7626253962516802 3.5600567385554296 6.024744801223278 5.2272539883851996 4.3653038516640663
leaf_count=23 21 37 33 23
internal_value=0 -0.0108433 0.00798364 -0.0055806
internal_weight=0 9.5848 13.3552 8.12793
internal_count=137 58 79 46
is_linear=0
shrinkage=0.1


Tree=72
num_leaves=5
num_cat=0
split_feature=5 7 0 12
split_gain=0.198323 0.850645 0.491634 0.217912
threshold=150.81410825199643 36.500000000000007 0.25000000000000006 0.55000000000000004
decision_type=2 2 2 2
left_child=2 -2 3 -1
right_child=1 -3 -4 -5
leaf_value=-0.021090378656944672 -0.041657985679361867 0.016755270108191854 0.033405888556455363 0.012169045850811824
leaf_weight=4.6052733734250086 4.6651594117283803 5.3543123826384544 4.8641686290502539 3.4424644559621811
leaf_count=25 24 35 29 24
internal_value=0 -0.0104425 0.00830678 -0.00686348
internal_weight=0 10.0195 12.9119 8.04774
internal_count=137 59 78 49
is_linear=0
shrinkage=0.1


Tree=73
num_leaves=5
num_cat=0
split_feature=10 12 7 10
split_gain=0.200315 0.588652 0.378764 0.691906
threshold=348.83333333333337 2.7499999999999996 51.500000000000007 399.00000000000369
decision_type=2 2 2 2
left_child=-1 2 -2 -4
right_child=1 -3 3 -5
leaf_value=0.017058403953598755 0.026407416029785292 -0.03964382330622504 0.03089380655386156 -0.028591708261756804
leaf_weight=5.3458950109779861 5.050653554499152 3.8421108536422244 2.9862186126410943 5.6642702035605907
leaf_count=35 28 21 18 35
internal_value=0 -0.00505247 0.00464773 -0.00805683
internal_weight=0 17.5433 13.7011 8.65049
internal_count=137 102 81 53
is_linear=0
shrinkage=0.1


Tree=74
num_leaves=5
num_cat=0
split_feature=7 7 12 7
split_gain=0.185528 0.338216 0.504367 1.19116
threshold=30.500000000000004 57.500000000000007 0.75000000000000011 105.50000000000001
decision_type=2 2 2 2
left_child=-1 -2 3 -3
right_child=1 2 -4 -5
leaf_value=0.016130267178384085 -0.027347350675937271 0.065377762459860558 -0.023082073458039341 -0.01314220842443934
leaf_weight=5.4905865713953999 4.8589875698089626 3.2561324089765531 4.490314580500125 4.7509823366999626
leaf_count=30 27 19 29 32
internal_value=0 -0.00495989 0.00374433 0.0187883
internal_weight=0 17.3564 12.4974 8.00711
internal_count=137 107 80 51
is_linear=0
shrinkage=0.1


Tree=75
num_leaves=5
num_cat=0
split_feature=10 10 12 0
split_gain=0.194791 0.898242 0.472265 0.439744
threshold=450.00000000000006 639.66666666666799 0.55000000000000004 1.6500000000000006
decision_type=2 2 2 2
left_child=2 -2 -1 -4
right_child=1 -3 3 -5
leaf_value=-0.028575167614484684 0.043595090607272083 -0.026894361728928257 0.028584826531418885 -0.014417110620805999
leaf_weight=5.8788113147020367 4.2290167585015288 3.1575233116745949 4.8443694822490198 4.6710602901875973
leaf_count=31 27 20 32 27
internal_value=0 0.013463 -0.00629169 0.00747547
internal_weight=0 7.38654 15.3942 9.51543
internal_count=137 47 90 59
is_linear=0
shrinkage=0.1


Tree=76
num_leaves=5
num_cat=0
split_feature=5 7 0 12
split_gain=0.192769 0.785314 0.447932 0.194616
threshold=150.81410825199643 36.500000000000007 0.25000000000000006 0.55000000000000004
decision_type=2 2 2 2
left_child=2 -2 3 -1
right_child=1 -3 -4 -5
leaf_value=-0.019711173614055982 -0.040280588402960033 0.015880900923568562 0.032530471421696648 0.011919958798504212
leaf_weight=4.5671456828713435 4.6591999232768995 5.3473626971244812 4.7649643570184708 3.3881261721253395
leaf_count=25 24 35 29 24
internal_value=0 -0.0102687 0.00828358 -0.00623957
internal_weight=0 10.0066 12.7202 7.95527
internal_count=137 59 78 49
is_linear=0
shrinkage=0.1


Tree=77
num_leaves=5
num_cat=0
split_feature=7 7 12 7
split_gain=0.196401 0.31323 0.476506 1.00749
threshold=30.500000000000004 57.500000000000007 0.75000000000000011 105.50000000000001
decision_type=2 2 2 2
left_child=-1 -2 3 -3
right_child=1 2 -4 -5
leaf_value=0.016626105008405917 -0.0266775666050168 0.061505243174604624 -0.022685140236090352 -0.011344604528755039
leaf_weight=5.466000176966193 4.8475665450096157 3.1881397962570173 4.4912192672491074 4.692532405257225
leaf_count=30 27 19 29 32
internal_value=0 -0.00513099 0.00331141 0.0181269
internal_weight=0 17.2195 12.3719 7.88067
internal_count=137 107 80 51
is_linear=0
shrinkage=0.1


Tree=78
num_leaves=6
num_cat=0
split_feature=10 12 10 7 10
split_gain=0.181805 0.474504 0.44376 0.978991 0.0137414
threshold=348.83333333333337 2.7499999999999996 382.33333333333491 51.500000000000007 513.33333333333405
decision_type=2 2 2 2 2
left_child=-1 2 -2 -4 -5
right_child=1 -3 3 4 -6
leaf_value=0.016390426811745556 -0.028600628322167327 -0.035894962315628706 0.057039837134778219 -0.0034349520650445546 -0.012407299482936965
leaf_weight=5.2656290382146862 3.1940554454922703 3.8301837779581538 3.5014574900269491 3.3592594601213932 3.4703196287155151
leaf_count=35 18 21 21 19 23
internal_value=0 -0.00482331 0.0039759 0.0140476 -0.00799408
internal_weight=0 17.3553 13.5251 10.331 6.82958
internal_count=137 102 81 63 42
is_linear=0
shrinkage=0.1


Tree=79
num_leaves=5
num_cat=0
split_feature=0 0 10 10
split_gain=0.187957 0.414989 0.490814 0.573993
threshold=2.6500000000000017 1.0500000000000003 450.00000000000006 379.83333333333582
decision_type=2 2 2 2
left_child=1 2 3 -1
right_child=-2 -3 -4 -5
leaf_value=0.010164939894126071 0.020844033659463003 -0.032702076647107253 0.027247588577706358 -0.040278346367239322
leaf_weight=5.5729554258287006 3.6635633781552306 3.9561925902962676 5.5641757175326338 3.7898218780755997
leaf_count=36 21 23 37 20
internal_value=0 -0.00390636 0.00372557 -0.0102533
internal_weight=0 18.8831 14.927 9.36278
internal_count=137 116 93 56
is_linear=0
shrinkage=0.1


Tree=80
num_leaves=6
num_cat=0
split_feature=7 10 10 7 0
split_gain=0.175037 0.369199 0.517686 1.11475 0.0273662
threshold=30.500000000000004 259.16666666667157 399.00000000000369 87.500000000000014 0.84999999999999998
decision_type=2 2 2 2 2
left_child=-1 -2 4 -4 -3
right_child=1 2 3 -5 -6
leaf_value=0.015781859926359831 -0.035568910113408299 0.03060501021635495 -0.050949151107931349 0.024684648715431891 0.017193193293490616
leaf_weight=5.4126147031784084 3.1841052547097233 3.1088593341410142 4.0835904404520988 3.7274670526385307 2.9794252999126911
leaf_count=30 20 21 21 26 19
internal_value=0 -0.00485423 0.00218199 -0.0148564 0.0240417
internal_weight=0 17.0834 13.8993 7.81106 6.08828
internal_count=137 107 87 47 40
is_linear=0
shrinkage=0.1


Tree=81
num_leaves=6
num_cat=0
split_feature=3 5 10 3 7
split_gain=0.174246 0.34805 0.340948 0.896949 0.149171
threshold=832.3333333333386 346.36363636363666 399.00000000000369 412.50000000000119 93.500000000000014
decision_type=2 2 2 2 2
left_child=1 2 3 4 -1
right_child=-2 -3 -4 -5 -6
leaf_value=-0.021153945298730222 0.02169582358358214 -0.030700789208665549 -0.016941465884635035 0.057670338674292144 0.0083753926719704521
leaf_weight=3.4204088747501427 3.2070632651448241 3.7768676057457915 5.4713300913572303 3.2122331038117409 3.4224480167031288
leaf_count=21 22 20 34 18 22
internal_value=0 -0.00347534 0.00314737 0.0140784 -0.00638488
internal_weight=0 19.3033 15.5264 10.0551 6.84286
internal_count=137 115 95 61 43
is_linear=0
shrinkage=0.1


Tree=82
num_leaves=5
num_cat=0
split_feature=7 0 0 12
split_gain=0.165855 0.417833 0.906971 0.302331
threshold=36.500000000000007 0.25000000000000006 0.84999999999999998 0.55000000000000004
decision_type=2 2 2 2
left_child=-1 3 -3 -2
right_child=1 2 -4 -5
leaf_value=-0.013227625326954507 -0.028539035467103846 0.059869396938410251 -0.0074717638758136223 0.011353916688628262
leaf_weight=6.5889414772391346 4.3314305692911139 3.5021505951881391 4.662901122123003 3.3838418424129486
leaf_count=36 24 25 28 24
internal_value=0 0.0056445 0.0214122 -0.0110424
internal_weight=0 15.8803 8.16505 7.71527
internal_count=137 101 53 48
is_linear=0
shrinkage=0.1


Tree=83
num_leaves=5
num_cat=0
split_feature=10 12 0 7
split_gain=0.179902 0.467365 0.412541 0.496678
threshold=348.83333333333337 2.7499999999999996 0.55000000000000016 87.500000000000014
decision_type=2 2 2 2
left_child=-1 2 3 -2
right_child=1 -3 -4 -5
leaf_value=0.016346095923964955 -0.041102571212671246 -0.035855737998846074 0.024014866180508715 0.010675024918647798
leaf_weight=5.2330494374036816 3.2323113344609755 3.7852930016815654 5.8002060651779175 4.3403930515050888
leaf_count=35 18 21 33 30
internal_value=0 -0.00483476 0.00394594 -0.0114256
internal_weight=0 17.1582 13.3729 7.5727
internal_count=137 102 81 48
is_linear=0
shrinkage=0.1


Tree=84
num_leaves=5
num_cat=0
split_feature=7 12 4 12
split_gain=0.170923 0.326512 0.941887 0.514663
threshold=30.500000000000004 1.5000000000000002 1.0000000180025095e-35 1.0000000180025095e-35
decision_type=2 2 2 2
left_child=-1 2 3 -2
right_child=1 -3 -4 -5
leaf_value=0.015619468856308098 -0.016441012868346858 0.020488334093955937 -0.054141941294304455 0.031041558998646697
leaf_weight=5.3931664302945164 5.084351524710657 3.9211033508181563 3.8249554634094229 4.1426682509481907
leaf_count=30 30 28 19 30
internal_value=0 -0.00481649 -0.0124186 0.00487731
internal_weight=0 16.9731 13.052 9.22702
internal_count=137 107 79 60
is_linear=0
shrinkage=0.1


Tree=85
num_leaves=5
num_cat=0
split_feature=10 12 7 10
split_gain=0.147517 0.428022 0.45001 0.538901
threshold=348.83333333333337 2.4000000000000008 51.500000000000007 399.00000000000369
decision_type=2 2 2 2
left_child=-1 2 -2 -4
right_child=1 -3 3 -5
leaf_value=0.014923821992156791 0.030677987899418026 -0.031701380618304041 0.026097928194456801 -0.02708102549760329
leaf_weight=5.1636120863258865 4.4066833332181004 4.291047152131795 2.9079288691282255 5.5283894948661327
leaf_count=35 26 23 18 35
internal_value=0 -0.00435784 0.00477806 -0.00875068
internal_weight=0 17.134 12.843 8.43632
internal_count=137 102 79 53
is_linear=0
shrinkage=0.1


Tree=86
num_leaves=5
num_cat=0
split_feature=10 10 12 0
split_gain=0.183265 0.710388 0.397968 0.388342
threshold=450.00000000000006 639.66666666666799 0.55000000000000004 1.6500000000000006
decision_type=2 2 2 2
left_child=2 -2 -1 -4
right_child=1 -3 3 -5
leaf_value=-0.026761629991363001 0.040871700361728519 -0.022424377188983241 0.026830487399637743 -0.014121275425813179
leaf_weight=5.7826438173651722 4.0581701621413222 3.149047389626503 4.7040194272994977 4.5607228316366673
leaf_count=31 27 20 32 27
internal_value=0 0.0132158 -0.00617682 0.0066713
internal_weight=0 7.20722 15.0474 9.26474
internal_count=137 47 90 59
is_linear=0
shrinkage=0.1


Tree=87
num_leaves=5
num_cat=0
split_feature=5 7 0 7
split_gain=0.158334 0.721095 0.478862 0.127121
threshold=150.81410825199643 36.500000000000007 0.25000000000000006 108.50000000000001
decision_type=2 2 2 2
left_child=2 -2 3 -1
right_child=1 -3 -4 -5
leaf_value=-0.020479216706842152 -0.038367292151579503 0.015985636507519659 0.033278169635584019 0.0050372234616545232
leaf_weight=3.8199446126818675 4.5784654095768911 5.2280865795910358 4.582862414419651 3.9936872497200966
leaf_count=21 24 35 29 28
internal_value=0 -0.00939056 0.00761481 -0.00743731
internal_weight=0 9.80655 12.3965 7.81363
internal_count=137 59 78 49
is_linear=0
shrinkage=0.1


Tree=88
num_leaves=5
num_cat=0
split_feature=7 10 3 0
split_gain=0.185374 0.305452 0.425981 0.285718
threshold=30.500000000000004 259.16666666667157 730.3333333333286 0.25000000000000006
decision_type=2 2 2 2
left_child=-1 -2 3 -3
right_child=1 2 -4 -5
leaf_value=0.016295916356969618 -0.033052520807264216 -0.0020282147149987468 -0.023510973187206814 0.033623456845318443
leaf_weight=5.3594933897256878 3.1647503077983883 5.0185695439577085 4.5607224851846686 4.0716772563755512
leaf_count=30 20 32 29 26
internal_value=0 -0.00506103 0.00142833 0.0139408
internal_weight=0 16.8157 13.651 9.09025
internal_count=137 107 87 58
is_linear=0
shrinkage=0.1


Tree=89
num_leaves=6
num_cat=0
split_feature=10 7 12 0 12
split_gain=0.193748 0.410037 1.18325 1.07183 0.496381
threshold=236.16666666667155 105.50000000000001 0.40000000000000013 0.65000000000000002 2.7499999999999996
decision_type=2 2 2 2 2
left_child=-1 2 -2 -4 -5
right_child=1 -3 3 4 -6
leaf_value=0.023725450339004903 0.05394941328084224 -0.03607007404576159 -0.052541950821836353 0.035587343539127625 -0.013743656001177194
leaf_weight=3.0009623169899013 3.5432284250855473 3.233340620994567 4.2156506143510333 3.8604159057140333 4.3249217607080936
leaf_count=20 20 23 25 24 25
internal_value=0 -0.00359944 0.0029853 -0.0115762 0.00952211
internal_weight=0 19.1776 15.9442 12.401 8.18534
internal_count=137 117 94 74 49
is_linear=0
shrinkage=0.1


Tree=90
num_leaves=5
num_cat=0
split_feature=10 10 10 3
split_gain=0.201293 0.611987 0.367213 0.7771
threshold=450.00000000000006 639.66666666666799 348.83333333333337 699.33333333333223
decision_type=2 2 2 2
left_child=2 -2 -1 -4
right_child=1 -3 3 -5
leaf_value=0.015219178307054465 0.039802784176100447 -0.019271776657574471 -0.046716220883285239 0.009493066872023408
leaf_weight=5.1294018253684071 4.005935836583375 3.1190392374992371 4.7774670869111997 5.0695082657039165
leaf_count=35 27 20 25 30
internal_value=0 0.0139422 -0.00647652 -0.0177781
internal_weight=0 7.12498 14.9764 9.84698
internal_count=137 47 90 55
is_linear=0
shrinkage=0.1


Tree=91
num_leaves=5
num_cat=0
split_feature=10 4 12 0
split_gain=0.164395 0.521668 0.375192 0.376239
threshold=450.00000000000006 1.0000000180025095e-35 0.55000000000000004 1.6500000000000006
decision_type=2 2 2 2
left_child=2 -2 -1 -4
right_child=1 -3 3 -5
leaf_value=-0.025875797533813506 0.035317369659720037 -0.01993263273636757 0.026628930514293894 -0.013836109417282264
leaf_weight=5.7496308535337475 4.1696116700768462 2.8958321623504162 4.6637123972177488 4.529283944517374
leaf_count=31 30 17 32 27
internal_value=0 0.0126727 -0.00583929 0.00669227
internal_weight=0 7.06544 14.9426 9.193
internal_count=137 47 90 59
is_linear=0
shrinkage=0.1


Tree=92
num_leaves=6
num_cat=0
split_feature=7 10 10 7 0
split_gain=0.17044 0.295871 0.409253 0.873006 0.0425107
threshold=30.500000000000004 259.16666666667157 399.00000000000369 87.500000000000014 0.84999999999999998
decision_type=2 2 2 2 2
left_child=-1 -2 4 -4 -3
right_child=1 2 3 -5 -6
leaf_value=0.015655720318065992 -0.03242715747919022 0.029639889163060169 -0.045751727972613454 0.022190942229902682 0.012665019430781894
leaf_weight=5.3354014456272152 3.1596658751368549 3.0084048733115178 4.0201025158166885 3.5711518637835979 2.8950399234890938
leaf_count=30 20 21 21 26 19
internal_value=0 -0.00488184 0.00156766 -0.0137895 0.0213154
internal_weight=0 16.6544 13.4947 7.59125 5.90344
internal_count=137 107 87 47 40
is_linear=0
shrinkage=0.1


Tree=93
num_leaves=6
num_cat=0
split_feature=10 7 12 0 12
split_gain=0.185337 0.435298 1.02786 0.959206 0.393662
threshold=236.16666666667155 105.50000000000001 0.40000000000000013 0.65000000000000002 2.7499999999999996
decision_type=2 2 2 2 2
left_child=-1 2 -2 -4 -5
right_child=1 -3 3 4 -6
leaf_value=0.023293867216033298 0.051384770985948326 -0.037241088781612967 -0.048930277869706995 0.033202466321936852 -0.010858082926705061
leaf_weight=2.9785469770431545 3.4658973067998913 3.1887223757803431 4.219640649855136 3.8206357099115831 4.3213294744491577
leaf_count=20 20 23 25 24 25
internal_value=0 -0.00353341 0.00325758 -0.0102361 0.00981743
internal_weight=0 19.0162 15.8275 12.3616 8.14197
internal_count=137 117 94 74 49
is_linear=0
shrinkage=0.1


Tree=94
num_leaves=5
num_cat=0
split_feature=3 5 10 7
split_gain=0.228703 0.335323 0.31165 0.604906
threshold=832.3333333333386 346.36363636363666 399.00000000000369 84.500000000000014
decision_type=2 2 2 2
left_child=1 2 3 -1
right_child=-2 -3 -4 -5
leaf_value=0.033925555921709996 0.02505883034658667 -0.031100717301511389 -0.017084395890419959 -0.016487004371476287
leaf_weight=5.7527044862508827 3.1457257010042659 3.6891228519380084 5.2685483917593947 4.0600217506289482
leaf_count=35 22 20 34 26
internal_value=0 -0.00407654 0.00253401 0.0130673
internal_weight=0 18.7704 15.0813 9.81273
internal_count=137 115 95 61
is_linear=0
shrinkage=0.1


Tree=95
num_leaves=5
num_cat=0
split_feature=10 10 10 5
split_gain=0.188095 0.506888 0.353226 0.335716
threshold=450.00000000000006 639.66666666666799 379.83333333333582 102.95752895752945
decision_type=2 2 2 2
left_child=2 -2 3 -1
right_child=1 -3 -4 -5
leaf_value=-0.0080004616167987062 0.037564566374483632 -0.016508536125951177 -0.02362082911987376 0.033633328851592113
leaf_weight=5.2259982675313967 3.9095076806843272 3.1148079968988895 6.5570328496396533 3.0772131606936455
leaf_count=35 27 20 35 20
internal_value=0 0.0135868 -0.0062715 0.00742924
internal_weight=0 7.02432 14.8602 8.30321
internal_count=137 47 90 55
is_linear=0
shrinkage=0.1


Tree=96
num_leaves=6
num_cat=0
split_feature=7 7 10 12 5
split_gain=0.157313 0.442455 0.267431 1.01989 0.435953
threshold=96.500000000000014 117.50000000000001 382.33333333333491 1.9000000000000001 157.42200328407236
decision_type=2 2 2 2 2
left_child=2 -2 3 -1 -4
right_child=1 -3 4 -5 -6
leaf_value=-0.057148390322155233 0.044762011540334767 -0.012040584938964195 0.036162558557252554 0.019337295826682876 -0.0093558925478446128
leaf_weight=3.5554685890674653 2.5929456986486903 2.9105850234627724 3.1998300179839116 3.4207031428813934 6.1444754749536514
leaf_count=21 21 20 18 21 36
internal_value=0 0.0147215 -0.00482922 -0.0196443 0.00623128
internal_weight=0 5.50353 16.3205 6.97617 9.34431
internal_count=137 41 96 42 54
is_linear=0
shrinkage=0.1


Tree=97
num_leaves=5
num_cat=0
split_feature=3 10 0 0
split_gain=0.175774 0.271992 0.818518 0.593421
threshold=832.3333333333386 348.83333333333337 1.9500000000000008 0.45000000000000007
decision_type=2 2 2 2
left_child=1 -1 3 -3
right_child=-2 2 -4 -5
leaf_value=0.016124109401636399 0.02217896870040003 -0.018904685194695341 -0.051996372084366763 0.029904631446614233
leaf_weight=5.1079388149082723 3.0947105661034575 5.3728948310017568 3.5781198032200328 4.6438059248030186
leaf_count=35 22 36 19 25
internal_value=0 -0.00354974 -0.0109417 0.00372362
internal_weight=0 18.7028 13.5948 10.0167
internal_count=137 115 80 61
is_linear=0
shrinkage=0.1


Tree=98
num_leaves=6
num_cat=0
split_feature=0 0 3 10 7
split_gain=0.155928 0.610172 0.46254 0.315862 0.48744
threshold=2.6500000000000017 1.0500000000000003 771.16666666667118 450.00000000000006 93.500000000000014
decision_type=2 2 2 2 2
left_child=1 2 3 4 -1
right_child=-2 -3 -4 -5 -6
leaf_value=-0.039447794560923718 0.019478838448641844 -0.039230735115422771 0.037343681637309639 0.02022375212334732 0.01213482147673726
leaf_weight=4.0504111722111755 3.4856304451823226 3.804840210825204 3.5136936977505675 3.5348195806145668 3.3447396568953991
leaf_count=21 21 23 23 26 23
internal_value=0 -0.00360342 0.00578175 -0.00436457 -0.0161176
internal_weight=0 18.2485 14.4437 10.93 7.39515
internal_count=137 116 93 70 44
is_linear=0
shrinkage=0.1


Tree=99
num_leaves=6
num_cat=0
split_feature=10 7 12 0 12
split_gain=0.168451 0.349777 0.896438 0.750574 0.49599
threshold=236.16666666667155 105.50000000000001 0.40000000000000013 0.65000000000000002 2.4000000000000008
decision_type=2 2 2 2 2
left_child=-1 2 -2 -4 -5
right_child=1 -3 3 4 -6
leaf_value=0.02225193703417308 0.048188730081164442 -0.033729097187690397 -0.044200801656850128 0.038124803032244699 -0.01259577812696022
leaf_weight=2.9634935595095184 3.3952591866254833 3.1619903892278662 4.1891933679580671 3.2529165111482143 4.7335210777819157
leaf_count=20 20 23 25 22 27
internal_value=0 -0.00340626 0.00275141 -0.0099191 0.00806297
internal_weight=0 18.7329 15.5709 12.1756 7.98644
internal_count=137 117 94 74 49
is_linear=0
shrinkage=0.1


end of trees

feature_importances:
taskNum=118
s_view_position=100
scroll_time=76
response_time=74
scroll_length=25
s_scroll_speed=23
predicted_isAnswerCorrect=10
event_scroll=6
s_choice_left=1

parameters:
[boosting: gbdt]
[objective: binary]
[metric: binary_error]
[tree_learner: serial]
[device_type: cpu]
[data_sample_strategy: bagging]
[data: ]
[valid: ]
[num_iterations: 100]
[learning_rate: 0.1]
[num_leaves: 31]
[num_threads: 0]
[seed: 0]
[deterministic: 0]
[force_col_wise: 0]
[force_row_wise: 0]
[histogram_pool_size: -1]
[max_depth: -1]
[min_data_in_leaf: 20]
[min_sum_hessian_in_leaf: 0.001]
[bagging_fraction: 1]
[pos_bagging_fraction: 1]
[neg_bagging_fraction: 1]
[bagging_freq: 0]
[bagging_seed: 3]
[feature_fraction: 1]
[feature_fraction_bynode: 1]
[feature_fraction_seed: 2]
[extra_trees: 0]
[extra_seed: 6]
[early_stopping_round: 0]
[first_metric_only: 0]
[max_delta_step: 0]
[lambda_l1: 0]
[lambda_l2: 0]
[linear_lambda: 0]
[min_gain_to_split: 0]
[drop_rate: 0.1]
[max_drop: 50]
[skip_drop: 0.5]
[xgboost_dart_mode: 0]
[uniform_drop: 0]
[drop_seed: 4]
[top_rate: 0.2]
[other_rate: 0.1]
[min_data_per_group: 100]
[max_cat_threshold: 32]
[cat_l2: 10]
[cat_smooth: 10]
[max_cat_to_onehot: 4]
[top_k: 20]
[monotone_constraints: ]
[monotone_constraints_method: basic]
[monotone_penalty: 0]
[feature_contri: ]
[forcedsplits_filename: ]
[refit_decay_rate: 0.9]
[cegb_tradeoff: 1]
[cegb_penalty_split: 0]
[cegb_penalty_feature_lazy: ]
[cegb_penalty_feature_coupled: ]
[path_smooth: 0]
[interaction_constraints: ]
[verbosity: -1]
[saved_feature_importance_type: 0]
[use_quantized_grad: 0]
[num_grad_quant_bins: 4]
[quant_train_renew_leaf: 0]
[stochastic_rounding: 1]
[linear_tree: 0]
[max_bin: 255]
[max_bin_by_feature: ]
[min_data_in_bin: 3]
[bin_construct_sample_cnt: 200000]
[data_random_seed: 1]
[is_enable_sparse: 1]
[enable_bundle: 1]
[use_missing: 1]
[zero_as_missing: 0]
[feature_pre_filter: 0]
[pre_partition: 0]
[two_round: 0]
[header: 0]
[label_column: ]
[weight_column: ]
[group_column: ]
[ignore_column: ]
[categorical_feature: ]
[forcedbins_filename: ]
[precise_float_parser: 0]
[parser_config_file: ]
[objective_seed: 5]
[num_class: 1]
[is_unbalance: 0]
[scale_pos_weight: 1]
[sigmoid: 1]
[boost_from_average: 1]
[reg_sqrt: 0]
[alpha: 0.9]
[fair_c: 1]
[poisson_max_delta_step: 0.7]
[tweedie_variance_power: 1.5]
[lambdarank_truncation_level: 30]
[lambdarank_norm: 1]
[label_gain: ]
[lambdarank_position_bias_regularization: 0]
[eval_at: ]
[multi_error_top_k: 1]
[auc_mu_weights: ]
[num_machines: 1]
[local_listen_port: 12400]
[time_out: 120]
[machine_list_filename: ]
[machines: ]
[gpu_platform_id: -1]
[gpu_device_id: -1]
[gpu_use_dp: 0]
[num_gpu: 1]

end of parameters

pandas_categorical:[]
