tree
version=v4
num_class=1
num_tree_per_iteration=1
label_index=0
max_feature_idx=15
objective=binary sigmoid:1
feature_names=ratio_tap_position_y screen_height tap_position_x tap_position_y predicted_isAnswerCorrect s_tap_count scroll_time s_view_position response_time taskNum screen_width ratio_tap_position_x s_choice_left event_scroll s_scroll_speed scroll_length
feature_infos=none [844:844] none none [0:1] [1:1] [-0.5:18.799999999999962] [-343.99999999999989:1145.6666666666642] [0:10.399999999999981] [1:135] [390:390] none [0:1] [0:6] [-3503.3333333333576:6900.0000000000018] [0:14300.666666666672]
tree_sizes=726 734 646 646 647 644 734 646 647 650 648 752 650 748 651 650 755 752 742 755 636 651 657 650 650 653 652 637 649 651 651 657 649 650 756 755 652 753 652 651 650 755 751 651 649 651 650 652 648 651 651 650 654 649 754 650 653 655 653 754 753 754 651 654 654 552 656 653 651 659 655 650 659 757 654 651 656 653 651 760 649 654 654 648 654 655 750 760 655 648 752 649 662 755 656 654 653 657 754 649

Tree=0
num_leaves=6
num_cat=0
split_feature=4 9 6 6 6
split_gain=47.1295 2.87159 1.50528 1.56635 1.08476
threshold=1.0000000180025095e-35 96.500000000000014 1.25 0.40000000000000013 2.7499999999999996
decision_type=2 2 2 2 2
left_child=-1 2 3 -2 -4
right_child=1 -3 4 -5 -6
leaf_value=0.26062825297916126 0.58224589719068964 0.64350640085002853 0.62819127493519389 0.50300676745741457 0.56080472090992117
leaf_weight=5.3635115474462536 4.6639230847358757 6.5294923186302176 4.8971192389726621 5.3635115474462509 4.6639230847358704
leaf_count=23 20 28 21 23 20
internal_value=0.530628 0.586075 0.566931 0.539862 0.59532
internal_weight=0 26.118 19.5885 10.0274 9.56104
internal_count=135 112 84 43 41
is_linear=0
shrinkage=1


Tree=1
num_leaves=6
num_cat=0
split_feature=4 9 6 6 6
split_gain=36.4749 2.47471 1.25945 1.28138 0.931535
threshold=1.0000000180025095e-35 96.500000000000014 1.25 0.40000000000000013 2.7499999999999996
decision_type=2 2 2 2 2
left_child=-1 2 3 -2 -4
right_child=1 -3 4 -5 -6
leaf_value=-0.22977451310369165 0.047146821830476443 0.10509550809947668 0.090387406102990828 -0.024676669316687164 0.027390012962916679
leaf_weight=5.6534497737884548 4.5990791916847282 6.3225554227828971 4.7643100619316083 5.4010949581861496 4.6265971660614014
leaf_count=23 20 28 21 23 20
internal_value=0 0.050766 0.0330516 0.00835495 0.0593506
internal_weight=0 25.7136 19.3911 10.0002 9.39091
internal_count=135 112 84 43 41
is_linear=0
shrinkage=0.1


Tree=2
num_leaves=5
num_cat=0
split_feature=4 7 7 7
split_gain=29.1963 2.48964 2.5897 0.325831
threshold=1.0000000180025095e-35 450.00000000000006 366.50000000000733 263.00000000000006
decision_type=2 2 2 2
left_child=-1 2 3 -2
right_child=1 -3 -4 -5
leaf_value=-0.20313347034535509 0.039333708625661559 0.092096612488014956 -0.019188837317759298 0.076165747807169018
leaf_weight=5.7486318349838283 4.4658868461847359 8.1344203203916532 7.4940832406282416 5.1966623961925507
leaf_count=23 20 36 33 23
internal_value=0 0.046531 0.0249271 0.0591425
internal_weight=0 25.2911 17.1566 9.66255
internal_count=135 112 76 43
is_linear=0
shrinkage=0.1


Tree=3
num_leaves=5
num_cat=0
split_feature=4 7 7 7
split_gain=23.8779 2.13235 2.14592 0.280082
threshold=1.0000000180025095e-35 450.00000000000006 366.50000000000733 263.00000000000006
decision_type=2 2 2 2
left_child=-1 2 3 -2
right_child=1 -3 -4 -5
leaf_value=-0.18417437077641047 0.035891256680362096 0.085542159289475742 -0.017167517214353587 0.070356275553503933
leaf_weight=5.7075447291135815 4.4079561531543785 7.8946319967508307 7.5364229977130881 5.0699533373117447
leaf_count=23 20 36 33 23
internal_value=0 0.0425892 0.022659 0.0543274
internal_weight=0 24.909 17.0143 9.47791
internal_count=135 112 76 43
is_linear=0
shrinkage=0.1


Tree=4
num_leaves=5
num_cat=0
split_feature=4 9 6 9
split_gain=19.8328 2.03501 1.10876 1.10469
threshold=1.0000000180025095e-35 96.500000000000014 1.5000000000000002 63.500000000000007
decision_type=2 2 2 2
left_child=-1 2 3 -2
right_child=1 -3 -4 -5
leaf_value=-0.17001546872957396 -0.034150052817876191 0.090602524879251078 0.050667622263508565 0.030842598958668074
leaf_weight=5.5711511522531536 4.7612845301628166 5.8260637372732154 8.1342270970344526 5.8022395670413971
leaf_count=23 21 28 37 26
internal_value=0 0.038997 0.0229172 0.00154854
internal_weight=0 24.5238 18.6978 10.5635
internal_count=135 112 84 47
is_linear=0
shrinkage=0.1


Tree=5
num_leaves=5
num_cat=0
split_feature=4 7 7 15
split_gain=16.6646 1.86284 1.6693 2.30791
threshold=1.0000000180025095e-35 450.00000000000006 348.33333333334127 699.33333333333223
decision_type=2 2 2 2
left_child=-1 2 -2 -4
right_child=1 -3 3 -5
leaf_value=-0.1590686738223866 0.05966530114941964 0.076987251025658857 -0.0577321639062017 0.035565069927516589
leaf_weight=5.369275867938998 5.9131964147090974 7.5255118012428275 4.8313878774642927 5.8763611018657684
leaf_count=23 28 36 22 26
internal_value=0 0.0357091 0.0170195 -0.00653109
internal_weight=0 24.1465 16.6209 10.7077
internal_count=135 112 76 48
is_linear=0
shrinkage=0.1


Tree=6
num_leaves=6
num_cat=0
split_feature=4 9 6 6 6
split_gain=14.129 1.71016 1.07141 1.09411 0.922698
threshold=1.0000000180025095e-35 96.500000000000014 1.25 0.40000000000000013 2.7499999999999996
decision_type=2 2 2 2 2
left_child=-1 2 3 -2 -4
right_child=1 -3 4 -5 -6
leaf_value=-0.15038189694825557 0.03205980882828903 0.081750013009172895 0.075568908848914998 -0.035891694784945395 0.010689174286641592
leaf_weight=5.1240250915288952 4.331212863326078 5.4694518446922293 4.4048053622245771 5.2316726297140121 4.3634048402309418
leaf_count=23 20 28 21 23 20
internal_value=0 0.0326765 0.0180345 -0.00511517 0.0432822
internal_weight=0 23.8005 18.3311 9.56289 8.76821
internal_count=135 112 84 43 41
is_linear=0
shrinkage=0.1


Tree=7
num_leaves=5
num_cat=0
split_feature=4 7 7 7
split_gain=12.069 1.64415 1.48097 0.363906
threshold=1.0000000180025095e-35 450.00000000000006 366.50000000000733 263.00000000000006
decision_type=2 2 2 2
left_child=-1 2 3 -2
right_child=1 -3 -4 -5
leaf_value=-0.14334754562484628 0.01805676803818345 0.069809046019296009 -0.020546837780311425 0.058776468593593083
leaf_weight=4.8518997430801418 4.0690311640501076 7.1730291098356238 7.4352229386568061 4.7646566778421402
leaf_count=23 20 36 33 23
internal_value=0 0.0299248 0.0123397 0.0400199
internal_weight=0 23.4419 16.2689 8.83369
internal_count=135 112 76 43
is_linear=0
shrinkage=0.1


Tree=8
num_leaves=5
num_cat=0
split_feature=4 9 8 9
split_gain=10.369 1.48675 1.57812 1.3173
threshold=1.0000000180025095e-35 36.500000000000007 0.15000000000000005 72.500000000000014
decision_type=2 2 2 2
left_child=-1 -2 -3 -4
right_child=1 2 3 -5
leaf_value=-0.13755860043329365 -0.0089355321679532914 0.0046052109992817895 0.038393362037041218 0.11340075367971758
leaf_weight=4.5652205049991634 7.5835551023483303 5.9462858885526648 5.5254155248403531 4.0632014721632004
leaf_count=23 35 30 26 21
internal_value=0 0.0273604 0.0450787 0.0701779
internal_weight=0 23.1185 15.5349 9.58862
internal_count=135 112 77 47
is_linear=0
shrinkage=0.1


Tree=9
num_leaves=5
num_cat=0
split_feature=4 9 6 6
split_gain=8.95421 1.38859 0.973082 0.748771
threshold=1.0000000180025095e-35 96.500000000000014 1.5000000000000002 0.40000000000000013
decision_type=2 2 2 2
left_child=-1 2 3 -2
right_child=1 -3 -4 -5
leaf_value=-0.13273170032946557 0.024088047738470654 0.071454337217093086 0.038780972678071665 -0.031116869217256229
leaf_weight=4.2731392085552242 4.17293325066567 5.0181639045476905 7.6706669032573691 5.9747143387794495
leaf_count=23 20 28 37 27
internal_value=0 0.0249885 0.0119023 -0.00841541
internal_weight=0 22.8365 17.8183 10.1476
internal_count=135 112 84 47
is_linear=0
shrinkage=0.1


Tree=10
num_leaves=5
num_cat=0
split_feature=4 7 7 15
split_gain=7.7673 1.41468 1.21215 2.14814
threshold=1.0000000180025095e-35 450.00000000000006 348.33333333334127 699.33333333333223
decision_type=2 2 2 2
left_child=-1 2 -2 -4
right_child=1 -3 3 -5
leaf_value=-0.12866315200728271 0.044839742919433143 0.061232186628697408 -0.06316252728937552 0.028102956799506609
leaf_weight=3.9823859781026867 5.4179083704948452 6.7288470268249503 4.7391309142112714 5.6580194234848022
leaf_count=23 28 36 22 26
internal_value=0 0.022828 0.00648807 -0.0134968
internal_weight=0 22.5439 15.8151 10.3972
internal_count=135 112 76 48
is_linear=0
shrinkage=0.1


Tree=11
num_leaves=6
num_cat=0
split_feature=8 8 8 9 7
split_gain=1.0821 2.13423 1.35393 2.06039 0.697729
threshold=2.6500000000000017 1.0500000000000003 0.15000000000000005 72.500000000000014 280.16666666667157
decision_type=2 2 2 2 2
left_child=1 2 4 -4 -1
right_child=-2 -3 3 -5 -6
leaf_value=0.0059144961666924636 0.045862655547046757 -0.070653769049107515 -0.0070987835477246452 0.086597725288962077 -0.054930133782516877
leaf_weight=3.7304822355508902 4.3029931634664527 4.4637629836797705 5.6672754138708097 4.0058610290288925 3.8091398626565933
leaf_count=20 21 23 27 23 21
internal_value=0 -0.00903681 0.00694224 0.031703 -0.0248252
internal_weight=0 21.6765 17.2128 9.67314 7.53962
internal_count=135 114 91 50 41
is_linear=0
shrinkage=0.1


Tree=12
num_leaves=5
num_cat=0
split_feature=8 8 6 9
split_gain=0.885747 1.70688 1.24739 0.695603
threshold=2.6500000000000017 1.0500000000000003 0.55000000000000004 90.500000000000014
decision_type=2 2 2 2
left_child=1 2 -1 -4
right_child=-2 -3 3 -5
leaf_value=-0.025408224446620466 0.041824522356207705 -0.06277799275625591 0.0081632016951027134 0.062499064671668561
leaf_weight=7.1777108162641623 4.249512940645217 4.5182764381170264 6.0461538434028608 3.8603958636522293
leaf_count=39 21 23 29 23
internal_value=0 -0.00811914 0.00633649 0.0293369
internal_weight=0 21.6025 17.0843 9.90655
internal_count=135 114 91 52
is_linear=0
shrinkage=0.1


Tree=13
num_leaves=6
num_cat=0
split_feature=8 8 8 9 7
split_gain=0.724879 1.36809 1.13712 2.67201 0.586946
threshold=2.6500000000000017 1.0500000000000003 0.15000000000000005 36.500000000000007 280.16666666667157
decision_type=2 2 2 2 2
left_child=1 2 4 -4 -1
right_child=-2 -3 3 -5 -6
leaf_value=0.0050119761898676334 0.038120266243148751 -0.05591779792056626 -0.037970846869563833 0.070833898644943202 -0.05089415591611586
leaf_weight=3.7033078670501807 4.198963686823844 4.5627999603748313 3.682954788208006 5.8297761678695679 3.8099208176136017
leaf_count=20 21 23 17 33 21
internal_value=0 -0.00729003 0.00574176 0.028709 -0.0233377
internal_weight=0 21.5888 17.026 9.51273 7.51323
internal_count=135 114 91 50 41
is_linear=0
shrinkage=0.1


Tree=14
num_leaves=5
num_cat=0
split_feature=9 9 8 9
split_gain=0.678209 1.00181 1.45479 0.14911
threshold=30.500000000000004 57.500000000000007 0.15000000000000005 111.50000000000001
decision_type=2 2 2 2
left_child=-1 -2 3 -3
right_child=1 2 -4 -5
leaf_value=0.028613186612766201 -0.045634488074286265 -0.038811450549988399 0.038915131145919372 -0.010134606136885958
leaf_weight=6.3056503385305431 5.4190574288368252 3.9798644781112653 6.6395033150911331 3.3305610120296478
leaf_count=30 27 20 38 20
internal_value=0 -0.00914539 0.00502934 -0.0257466
internal_weight=0 19.369 13.9499 7.31043
internal_count=135 105 78 40
is_linear=0
shrinkage=0.1


Tree=15
num_leaves=5
num_cat=0
split_feature=15 7 7 15
split_gain=0.590916 0.753229 1.42512 0.791689
threshold=832.3333333333386 450.00000000000006 348.33333333334127 651.8333333333336
decision_type=2 2 2 2
left_child=1 2 -1 -4
right_child=-2 -3 3 -5
leaf_value=0.023278147274555072 0.035276663572480514 0.028083786653001392 -0.068424229006525991 -0.014020316913528438
leaf_weight=5.8431007415056326 4.0314992219209662 4.8906373083591452 4.779171407222746 6.0747489482164383
leaf_count=32 22 29 23 29
internal_value=0 -0.00643038 -0.0165397 -0.0379753
internal_weight=0 21.5877 16.697 10.8539
internal_count=135 113 84 52
is_linear=0
shrinkage=0.1


Tree=16
num_leaves=6
num_cat=0
split_feature=8 8 8 7 6
split_gain=0.620725 0.992874 1.23193 0.543451 1.22346
threshold=2.6500000000000017 1.0500000000000003 0.55000000000000016 582.66666666665708 0.55000000000000004
decision_type=2 2 2 2 2
left_child=1 2 3 4 -1
right_child=-2 -3 -4 -5 -6
leaf_value=-0.030642977670051058 0.035520527749129685 -0.047963460333219361 0.055780512449952406 -0.044520760889743466 0.040241567111166276
leaf_weight=5.2676039040088742 4.1522442847490302 4.5875702500343314 3.6663902699947348 3.3528436720371237 4.5279801934957504
leaf_count=28 21 23 18 20 25
internal_value=0 -0.00672803 0.0045222 -0.00977099 0.0021232
internal_weight=0 21.4024 16.8148 13.1484 9.79558
internal_count=135 114 91 73 53
is_linear=0
shrinkage=0.1


Tree=17
num_leaves=6
num_cat=0
split_feature=8 9 9 8 9
split_gain=0.507438 0.944499 1.93423 1.42224 0.102212
threshold=2.6500000000000017 30.500000000000004 63.500000000000007 0.15000000000000005 111.50000000000001
decision_type=2 2 2 2 2
left_child=1 -1 -3 4 -4
right_child=-2 2 3 -5 -6
leaf_value=0.040317076077213999 0.032334711612115888 -0.067815877162418922 -0.034064409707950931 0.044519526725792638 -0.010276679001887348
leaf_weight=3.6442051678896012 4.1076541393995276 5.0630969852209118 4.0182888060808164 5.3451649621129036 3.2814141660928726
leaf_count=17 21 25 20 32 20
internal_value=0 -0.00604497 -0.015586 0.00532718 -0.0233712
internal_weight=0 21.3522 17.708 12.6449 7.2997
internal_count=135 114 97 72 40
is_linear=0
shrinkage=0.1


Tree=18
num_leaves=6
num_cat=0
split_feature=15 9 8 6 9
split_gain=0.459665 0.927159 1.03303 1.01139 0.0811271
threshold=798.33333333333223 39.500000000000007 0.15000000000000005 1.25 111.50000000000001
decision_type=2 2 2 2 2
left_child=1 -1 4 -4 -3
right_child=-2 2 3 -5 -6
leaf_value=-0.043834342063066356 0.02575184020921318 -0.030372436130960551 0.070828284989091009 -0.002947138844408486 -0.009232041375521036
leaf_weight=5.0691186636686387 5.4958971887826911 4.0540493726730329 3.5253727063536644 3.9293956905603409 3.2871270328760147
leaf_count=24 30 20 20 21 20
internal_value=0 -0.00692493 0.00572031 0.0319414 -0.0209065
internal_weight=0 19.8651 14.7959 7.45477 7.34118
internal_count=135 105 81 41 40
is_linear=0
shrinkage=0.1


Tree=19
num_leaves=6
num_cat=0
split_feature=8 8 8 7 7
split_gain=0.464783 0.742636 1.02892 0.359148 0.424676
threshold=2.6500000000000017 1.0500000000000003 0.55000000000000016 399.00000000000369 263.00000000000006
decision_type=2 2 2 2 2
left_child=1 2 3 4 -1
right_child=-2 -3 -4 -5 -6
leaf_value=-0.018523969949836284 0.031019204784095873 -0.041341324322686224 0.05166483379083401 -0.028087617873022965 0.029153546790906995
leaf_weight=3.7217711061239331 4.0925543010234824 4.6013862490653983 3.5656200721859923 5.5992297232151031 3.7512637227773666
leaf_count=20 21 23 18 33 20
internal_value=0 -0.0057845 0.00404912 -0.00893865 0.00540887
internal_weight=0 21.2393 16.6379 13.0723 7.47303
internal_count=135 114 91 73 40
is_linear=0
shrinkage=0.1


Tree=20
num_leaves=5
num_cat=0
split_feature=7 6 6 14
split_gain=0.460147 1.13963 1.65723 1.88816
threshold=348.33333333334127 2.4000000000000008 1.25 781.33333333333405
decision_type=2 2 2 2
left_child=-1 2 3 -2
right_child=1 -3 -4 -5
leaf_value=0.024864727710255691 0.017328504308602149 -0.049816460024358883 0.063309870829485193 -0.069780372047592978
leaf_weight=5.8078088238835361 7.0791045874357241 4.7468737512826911 3.8101270571351042 3.8371509313583374
leaf_count=32 39 25 21 18
internal_value=0 -0.00720687 0.00652782 -0.013291
internal_weight=0 19.4733 14.7264 10.9163
internal_count=135 103 78 57
is_linear=0
shrinkage=0.1


Tree=21
num_leaves=5
num_cat=0
split_feature=8 8 6 9
split_gain=0.438844 0.579389 0.825196 0.649847
threshold=2.6500000000000017 1.0500000000000003 0.55000000000000004 90.500000000000014
decision_type=2 2 2 2
left_child=1 2 -1 -4
right_child=-2 -3 3 -5
leaf_value=-0.022545639511744469 0.03020037249770556 -0.036980047443718932 0.0019036253659404749 0.055982532605006886
leaf_weight=7.1301904916763403 4.080535113811492 4.6073894500732413 5.8193613290786725 3.5946210250258446
leaf_count=39 21 23 29 23
internal_value=0 -0.00561766 0.00311645 0.022553
internal_weight=0 21.1516 16.5442 9.41398
internal_count=135 114 91 52
is_linear=0
shrinkage=0.1


Tree=22
num_leaves=5
num_cat=0
split_feature=9 13 14 6
split_gain=0.457981 0.798905 1.70788 2.21843
threshold=105.50000000000001 1.0000000180025095e-35 781.33333333333405 2.4000000000000008
decision_type=2 2 2 2
left_child=1 -1 3 -3
right_child=-2 2 -4 -5
leaf_value=0.033586790925900833 -0.028022123726969633 0.068861119600748963 -0.063761032684368377 -0.028547125400067902
leaf_weight=7.1522568836808267 4.6885178908705702 4.2339503690600377 3.8743097633123389 5.2213652431964874
leaf_count=38 30 22 18 27
internal_value=0 0.00662493 -0.00784196 0.0150708
internal_weight=0 20.4819 13.3296 9.45532
internal_count=135 105 67 49
is_linear=0
shrinkage=0.1


Tree=23
num_leaves=5
num_cat=0
split_feature=15 7 7 15
split_gain=0.437399 0.579796 1.13934 0.618266
threshold=832.3333333333386 348.33333333334127 450.00000000000006 651.8333333333336
decision_type=2 2 2 2
left_child=1 -1 3 -3
right_child=-2 2 -4 -5
leaf_value=0.021836282257559823 0.03114383582342219 -0.060467276339335629 0.025182705587768112 -0.012200134779967424
leaf_weight=5.7002099081873956 3.8611824586987487 4.7477516233921033 4.7794420570135108 6.0172491073608398
leaf_count=32 22 23 29 29
internal_value=0 -0.00544439 -0.0154483 -0.0334877
internal_weight=0 21.2447 15.5444 10.765
internal_count=135 113 81 52
is_linear=0
shrinkage=0.1


Tree=24
num_leaves=5
num_cat=0
split_feature=7 6 8 15
split_gain=0.457484 1.11621 1.01352 0.322284
threshold=609.00000000000011 0.55000000000000004 1.6500000000000006 651.8333333333336
decision_type=2 2 2 2
left_child=1 -1 3 -3
right_child=-2 2 -4 -5
leaf_value=-0.026556160902579104 -0.026110001178724685 0.068656626870428769 -0.0071734044397090959 0.026802890626916848
leaf_weight=6.5730029940605226 5.2359664738178244 3.8280633091926557 5.861930675804615 3.5422172769904137
leaf_count=34 31 22 30 18
internal_value=0 0.00712741 0.0238595 0.0485414
internal_weight=0 19.8052 13.2322 7.37028
internal_count=135 104 70 40
is_linear=0
shrinkage=0.1


Tree=25
num_leaves=5
num_cat=0
split_feature=9 6 8 9
split_gain=0.526351 0.772647 2.03837 0.902356
threshold=30.500000000000004 1.5000000000000002 0.45000000000000007 105.50000000000001
decision_type=2 2 2 2
left_child=-1 2 3 -2
right_child=1 -3 -4 -5
leaf_value=0.025518131430738163 0.032219766619222857 0.026727525025096656 -0.079516983026568719 -0.028061037519919681
leaf_weight=6.1732850074768093 5.3808132261037844 4.7526861652731887 4.0749887228012076 4.6114146783947945
leaf_count=30 28 28 19 30
internal_value=0 -0.00813159 -0.0199089 0.00440017
internal_weight=0 18.8199 14.0672 9.99223
internal_count=135 105 77 58
is_linear=0
shrinkage=0.1


Tree=26
num_leaves=5
num_cat=0
split_feature=9 6 8 9
split_gain=0.429056 0.626474 1.62096 0.735417
threshold=30.500000000000004 1.5000000000000002 0.45000000000000007 105.50000000000001
decision_type=2 2 2 2
left_child=-1 2 3 -2
right_child=1 -3 -4 -5
leaf_value=0.023182575645573605 0.029365802924387563 0.024205696168841259 -0.070524959944660404 -0.025143886307211129
leaf_weight=6.1186925619840649 5.3168796002864855 4.7246009036898604 4.1318145990371695 4.6307059451937675
leaf_count=30 28 28 19 30
internal_value=0 -0.00730341 -0.0178769 0.00399097
internal_weight=0 18.804 14.0794 9.94759
internal_count=135 105 77 58
is_linear=0
shrinkage=0.1


Tree=27
num_leaves=5
num_cat=0
split_feature=15 9 8 6
split_gain=0.442847 0.612571 1.07378 1.04576
threshold=798.33333333333223 39.500000000000007 0.15000000000000005 1.25
decision_type=2 2 2 2
left_child=1 -1 -3 -4
right_child=-2 2 3 -5
leaf_value=-0.036415469121053444 0.025696738620914789 -0.02371813610121808 0.070740696179815488 -0.0054094699416934655
leaf_weight=5.1446114107966485 5.3390818238258353 7.1361129581928235 3.4526152461767197 3.7753816023468971
leaf_count=24 30 40 20 21
internal_value=0 -0.00680625 0.00379852 0.0309654
internal_weight=0 19.5087 14.3641 7.228
internal_count=135 105 81 41
is_linear=0
shrinkage=0.1


Tree=28
num_leaves=5
num_cat=0
split_feature=9 6 8 9
split_gain=0.413082 0.518941 1.39071 0.580239
threshold=30.500000000000004 1.5000000000000002 0.45000000000000007 105.50000000000001
decision_type=2 2 2 2
left_child=-1 2 3 -2
right_child=1 -3 -4 -5
leaf_value=0.022798945666055753 0.026401157216956146 0.021612843234335082 -0.065383844519984885 -0.022150044259163358
leaf_weight=6.0911747068166759 5.24029538780451 4.691087692975997 4.1503594145178786 4.642080582678318
leaf_count=30 28 28 19 30
internal_value=0 -0.00718075 -0.0168063 0.00359504
internal_weight=0 18.7238 14.0327 9.88238
internal_count=135 105 77 58
is_linear=0
shrinkage=0.1


Tree=29
num_leaves=5
num_cat=0
split_feature=15 7 7 7
split_gain=0.383767 0.590457 1.1807 0.597789
threshold=798.33333333333223 348.33333333334127 450.00000000000006 379.83333333333582
decision_type=2 2 2 2
left_child=1 -1 3 -3
right_child=-2 2 -4 -5
leaf_value=0.021163400225506616 0.024113080357894556 -0.0073931008097440276 0.026018678174862808 -0.058094539628478298
leaf_weight=5.5815528929233613 5.2695462629199019 3.9890965074300748 4.323932170867919 5.5759825259447098
leaf_count=32 30 20 27 26
internal_value=0 -0.00630687 -0.0173463 -0.0369496
internal_weight=0 19.4706 13.889 9.56508
internal_count=135 105 73 46
is_linear=0
shrinkage=0.1


Tree=30
num_leaves=5
num_cat=0
split_feature=7 6 9 9
split_gain=0.401485 0.850522 1.30481 0.250422
threshold=609.00000000000011 0.55000000000000004 75.500000000000014 45.500000000000007
decision_type=2 2 2 2
left_child=1 -1 3 -3
right_child=-2 2 -4 -5
leaf_value=-0.022752403398524624 -0.024564751826144329 0.015765756288450696 0.073411566173594733 -0.017291712070247611
leaf_weight=6.5129751861095491 5.1852860599756232 5.5728039965033513 3.5299301967024794 3.8919649422168732
leaf_count=34 31 27 22 21
internal_value=0 0.00674158 0.021524 0.00217234
internal_weight=0 19.5077 12.9947 9.46477
internal_count=135 104 70 48
is_linear=0
shrinkage=0.1


Tree=31
num_leaves=5
num_cat=0
split_feature=8 13 9 7
split_gain=0.411907 0.978201 0.698334 0.363488
threshold=0.15000000000000005 1.0000000180025095e-35 36.500000000000007 280.16666666667157
decision_type=2 2 2 2
left_child=3 -2 -3 -1
right_child=1 2 -4 -5
leaf_value=0.0027554077151735299 0.051046417402592997 -0.026846948597139004 0.019129075069828357 -0.042072694792823648
leaf_weight=3.5841177999973324 4.1256900355219868 6.8653397709131223 6.3681423142552376 3.6516962051391602
leaf_count=20 27 33 34 21
internal_value=0 0.0085318 -0.00472262 -0.019868
internal_weight=0 17.3592 13.2335 7.23581
internal_count=135 94 67 41
is_linear=0
shrinkage=0.1


Tree=32
num_leaves=5
num_cat=0
split_feature=9 7 9 7
split_gain=0.458369 0.459372 1.2879 1.03455
threshold=30.500000000000004 609.00000000000011 57.500000000000007 350.33333333333036
decision_type=2 2 2 2
left_child=-1 2 -2 -4
right_child=1 -3 3 -5
leaf_value=0.023974306945016531 -0.045848169667314406 -0.0369986405139602 -0.013119830908468317 0.050821510449600552
leaf_weight=6.0855787545442608 4.1865321770310429 4.1426859200000754 4.8730559274554235 5.2635102123022079
leaf_count=30 21 25 29 30
internal_value=0 -0.00767109 0.000811349 0.0200823
internal_weight=0 18.4658 14.3231 10.1366
internal_count=135 105 80 59
is_linear=0
shrinkage=0.1


Tree=33
num_leaves=5
num_cat=0
split_feature=8 6 6 9
split_gain=0.38401 1.05218 0.513111 0.578298
threshold=0.55000000000000016 2.4000000000000008 0.75000000000000011 105.50000000000001
decision_type=2 2 2 2
left_child=2 -2 3 -1
right_child=1 -3 -4 -5
leaf_value=0.029399785116960054 0.040018205230311778 -0.019343901491847032 -0.042033232460250272 -0.022857298505764203
leaf_weight=3.9890692979097384 6.5375204011797887 5.4961317181587219 3.9304286018013945 4.514084555208683
leaf_count=21 33 29 22 30
internal_value=0 0.0129057 -0.0121534 0.00165797
internal_weight=0 12.0337 12.4336 8.50315
internal_count=135 62 73 51
is_linear=0
shrinkage=0.1


Tree=34
num_leaves=6
num_cat=0
split_feature=8 9 7 9 6
split_gain=0.36864 0.766447 0.841682 1.83289 0.577134
threshold=2.6500000000000017 30.500000000000004 450.00000000000006 63.500000000000007 1.0000000180025095e-35
decision_type=2 2 2 2 2
left_child=1 -1 3 -3 -5
right_child=-2 2 -4 4 -6
leaf_value=0.037266057931776779 0.027765744505550818 -0.08694565429945024 0.016659935351832637 -0.02905469879563044 0.027111379978110778
leaf_weight=3.5051615983247819 4.0407118499279013 3.7685074582695979 5.8263117447495452 3.6766791865229607 3.6414259597659111
leaf_count=17 21 19 36 20 22
internal_value=0 -0.00529269 -0.0141129 -0.0302848 -0.00110694
internal_weight=0 20.4181 16.9129 11.0866 7.31811
internal_count=135 114 97 61 42
is_linear=0
shrinkage=0.1


Tree=35
num_leaves=6
num_cat=0
split_feature=15 15 8 6 6
split_gain=0.334762 0.636873 0.570799 0.521696 0.41353
threshold=798.33333333333223 730.3333333333286 0.25000000000000006 2.4000000000000008 0.55000000000000004
decision_type=2 2 2 2 2
left_child=1 2 4 -4 -1
right_child=-2 -3 3 -5 -6
leaf_value=-0.03702654510693261 0.022845577046767929 -0.044113687427673 0.046080477746780243 -0.0064660298339530202 0.0085411840413271971
leaf_weight=4.2896119058132225 5.1324871107935897 3.5546631067991248 4.1842580437660208 3.4450675845146179 3.7174820378422737
leaf_count=24 30 17 24 17 23
internal_value=0 -0.00590641 0.00277934 0.0223528 -0.0158707
internal_weight=0 19.1911 15.6364 7.62933 8.00709
internal_count=135 105 88 41 47
is_linear=0
shrinkage=0.1


Tree=36
num_leaves=5
num_cat=0
split_feature=7 6 8 9
split_gain=0.377649 0.712394 0.840816 0.405272
threshold=609.00000000000011 0.55000000000000004 1.6500000000000006 75.500000000000014
decision_type=2 2 2 2
left_child=1 -1 3 -3
right_child=-2 2 -4 -5
leaf_value=-0.02049366847626798 -0.024128354871139887 0.020445656470027357 -0.0079464900154060849 0.068717031347877502
leaf_weight=6.4566408246755662 5.0664258971810332 3.6158950775861722 5.7714205011725426 3.3512359037995338
leaf_count=34 31 18 30 22
internal_value=0 0.00656589 0.0202813 0.0436645
internal_weight=0 19.1952 12.7386 6.96713
internal_count=135 104 70 40
is_linear=0
shrinkage=0.1


Tree=37
num_leaves=6
num_cat=0
split_feature=8 9 7 9 7
split_gain=0.34012 0.681123 0.702601 1.4968 0.117616
threshold=2.6500000000000017 30.500000000000004 450.00000000000006 63.500000000000007 348.33333333334127
decision_type=2 2 2 2 2
left_child=1 -1 3 -3 -5
right_child=-2 2 -4 4 -6
leaf_value=0.035244128888284057 0.026757541556557747 -0.07959151728819619 0.014893772808256697 0.0096985989053344473 -0.015954936616231843
leaf_weight=3.4624093398451867 4.0113772302865973 3.7477382719516772 5.7317261397838584 4.0123472884297371 3.2226423844695091
leaf_count=17 21 19 36 24 18
internal_value=0 -0.00512441 -0.0134868 -0.0282982 -0.00172812
internal_weight=0 20.1769 16.7145 10.9827 7.23499
internal_count=135 114 97 61 42
is_linear=0
shrinkage=0.1


Tree=38
num_leaves=5
num_cat=0
split_feature=8 14 9 9
split_gain=0.364754 1.18348 0.551127 0.436249
threshold=0.65000000000000002 279.75243147657073 72.500000000000014 105.50000000000001
decision_type=2 2 2 2
left_child=2 -2 -1 -4
right_child=1 -3 3 -5
leaf_value=-0.044296941941570661 -0.010457497992990826 0.059672587279517665 0.020285025212605352 -0.021977488142653739
leaf_weight=3.5936691835522678 6.8879597410559636 3.6983186006546021 5.4752636328339559 4.4094279557466507
leaf_count=17 37 19 32 30
internal_value=0 0.0140425 -0.0107603 0.00143229
internal_weight=0 10.5863 13.4784 9.88469
internal_count=135 56 79 62
is_linear=0
shrinkage=0.1


Tree=39
num_leaves=5
num_cat=0
split_feature=7 9 14 7
split_gain=0.376822 0.461723 0.884555 0.642784
threshold=609.00000000000011 36.500000000000007 135.79242636746184 350.33333333333945
decision_type=2 2 2 2
left_child=1 -1 3 -3
right_child=-2 2 -4 -5
leaf_value=-0.016533423325277317 -0.024184168114645254 -0.028297476560424681 0.052305625100115549 0.027015290690272822
leaf_weight=5.930883973836905 5.0301296040415755 4.4447118267416936 4.616168037056922 3.9842181354761124
leaf_count=28 31 26 27 23
internal_value=0 0.00660068 0.0171185 -0.00215203
internal_weight=0 18.976 13.0451 8.42893
internal_count=135 104 76 49
is_linear=0
shrinkage=0.1


Tree=40
num_leaves=5
num_cat=0
split_feature=7 6 15 7
split_gain=0.374747 0.750707 1.23763 1.55017
threshold=348.33333333334127 2.4000000000000008 771.16666666667118 450.00000000000006
decision_type=2 2 2 2
left_child=-1 2 3 -2
right_child=1 -3 -4 -5
leaf_value=0.023141885576897191 -0.054327519510230432 -0.041280822330800965 0.044746732203039312 0.030049555338817882
leaf_weight=5.4722297340631512 4.9806075170636195 4.6775462850928298 5.0132760629057875 3.8685561567544937
leaf_count=32 24 25 28 26
internal_value=0 -0.00663975 0.00504904 -0.0174407
internal_weight=0 18.54 13.8624 8.84916
internal_count=135 103 78 50
is_linear=0
shrinkage=0.1


Tree=41
num_leaves=6
num_cat=0
split_feature=9 9 7 14 7
split_gain=0.420326 0.789221 0.989709 0.687733 0.726061
threshold=15.500000000000002 36.500000000000007 625.33333333333223 135.79242636746184 357.33333333333218
decision_type=2 2 2 2 2
left_child=-1 -2 3 4 -3
right_child=1 2 -4 -5 -6
leaf_value=0.036128884446299858 -0.041797343333009884 -0.023184689773508016 -0.042911151024763866 0.049274582317529722 0.035668989086514655
leaf_weight=2.8592811077833202 4.5137275755405453 5.0599199458956736 3.3786189928650847 4.5383400842547408 3.5787172988057137
leaf_count=15 21 29 21 27 22
internal_value=0 -0.00473109 0.00537467 0.0177553 0.00119655
internal_weight=0 21.0693 16.5556 13.177 8.63864
internal_count=135 120 99 78 51
is_linear=0
shrinkage=0.1


Tree=42
num_leaves=6
num_cat=0
split_feature=7 14 6 14 8
split_gain=0.335711 1.11137 1.05234 0.820453 2.54388
threshold=379.83333333333582 123.42174432497008 2.0500000000000003 781.33333333333405 0.25000000000000006
decision_type=2 2 2 2 2
left_child=1 -1 3 4 -2
right_child=2 -3 -4 -5 -6
leaf_value=-0.0098719390690078321 -0.033115224713754908 0.061850584221023887 -0.05665263706398125 -0.029825311839056613 0.090022750530563467
leaf_weight=6.331956662237646 3.4116981625556928 3.2794191688299179 3.5628733038902274 3.989033542573452 3.3009002953767776
leaf_count=36 22 18 20 20 19
internal_value=0 0.0145999 -0.00957926 0.00609279 0.0274375
internal_weight=0 9.61138 14.2645 10.7016 6.7126
internal_count=135 54 81 61 41
is_linear=0
shrinkage=0.1


Tree=43
num_leaves=5
num_cat=0
split_feature=7 6 15 7
split_gain=0.332136 0.574947 1.07554 1.38158
threshold=348.33333333334127 2.4000000000000008 771.16666666667118 450.00000000000006
decision_type=2 2 2 2
left_child=-1 2 3 -2
right_child=1 -3 -4 -5
leaf_value=0.021880731338628237 -0.051319588545371636 -0.036443218563756395 0.041561734308421604 0.028854040156602596
leaf_weight=5.4391769096255329 5.0028087720274943 4.6956246048212043 4.9144165590405455 3.7684276700019836
leaf_count=32 24 25 28 26
internal_value=0 -0.00624982 0.0041097 -0.0168742
internal_weight=0 18.3813 13.6857 8.77124
internal_count=135 103 78 50
is_linear=0
shrinkage=0.1


Tree=44
num_leaves=5
num_cat=0
split_feature=9 6 8 9
split_gain=0.43137 0.467752 1.02403 0.367406
threshold=30.500000000000004 1.5000000000000002 0.45000000000000007 105.50000000000001
decision_type=2 2 2 2
left_child=-1 2 3 -2
right_child=1 -3 -4 -5
leaf_value=0.02345995471254337 0.019938329561858363 0.020967003314658235 -0.058540298035197273 -0.01977977000447792
leaf_weight=5.9578609392046955 4.9950599074363726 4.3273882418870917 4.0945744961500159 4.3635388612747192
leaf_count=30 28 28 19 30
internal_value=0 -0.00763091 -0.0168298 0.00141937
internal_weight=0 17.7806 13.4532 9.3586
internal_count=135 105 77 58
is_linear=0
shrinkage=0.1


Tree=45
num_leaves=5
num_cat=0
split_feature=9 7 9 7
split_gain=0.351725 0.35314 0.853541 0.677206
threshold=30.500000000000004 609.00000000000011 57.500000000000007 350.33333333333036
decision_type=2 2 2 2
left_child=-1 2 -2 -4
right_child=1 -3 3 -5
leaf_value=0.021294169981631701 -0.038125060007427589 -0.03299088430944707 -0.010198017345315346 0.042541858346716012
leaf_weight=5.910065874457362 4.0039585754275349 4.0075324848294249 4.7705090716481191 4.9724132567644119
leaf_count=30 21 25 29 30
internal_value=0 -0.00687025 0.000744518 0.0167184
internal_weight=0 17.7544 13.7469 9.74292
internal_count=135 105 80 59
is_linear=0
shrinkage=0.1


Tree=46
num_leaves=5
num_cat=0
split_feature=8 14 6 9
split_gain=0.330951 0.756967 0.667032 0.44557
threshold=0.55000000000000016 279.75243147657073 0.75000000000000011 105.50000000000001
decision_type=2 2 2 2
left_child=2 -2 3 -1
right_child=1 -3 -4 -5
leaf_value=0.02881298620464743 -0.0089638196795738586 0.04314208749069335 -0.046454109716885905 -0.017631274000054511
leaf_weight=3.9277474135160464 6.8484971746802312 4.702473022043705 3.7478946819901457 4.3570023253560066
leaf_count=21 37 25 22 30
internal_value=0 0.0122488 -0.0114484 0.00438766
internal_weight=0 11.551 12.0326 8.28475
internal_count=135 62 73 51
is_linear=0
shrinkage=0.1


Tree=47
num_leaves=5
num_cat=0
split_feature=7 6 9 6
split_gain=0.319684 0.521749 1.0837 0.666774
threshold=348.33333333334127 2.4000000000000008 51.500000000000007 0.75000000000000011
decision_type=2 2 2 2
left_child=-1 2 -2 -4
right_child=1 -3 3 -5
leaf_value=0.02152245732652612 0.039876239493702594 -0.034989733141786675 0.0054665537401915251 -0.051846979431322576
leaf_weight=5.3987008854746845 5.1455897539854076 4.6731104850769034 4.8596746176481229 3.4858802855014801
leaf_count=32 26 25 32 20
internal_value=0 -0.00619298 0.00378175 -0.0184729
internal_weight=0 18.1643 13.4911 8.34555
internal_count=135 103 78 52
is_linear=0
shrinkage=0.1


Tree=48
num_leaves=5
num_cat=0
split_feature=8 9 9 9
split_gain=0.325152 0.583942 0.625685 0.323071
threshold=2.6500000000000017 30.500000000000004 72.500000000000014 105.50000000000001
decision_type=2 2 2 2
left_child=1 -1 -3 -4
right_child=-2 2 3 -5
leaf_value=0.03285386920962137 0.02653326902056934 -0.03694484560427265 0.019360443235433223 -0.017212683830787275
leaf_weight=3.363552510738379 3.899498648941516 6.5059143379330662 5.4241968989372236 4.3541684597730637
leaf_count=17 21 34 33 30
internal_value=0 -0.00507875 -0.0129138 0.00307494
internal_weight=0 19.6478 16.2843 9.77837
internal_count=135 114 97 63
is_linear=0
shrinkage=0.1


Tree=49
num_leaves=5
num_cat=0
split_feature=8 14 6 9
split_gain=0.28898 0.602933 0.481848 0.317745
threshold=0.55000000000000016 279.75243147657073 0.75000000000000011 105.50000000000001
decision_type=2 2 2 2
left_child=2 -2 3 -1
right_child=1 -3 -4 -5
leaf_value=0.023997052508159894 -0.007435167575997494 0.039352150100358391 -0.039972059708385542 -0.01545118438121635
leaf_weight=3.8365174233913439 6.7917814627289754 4.6332684382796288 3.8264171928167334 4.3649079501628876
leaf_count=21 37 25 22 30
internal_value=0 0.0115388 -0.0106692 0.00300217
internal_weight=0 11.425 12.0278 8.20143
internal_count=135 62 73 51
is_linear=0
shrinkage=0.1


Tree=50
num_leaves=5
num_cat=0
split_feature=7 7 15 7
split_gain=0.281871 0.475483 0.68485 0.503952
threshold=348.33333333334127 450.00000000000006 699.33333333333223 637.83333333333042
decision_type=2 2 2 2
left_child=-1 2 -2 -3
right_child=1 3 -4 -5
leaf_value=0.020302540094309211 -0.043579524050916717 0.040937328956329844 0.0063296266328758391 -0.012423381809350376
leaf_weight=5.3527383506298092 5.5452557653188723 3.5576967746019355 5.4530476480722427 3.522039569914341
leaf_count=32 27 24 30 22
internal_value=0 -0.00582236 -0.0188342 0.0143913
internal_weight=0 18.078 10.9983 7.07974
internal_count=135 103 57 46
is_linear=0
shrinkage=0.1


Tree=51
num_leaves=5
num_cat=0
split_feature=7 14 9 9
split_gain=0.289971 1.05019 0.876512 1.17473
threshold=379.83333333333582 123.42174432497008 36.500000000000007 66.500000000000014
decision_type=2 2 2 2
left_child=1 -1 -2 -4
right_child=2 -3 3 -5
leaf_value=-0.010267688799779053 -0.041921789233245382 0.060286202255795431 0.058047599215201633 -0.017650244275673327
leaf_weight=6.2066158577799815 5.1207373663783065 3.1961635053157806 3.2352219074964506 5.5963123142719269
leaf_count=36 26 18 18 37
internal_value=0 0.0137148 -0.00900569 0.0100799
internal_weight=0 9.40278 13.9523 8.83153
internal_count=135 54 81 55
is_linear=0
shrinkage=0.1


Tree=52
num_leaves=5
num_cat=0
split_feature=8 9 9 6
split_gain=0.26424 0.499929 0.64686 0.348365
threshold=2.6500000000000017 30.500000000000004 72.500000000000014 1.0000000180025095e-35
decision_type=2 2 2 2
left_child=1 -1 -3 -4
right_child=-2 2 3 -5
leaf_value=0.030718701905077903 0.023983974893254219 -0.036397794554177007 -0.015001276073818005 0.022855287153922852
leaf_weight=3.325313024222857 3.8778523579239836 6.4547186493873623 4.7356619015336019 4.9944883435964584
leaf_count=17 21 34 29 34
internal_value=0 -0.00459651 -0.0118523 0.00443051
internal_weight=0 19.5102 16.1849 9.73015
internal_count=135 114 97 63
is_linear=0
shrinkage=0.1


Tree=53
num_leaves=5
num_cat=0
split_feature=8 14 9 7
split_gain=0.252201 0.917352 1.37745 0.332684
threshold=0.15000000000000005 150.81410825199643 36.500000000000007 280.16666666667157
decision_type=2 2 2 2
left_child=3 -2 -3 -1
right_child=1 2 -4 -5
leaf_value=0.00555205859549944 0.03842891166899403 -0.050267005071215093 0.022593968445536863 -0.038214632870991777
leaf_weight=3.5566849857568767 5.9035973846912411 4.8005899712443334 5.6467205137014389 3.3942249342799187
leaf_count=20 35 24 35 21
internal_value=0 0.00691945 -0.010886 -0.0158198
internal_weight=0 16.3509 10.4473 6.95091
internal_count=135 94 59 41
is_linear=0
shrinkage=0.1


Tree=54
num_leaves=6
num_cat=0
split_feature=15 14 8 9 7
split_gain=0.255134 0.461759 0.378603 1.10048 0.268347
threshold=832.3333333333386 346.36363636363666 0.15000000000000005 54.500000000000007 280.16666666667157
decision_type=2 2 2 2 2
left_child=1 2 4 -4 -1
right_child=-2 -3 3 -5 -6
leaf_value=0.0050088362578839495 0.025077425594508471 -0.035244462146866072 -0.010312525890008035 0.062092596266171453 -0.034292714782708851
leaf_weight=3.5486233159899774 3.4866356477141371 3.8690580725669852 5.5909014269709569 3.3611004799604416 3.4036397188901901
leaf_count=20 22 20 28 24 21
internal_value=0 -0.00426157 0.0032757 0.0168726 -0.0142321
internal_weight=0 19.7733 15.9043 8.952 6.95226
internal_count=135 113 93 52 41
is_linear=0
shrinkage=0.1


Tree=55
num_leaves=5
num_cat=0
split_feature=9 7 7 9
split_gain=0.219772 0.42734 0.494614 1.17379
threshold=30.500000000000004 263.00000000000006 609.00000000000011 72.500000000000014
decision_type=2 2 2 2
left_child=-1 -2 3 -3
right_child=1 2 -4 -5
leaf_value=0.017064836561826908 -0.037385760763895236 -0.015772683812254037 -0.027850352181134103 0.052980117429053869
leaf_weight=5.7627865001559284 3.3801325038075474 5.7506117373704893 3.9389185383915892 4.3703999891877174
leaf_count=30 20 31 25 29
internal_value=0 -0.00546027 0.00221491 0.0139158
internal_weight=0 17.4401 14.0599 10.121
internal_count=135 105 85 60
is_linear=0
shrinkage=0.1


Tree=56
num_leaves=5
num_cat=0
split_feature=7 6 9 6
split_gain=0.234367 0.525736 0.979078 0.508918
threshold=348.33333333334127 2.4000000000000008 51.500000000000007 0.75000000000000011
decision_type=2 2 2 2
left_child=-1 2 -2 -4
right_child=1 -3 3 -5
leaf_value=0.018672869095815878 0.039683416438809599 -0.034224589268550869 0.0051302688059656314 -0.045198585719546887
leaf_weight=5.268500559031966 5.0107351467013386 4.6556309536099425 4.6933045461773855 3.5130623653531075
leaf_count=32 26 25 32 20
internal_value=0 -0.00532663 0.00485247 -0.016415
internal_weight=0 17.8727 13.2171 8.20637
internal_count=135 103 78 52
is_linear=0
shrinkage=0.1


Tree=57
num_leaves=5
num_cat=0
split_feature=8 6 9 6
split_gain=0.237289 0.559789 0.438998 0.319389
threshold=0.65000000000000002 2.4000000000000008 72.500000000000014 1.0000000180025095e-35
decision_type=2 2 2 2
left_child=2 -2 -1 -4
right_child=1 -3 3 -5
leaf_value=-0.039185279886325267 0.036183935791318442 -0.010777398593183364 -0.016357305848766015 0.020397267998659898
leaf_weight=3.4852935448288944 4.8410900682210904 5.3362039402127266 4.6497342735528928 4.8100652024149895
leaf_count=17 27 29 29 33
internal_value=0 0.011561 -0.00884637 0.00233145
internal_weight=0 10.1773 12.9451 9.4598
internal_count=135 56 79 62
is_linear=0
shrinkage=0.1


Tree=58
num_leaves=5
num_cat=0
split_feature=8 8 8 9
split_gain=0.235139 0.459061 0.94246 0.419808
threshold=2.6500000000000017 1.0500000000000003 0.55000000000000016 96.500000000000014
decision_type=2 2 2 2
left_child=1 2 3 -1
right_child=-2 -3 -4 -5
leaf_value=-0.025966022756278736 0.022776481180004811 -0.033269010748701193 0.052320166708971688 0.011960260588545178
leaf_weight=6.564167253673082 3.8252751380205146 4.2757262736558905 3.1674713566899291 5.2551031857728958
leaf_count=35 21 23 18 38
internal_value=0 -0.00436701 0.00387874 -0.00910318
internal_weight=0 19.2625 14.9867 11.8193
internal_count=135 114 91 73
is_linear=0
shrinkage=0.1


Tree=59
num_leaves=6
num_cat=0
split_feature=15 14 8 8 6
split_gain=0.22121 0.448781 0.385748 0.938745 0.27588
threshold=832.3333333333386 346.36363636363666 0.25000000000000006 1.9500000000000008 0.55000000000000004
decision_type=2 2 2 2 2
left_child=1 2 4 -4 -1
right_child=-2 -3 3 -5 -6
leaf_value=-0.029935411182303601 0.02359722166847035 -0.034506593005631379 0.056190686635601519 -0.012163006735319122 0.0081680141668116456
leaf_weight=4.1694842055440011 3.4204907417297354 3.863239984959363 3.6651140749454481 4.447072371840477 3.4912495389580727
leaf_count=24 22 20 22 24 23
internal_value=0 -0.00395955 0.00352229 0.0187194 -0.0125704
internal_weight=0 19.6362 15.7729 8.11219 7.66073
internal_count=135 113 93 46 47
is_linear=0
shrinkage=0.1


Tree=60
num_leaves=6
num_cat=0
split_feature=7 6 14 6 7
split_gain=0.274887 0.712843 0.712576 0.619954 1.26662
threshold=379.83333333333582 2.0500000000000003 102.95752895752945 0.55000000000000004 582.66666666665708
decision_type=2 2 2 2 2
left_child=2 3 -1 -2 -5
right_child=1 -3 -4 4 -6
leaf_value=-0.0084724092573691644 -0.028617336333410067 -0.046834184974502542 0.048662943274335159 0.065818420254739926 -0.022113310022710504
leaf_weight=5.6794690042734164 3.5897171348333341 3.6321078538894644 3.54551637545228 3.3702458515763283 3.1874613687396049
leaf_count=34 21 20 20 21 19
internal_value=0 -0.00881714 0.0134869 0.00479046 0.023078
internal_weight=0 13.7795 9.22499 10.1474 6.55771
internal_count=135 81 54 61 40
is_linear=0
shrinkage=0.1


Tree=61
num_leaves=6
num_cat=0
split_feature=8 8 15 7 9
split_gain=0.231419 0.460386 0.760212 0.533816 0.44193
threshold=2.6500000000000017 1.0500000000000003 771.16666666667118 450.00000000000006 93.500000000000014
decision_type=2 2 2 2 2
left_child=1 2 3 4 -1
right_child=-2 -3 -4 -5 -6
leaf_value=-0.045778892572642782 0.022741807059749691 -0.033255326300597091 0.042546267983401734 0.024262682242693907 0.0020002909531870749
leaf_weight=4.1663204133510643 3.7822130173444739 4.2746049016714087 3.8052193820476523 3.3304311260581017 3.6160591579973698
leaf_count=21 21 23 23 25 22
internal_value=0 -0.0043218 0.0039688 -0.00924079 -0.0235784
internal_weight=0 19.1926 14.918 11.1128 7.78238
internal_count=135 114 91 68 43
is_linear=0
shrinkage=0.1


Tree=62
num_leaves=5
num_cat=0
split_feature=7 9 7 14
split_gain=0.282282 0.679507 0.784523 0.594941
threshold=379.83333333333582 36.500000000000007 625.33333333333223 102.95752895752945
decision_type=2 2 2 2
left_child=3 -2 -3 -1
right_child=1 2 -4 -5
leaf_value=-0.0062069114162625217 -0.038066522524122667 0.031604057009011144 -0.03040024454970593 0.046145124071647517
leaf_weight=5.7175002619624156 5.0615879073739043 5.3721486777067167 3.2905313223600388 3.4992941804230213
leaf_count=34 26 34 21 20
internal_value=0 -0.008957 0.00805163 0.0136693
internal_weight=0 13.7243 8.66268 9.21679
internal_count=135 81 55 54
is_linear=0
shrinkage=0.1


Tree=63
num_leaves=5
num_cat=0
split_feature=7 12 7 9
split_gain=0.257972 0.543598 0.830526 0.91182
threshold=348.33333333334127 1.0000000180025095e-35 450.00000000000006 30.500000000000004
decision_type=2 2 2 2
left_child=-1 -2 3 -3
right_child=1 2 -4 -5
leaf_value=0.019558025999635104 -0.036841001553506815 0.023958958658868022 0.034153276937767429 -0.044934016142389996
leaf_weight=5.2652329951524761 4.2467330507934138 3.2727138027548754 5.4786378778517246 4.6518663689494133
leaf_count=32 25 15 36 27
internal_value=0 -0.00566328 0.0042152 -0.0164824
internal_weight=0 17.65 13.4032 7.92458
internal_count=135 103 78 42
is_linear=0
shrinkage=0.1


Tree=64
num_leaves=5
num_cat=0
split_feature=7 9 13 14
split_gain=0.226876 0.5862 0.73565 0.534395
threshold=379.83333333333582 36.500000000000007 1.0000000180025095e-35 102.95752895752945
decision_type=2 2 2 2
left_child=3 -2 -3 -1
right_child=1 2 -4 -5
leaf_value=-0.0065020815671308317 -0.034978757390640026 -0.017084187912837074 0.042067251275514181 0.043331293422693769
leaf_weight=5.6983094811439532 5.075514204800128 4.986522298306225 3.6353244706988335 3.4576347768306732
leaf_count=34 26 35 20 20
internal_value=0 -0.00801598 0.00785649 0.0123169
internal_weight=0 13.6974 8.62185 9.15594
internal_count=135 81 55 54
is_linear=0
shrinkage=0.1


Tree=65
num_leaves=4
num_cat=0
split_feature=9 9 8
split_gain=0.238092 0.297578 0.412706
threshold=30.500000000000004 96.500000000000014 0.65000000000000002
decision_type=2 2 2
left_child=-1 2 -2
right_child=1 -3 -4
leaf_value=0.017875728466391596 -0.032675444474787395 0.014062423567266391 0.0045669815137530647
leaf_weight=5.6796652376651791 6.0949876904487628 5.2614248991012564 5.8137910217046738
leaf_count=30 33 39 33
internal_value=0 -0.00574347 -0.0144939
internal_weight=0 17.1702 11.9088
internal_count=135 105 66
is_linear=0
shrinkage=0.1


Tree=66
num_leaves=5
num_cat=0
split_feature=12 7 7 7
split_gain=0.220804 0.565777 0.805399 1.14255
threshold=1.0000000180025095e-35 450.00000000000006 366.50000000000733 263.00000000000006
decision_type=2 2 2 2
left_child=-1 2 3 -2
right_child=1 -3 -4 -5
leaf_value=-0.018587713000864824 -0.025494126043667183 0.032141033617217034 -0.036912298911665441 0.053480591127822046
leaf_weight=4.9437499381601837 3.5925364717841166 5.4549731798470011 5.1201717779040337 3.7378863543272018
leaf_count=31 21 36 25 22
internal_value=0 0.0052859 -0.00648013 0.0147762
internal_weight=0 17.9056 12.4506 7.33042
internal_count=135 104 68 43
is_linear=0
shrinkage=0.1


Tree=67
num_leaves=5
num_cat=0
split_feature=7 6 15 7
split_gain=0.238549 0.461311 0.842755 1.05231
threshold=348.33333333334127 2.4000000000000008 771.16666666667118 450.00000000000006
decision_type=2 2 2 2
left_child=-1 2 3 -2
right_child=1 -3 -4 -5
leaf_value=0.018845621347065761 -0.044577229177808451 -0.032610693151228658 0.038646036650959552 0.027455910801079592
leaf_weight=5.2412785142660168 4.8889863342046755 4.6148051247000685 4.5884235054254523 3.4656845219433308
leaf_count=32 24 25 28 26
internal_value=0 -0.00546486 0.00421386 -0.0146964
internal_weight=0 17.5579 12.9431 8.35467
internal_count=135 103 78 50
is_linear=0
shrinkage=0.1


Tree=68
num_leaves=5
num_cat=0
split_feature=7 9 7 9
split_gain=0.248289 0.282763 0.852836 0.440112
threshold=609.00000000000011 72.500000000000014 263.00000000000006 30.500000000000004
decision_type=2 2 2 2
left_child=1 3 -3 -1
right_child=-2 2 -4 -5
leaf_value=0.018210817869248632 -0.020140191329218512 -0.020286761641223793 0.050079158543383406 -0.022407686428995585
leaf_weight=4.740481831133371 4.7758677601814261 2.9340689256787291 4.1709712520241737 6.100379467010498
leaf_count=24 31 17 29 34
internal_value=0 0.00551595 0.0210211 -0.00464606
internal_weight=0 17.9459 7.10504 10.8409
internal_count=135 104 46 58
is_linear=0
shrinkage=0.1


Tree=69
num_leaves=5
num_cat=0
split_feature=9 6 13 6
split_gain=0.208315 0.364614 0.695103 0.606898
threshold=30.500000000000004 1.5000000000000002 1.0000000180025095e-35 1.0000000180025095e-35
decision_type=2 2 2 2
left_child=-1 2 3 -2
right_child=1 -3 -4 -5
leaf_value=0.016833870069499501 -0.022947456748722509 0.020652646414080662 -0.048698843053333107 0.028957887766196802
leaf_weight=5.6127025336027172 4.7472904920578021 4.0908002555370322 3.929756447672843 4.2867390997707844
leaf_count=30 29 28 19 29
internal_value=0 -0.00537639 -0.01359 0.00168216
internal_weight=0 17.0546 12.9638 9.03403
internal_count=135 105 77 58
is_linear=0
shrinkage=0.1


Tree=70
num_leaves=5
num_cat=0
split_feature=7 8 6 14
split_gain=0.207733 0.447971 0.811903 0.863638
threshold=348.33333333334127 0.25000000000000006 2.4000000000000008 781.33333333333405
decision_type=2 2 2 2
left_child=-1 -2 3 -3
right_child=1 2 -4 -5
leaf_value=0.017710283282291624 -0.035930200959444811 0.050997614730853215 -0.030914323075581257 -0.010659342175428084
leaf_weight=5.1746193915605572 3.7109542153775719 4.6053885966539365 4.6165902391076079 4.4833971112966537
leaf_count=32 25 28 25 25
internal_value=0 -0.00510902 0.00323632 0.0205829
internal_weight=0 17.4163 13.7054 9.08879
internal_count=135 103 78 53
is_linear=0
shrinkage=0.1


Tree=71
num_leaves=5
num_cat=0
split_feature=9 7 6 8
split_gain=0.186509 0.313137 0.501838 0.690185
threshold=30.500000000000004 263.00000000000006 0.55000000000000004 0.65000000000000002
decision_type=2 2 2 2
left_child=-1 -2 -3 -4
right_child=1 2 3 -5
leaf_value=0.01595812502284967 -0.032179099491962952 0.030195273647871376 -0.04029116340936393 0.014372416143266906
leaf_weight=5.5890327319502857 3.4122404754161861 4.2459675297141066 4.3574219085276109 4.9152264893054962
leaf_count=30 20 27 29 29
internal_value=0 -0.00511 0.00172253 -0.0113152
internal_weight=0 16.9309 13.5186 9.27265
internal_count=135 105 85 58
is_linear=0
shrinkage=0.1


Tree=72
num_leaves=5
num_cat=0
split_feature=7 12 8 6
split_gain=0.205026 0.373384 0.651609 1.26149
threshold=348.33333333334127 1.0000000180025095e-35 0.25000000000000006 0.90000000000000013
decision_type=2 2 2 2
left_child=-1 -2 -3 -4
right_child=1 2 3 -5
leaf_value=0.017601418533260298 -0.030902361405770282 -0.036611199546125898 0.063040637476317107 -0.010959766569865324
leaf_weight=5.1670006699860123 4.2363536804914519 3.1250163577496979 3.6014155745506269 6.3927712887525558
leaf_count=32 25 19 21 38
internal_value=0 -0.00509069 0.00324423 0.0157064
internal_weight=0 17.3556 13.1192 9.99419
internal_count=135 103 78 59
is_linear=0
shrinkage=0.1


Tree=73
num_leaves=6
num_cat=0
split_feature=15 14 8 8 6
split_gain=0.204608 0.370503 0.247539 0.856947 0.18457
threshold=832.3333333333386 346.36363636363666 0.25000000000000006 1.9500000000000008 0.55000000000000004
decision_type=2 2 2 2 2
left_child=1 2 4 -4 -1
right_child=-2 -3 3 -5 -6
leaf_value=-0.024178358578134662 0.022961812293256154 -0.032262612780428739 0.051889811636803784 -0.014449889125514268 0.0072580944595660923
leaf_weight=4.1381028294563347 3.33805177360773 3.7053635977208605 3.5364390015602112 4.3329081833362579 3.4039427377283573
leaf_count=24 22 20 22 24 23
internal_value=0 -0.00387074 0.00295552 0.0153628 -0.00999018
internal_weight=0 19.1168 15.4114 7.86935 7.54205
internal_count=135 113 93 46 47
is_linear=0
shrinkage=0.1


Tree=74
num_leaves=5
num_cat=0
split_feature=8 8 15 9
split_gain=0.199381 0.529536 0.696323 0.212208
threshold=2.6500000000000017 1.0500000000000003 771.16666666667118 96.500000000000014
decision_type=2 2 2 2
left_child=1 2 3 -1
right_child=-2 -3 -4 -5
leaf_value=-0.020540003169419563 0.021294179198580565 -0.035563755065597454 0.042251707440924192 0.007614978310841629
leaf_weight=5.9693135693669372 3.7092556953430167 4.1562791168689719 3.7173290848731986 4.8537297770380974
leaf_count=32 21 23 23 36
internal_value=0 -0.00408619 0.00491149 -0.00791355
internal_weight=0 18.6967 14.5404 10.823
internal_count=135 114 91 68
is_linear=0
shrinkage=0.1


Tree=75
num_leaves=5
num_cat=0
split_feature=7 9 9 7
split_gain=0.213689 0.31054 0.548424 0.528064
threshold=609.00000000000011 57.500000000000007 30.500000000000004 350.33333333333036
decision_type=2 2 2 2
left_child=1 2 -1 -3
right_child=-2 3 -4 -5
leaf_value=0.014179516301956333 -0.01893358281132768 -0.0062569178279786421 -0.03709646391400262 0.041474914861273443
leaf_weight=4.6637160256505066 4.6629995405673972 4.6063783764839155 3.7736770212650299 4.6650671772658825
leaf_count=24 31 29 21 30
internal_value=0 0.00512742 -0.00875399 0.0177601
internal_weight=0 17.7088 8.43739 9.27145
internal_count=135 104 45 59
is_linear=0
shrinkage=0.1


Tree=76
num_leaves=5
num_cat=0
split_feature=7 12 7 9
split_gain=0.205983 0.311457 0.625249 0.666499
threshold=348.33333333334127 1.0000000180025095e-35 450.00000000000006 30.500000000000004
decision_type=2 2 2 2
left_child=-1 -2 3 -3
right_child=1 2 -4 -5
leaf_value=0.017642350056971783 -0.028810355166044084 0.019278764445729724 0.02913982357408143 -0.040389900882834624
leaf_weight=5.1527833640575436 4.2031819261610552 3.2017620205879176 5.2482735589146614 4.507367480546236
leaf_count=32 25 15 36 27
internal_value=0 -0.00515644 0.00251653 -0.0156083
internal_weight=0 17.1606 12.9574 7.70913
internal_count=135 103 78 42
is_linear=0
shrinkage=0.1


Tree=77
num_leaves=5
num_cat=0
split_feature=7 6 8 7
split_gain=0.203445 0.655135 0.730042 0.602606
threshold=609.00000000000011 0.55000000000000004 1.6500000000000006 382.33333333333491
decision_type=2 2 2 2
left_child=1 -1 3 -3
right_child=-2 2 -4 -5
leaf_value=-0.021342869079810936 -0.01847314664762446 0.0091060035910381764 -0.0082739320569953888 0.071580188124079222
leaf_weight=6.1359391845762792 4.6599024459719649 2.8985645584762079 5.2554767690598965 3.3036790527403355
leaf_count=34 31 19 30 21
internal_value=0 0.00502626 0.0191477 0.0423834
internal_weight=0 17.5937 11.4577 6.20224
internal_count=135 104 70 40
is_linear=0
shrinkage=0.1


Tree=78
num_leaves=5
num_cat=0
split_feature=7 9 7 14
split_gain=0.230582 0.561536 0.678163 0.546861
threshold=379.83333333333582 36.500000000000007 625.33333333333223 102.95752895752945
decision_type=2 2 2 2
left_child=3 -2 -3 -1
right_child=1 2 -4 -5
leaf_value=-0.0065133651230533472 -0.03498259380308251 0.029854088634484535 -0.028816427534150799 0.044722954823538691
leaf_weight=5.5977001115679759 4.9347060620784751 5.1836792789399606 3.177951954305172 3.3178875632584095
leaf_count=34 26 34 21 20
internal_value=0 -0.00823174 0.00755556 0.012554
internal_weight=0 13.2963 8.36163 8.91559
internal_count=135 81 55 54
is_linear=0
shrinkage=0.1


Tree=79
num_leaves=6
num_cat=0
split_feature=15 14 7 15 6
split_gain=0.196428 0.345616 0.26505 0.991765 0.0877422
threshold=832.3333333333386 346.36363636363666 399.00000000000369 412.50000000000119 1.0000000180025095e-35
decision_type=2 2 2 2 2
left_child=1 2 3 4 -1
right_child=-2 -3 -4 -5 -6
leaf_value=-0.020874431909228122 0.022613721784024664 -0.031390352599710146 -0.01666909683806116 0.056290062737413118 0.0014338460889106979
leaf_weight=3.4855211079120689 3.3016643635928622 3.6653899885714045 4.786226086318492 3.3801206685602665 3.5678300336003304
leaf_count=19 22 20 33 18 23
internal_value=0 -0.00382393 0.00281494 0.011753 -0.00959013
internal_weight=0 18.8851 15.2197 10.4335 7.05335
internal_count=135 113 93 60 42
is_linear=0
shrinkage=0.1


Tree=80
num_leaves=5
num_cat=0
split_feature=7 6 9 6
split_gain=0.203841 0.383117 0.798848 0.443811
threshold=348.33333333334127 2.4000000000000008 51.500000000000007 0.75000000000000011
decision_type=2 2 2 2
left_child=-1 2 -2 -4
right_child=1 -3 3 -5
leaf_value=0.017584056974913487 0.0367581331113805 -0.02997850736198451 0.005522186968638554 -0.04250982072203912
leaf_weight=5.1288768388330963 4.6441710293293017 4.5542037934064856 4.3704878091812134 3.4361275397241116
leaf_count=32 26 25 32 20
internal_value=0 -0.00516035 0.00391755 -0.0156194
internal_weight=0 17.005 12.4508 7.80662
internal_count=135 103 78 52
is_linear=0
shrinkage=0.1


Tree=81
num_leaves=5
num_cat=0
split_feature=9 8 8 7
split_gain=0.176219 0.483243 0.697801 0.227094
threshold=36.500000000000007 0.15000000000000005 0.84999999999999998 348.33333333334127
decision_type=2 2 2 2
left_child=-1 3 -3 -2
right_child=1 2 -4 -5
leaf_value=-0.013336323036129909 0.0022745460200172072 0.051483658215382005 -0.0049410169816619352 -0.035189825066347359
leaf_weight=6.7655837163329151 3.6008446663618079 4.1004608087241632 4.7085717655718327 2.9381719827651978
leaf_count=36 21 31 28 19
internal_value=0 0.00603582 0.0213237 -0.0145593
internal_weight=0 15.348 8.80903 6.53902
internal_count=135 99 59 40
is_linear=0
shrinkage=0.1


Tree=82
num_leaves=5
num_cat=0
split_feature=8 8 15 9
split_gain=0.182252 0.415137 0.544249 0.170545
threshold=2.6500000000000017 1.0500000000000003 771.16666666667118 96.500000000000014
decision_type=2 2 2 2
left_child=1 2 3 -1
right_child=-2 -3 -4 -5
leaf_value=-0.018538241563575489 0.02049234862346146 -0.031891130538847477 0.03770828448913572 0.0069199859587482015
leaf_weight=5.9241327196359688 3.6589134112000457 4.1237165965139857 3.6070712357759467 4.7342308275401592
leaf_count=32 21 23 23 36
internal_value=0 -0.00394557 0.00413267 -0.00723021
internal_weight=0 18.3892 14.2654 10.6584
internal_count=135 114 91 68
is_linear=0
shrinkage=0.1


Tree=83
num_leaves=5
num_cat=0
split_feature=7 14 9 14
split_gain=0.198016 0.525843 1.23026 0.453449
threshold=379.83333333333582 150.81410825199643 36.500000000000007 102.95752895752945
decision_type=2 2 2 2
left_child=3 -2 -3 -1
right_child=1 2 -4 -5
leaf_value=-0.0055994789598032913 0.017251345930970021 -0.060737524101182085 0.017642213686197231 0.041422211177319
leaf_weight=5.571460388600828 5.1636963821947566 4.2321781963109952 3.8012397140264511 3.2454999983310699
leaf_count=34 35 22 24 20
internal_value=0 -0.0076463 -0.0236499 0.0117091
internal_weight=0 13.1971 8.03342 8.81696
internal_count=135 81 46 54
is_linear=0
shrinkage=0.1


Tree=84
num_leaves=5
num_cat=0
split_feature=9 7 6 8
split_gain=0.192962 0.274083 0.405529 0.683114
threshold=30.500000000000004 263.00000000000006 0.55000000000000004 0.65000000000000002
decision_type=2 2 2 2
left_child=-1 -2 -3 -4
right_child=1 2 3 -5
leaf_value=0.016326614240991431 -0.030590494164771651 0.027414505876029449 -0.040124584020467383 0.015091263983187723
leaf_weight=5.4992871508002308 3.4022444114089039 4.0820605345070353 4.1876808330416662 4.8190057873725891
leaf_count=30 20 27 29 29
internal_value=0 -0.00530427 0.00126854 -0.0105815
internal_weight=0 16.491 13.0887 9.00669
internal_count=135 105 85 58
is_linear=0
shrinkage=0.1


Tree=85
num_leaves=5
num_cat=0
split_feature=7 12 7 9
split_gain=0.2044 0.317978 0.608729 0.683847
threshold=348.33333333334127 1.0000000180025095e-35 450.00000000000006 30.500000000000004
decision_type=2 2 2 2
left_child=-1 -2 3 -3
right_child=1 2 -4 -5
leaf_value=0.017624158125870031 -0.029171708978541551 0.020035980389568924 0.029127169082986293 -0.040964320970569873
leaf_weight=5.1104143783450153 4.1680294945836112 3.1606271415948832 5.1606840901076794 4.3909683525562286
leaf_count=32 25 15 36 27
internal_value=0 -0.00520246 0.00265644 -0.0154334
internal_weight=0 16.8803 12.7123 7.5516
internal_count=135 103 78 42
is_linear=0
shrinkage=0.1


Tree=86
num_leaves=6
num_cat=0
split_feature=7 6 6 7 7
split_gain=0.172464 0.397832 0.601026 1.79924 0.365432
threshold=379.83333333333582 2.0500000000000003 0.55000000000000004 609.00000000000011 263.00000000000006
decision_type=2 2 2 2 2
left_child=4 2 -2 -4 -1
right_child=1 -3 3 -5 -6
leaf_value=-0.012164998989891533 -0.030205183527800855 -0.034975091796890213 0.071908407959958245 -0.037150511601391961 0.028981555668185884
leaf_weight=3.839845575392248 3.3659977316856367 3.693431891500949 3.3342760391533375 2.7690671533346176 4.929259717464447
leaf_count=23 21 20 23 17 31
internal_value=0 -0.0071382 0.00371933 0.0224287 0.0109642
internal_weight=0 13.1628 9.46934 6.10334 8.76911
internal_count=135 81 61 40 54
is_linear=0
shrinkage=0.1


Tree=87
num_leaves=6
num_cat=0
split_feature=15 14 9 6 7
split_gain=0.174291 0.352565 0.235882 0.673735 0.0565216
threshold=832.3333333333386 346.36363636363666 105.50000000000001 0.75000000000000011 379.83333333333582
decision_type=2 2 2 2 2
left_child=1 2 3 -1 -5
right_child=-2 -3 -4 4 -6
leaf_value=0.043209753740253307 0.021507189220425729 -0.031696724728847207 -0.017865615698298434 0.00067708681178047739 -0.017230289512420022
leaf_weight=4.0311772972345405 3.2424139343202105 3.6056258492171755 3.9488575644791117 3.6220881640911102 3.4333054348826408
leaf_count=23 22 20 30 22 18
internal_value=0 -0.00361318 0.0031215 0.0105968 -0.00803703
internal_weight=0 18.6411 15.0354 11.0866 7.05539
internal_count=135 113 93 63 40
is_linear=0
shrinkage=0.1


Tree=88
num_leaves=5
num_cat=0
split_feature=8 8 15 6
split_gain=0.158524 0.441277 0.478579 0.18247
threshold=2.6500000000000017 1.0500000000000003 771.16666666667118 0.55000000000000004
decision_type=2 2 2 2
left_child=1 2 3 -1
right_child=-2 -3 -4 -5
leaf_value=-0.017761939229776345 0.019317931058915563 -0.032624919283984796 0.03641505602410388 0.0086507235160998338
leaf_weight=5.8626083321869427 3.5888484492897978 4.0852372348308554 3.5580741949379435 4.7225131317973137
leaf_count=36 21 23 23 32
internal_value=0 -0.00367509 0.00468701 -0.00597803
internal_weight=0 18.2284 14.1432 10.5851
internal_count=135 114 91 68
is_linear=0
shrinkage=0.1


Tree=89
num_leaves=5
num_cat=0
split_feature=7 6 9 7
split_gain=0.175204 0.29502 0.690749 0.513032
threshold=348.33333333334127 2.4000000000000008 51.500000000000007 399.00000000000369
decision_type=2 2 2 2
left_child=-1 2 -2 -4
right_child=1 -3 3 -5
leaf_value=0.016404146763312182 0.034164810595346574 -0.026686853803778596 0.017776510226384837 -0.035452198036870025
leaf_weight=5.0605754889547852 4.5377818495035189 4.5103688538074485 2.93468152359128 4.7278531305491924
leaf_count=32 26 25 18 34
internal_value=0 -0.004834 0.00324484 -0.0150661
internal_weight=0 16.7107 12.2003 7.66253
internal_count=135 103 78 52
is_linear=0
shrinkage=0.1


Tree=90
num_leaves=6
num_cat=0
split_feature=14 9 9 7 7
split_gain=0.166116 0.459624 0.402305 0.146784 0.496023
threshold=228.64923747276717 36.500000000000007 51.500000000000007 348.33333333334127 450.00000000000006
decision_type=2 2 2 2 2
left_child=2 -2 -1 -4 -5
right_child=1 -3 3 4 -6
leaf_value=0.03194879146667285 -0.037032981671454204 0.011522343326623878 0.010257098714666922 -0.043324589928339964 0.015646439595801698
leaf_weight=4.330602832138541 3.7167822644114485 4.1001264825463295 3.8717119693756086 2.9656618312001228 2.7480061575770378
leaf_count=23 20 27 24 18 23
internal_value=0 -0.0115647 0.00665282 -0.00477571 -0.0149623
internal_weight=0 7.81691 13.916 9.58538 5.71367
internal_count=135 47 88 65 41
is_linear=0
shrinkage=0.1


Tree=91
num_leaves=5
num_cat=0
split_feature=9 7 7 9
split_gain=0.144098 0.410475 0.436133 0.508366
threshold=36.500000000000007 625.33333333333223 263.00000000000006 72.500000000000014
decision_type=2 2 2 2
left_child=-1 2 -2 -4
right_child=1 -3 3 -5
leaf_value=-0.012156067885885403 -0.018050529686639255 -0.027081448099800311 0.0029149398895481813 0.051104310645359807
leaf_weight=6.6522191911935833 3.1457139104604712 3.0713700205087653 4.705837354063986 4.0933620110154152
leaf_count=36 19 21 28 31
internal_value=0 0.00552379 0.0139075 0.0253325
internal_weight=0 15.0163 11.9449 8.7992
internal_count=135 99 78 59
is_linear=0
shrinkage=0.1


Tree=92
num_leaves=5
num_cat=0
split_feature=9 6 13 6
split_gain=0.161085 0.283862 0.796851 0.576031
threshold=30.500000000000004 1.5000000000000002 1.0000000180025095e-35 1.0000000180025095e-35
decision_type=2 2 2 2
left_child=-1 2 3 -2
right_child=1 -3 -4 -5
leaf_value=0.015079446186170874 -0.019904840408496893 0.018876112737661252 -0.050744690168456778 0.031782122160177555
leaf_weight=5.3889804258942631 4.5754692591726798 3.8425037898123255 3.7483653500676146 4.0778406485915184
leaf_count=30 29 28 19 29
internal_value=0 -0.00487249 -0.0122307 0.00445245
internal_weight=0 16.2442 12.4017 8.65331
internal_count=135 105 77 58
is_linear=0
shrinkage=0.1


Tree=93
num_leaves=6
num_cat=0
split_feature=15 14 8 9 9
split_gain=0.157873 0.291087 0.217359 0.836364 0.129454
threshold=832.3333333333386 346.36363636363666 1.9500000000000008 81.500000000000014 108.50000000000001
decision_type=2 2 2 2 2
left_child=1 2 3 -1 -5
right_child=-2 -3 -4 4 -6
leaf_value=0.051747820947072171 0.020669234511361767 -0.02905691048500408 -0.016720796442676204 -0.021208988448761526 0.0054350802633844697
leaf_weight=3.3394629806280189 3.1793503761291495 3.578901056200265 4.1401133090257636 3.8673674836754799 3.450544111430645
leaf_count=20 22 20 24 22 27
internal_value=0 -0.00346514 0.00272445 0.0102784 -0.00864577
internal_weight=0 18.3764 14.7975 10.6574 7.31791
internal_count=135 113 93 69 49
is_linear=0
shrinkage=0.1


Tree=94
num_leaves=5
num_cat=0
split_feature=9 6 8 6
split_gain=0.145194 0.48465 0.679043 0.378588
threshold=105.50000000000001 1.0000000180025095e-35 0.55000000000000016 2.4000000000000008
decision_type=2 2 2 2
left_child=1 -1 -3 -4
right_child=-2 2 3 -5
leaf_value=0.036017624211861492 -0.017427431478234209 -0.038004167722248142 0.03055576561441713 -0.0089920738694583124
leaf_weight=3.7184156179428163 3.8780981115996829 4.2388155236840239 4.6516625955700857 5.0467922165989876
leaf_count=21 30 26 29 29
internal_value=0 0.0039415 -0.0046163 0.00997623
internal_weight=0 17.6557 13.9373 9.69845
internal_count=135 105 84 58
is_linear=0
shrinkage=0.1


Tree=95
num_leaves=5
num_cat=0
split_feature=8 8 15 9
split_gain=0.142774 0.410962 0.488781 0.184591
threshold=2.6500000000000017 1.0500000000000003 771.16666666667118 96.500000000000014
decision_type=2 2 2 2
left_child=1 2 3 -1
right_child=-2 -3 -4 -5
leaf_value=-0.018194736557965479 0.018417435669189318 -0.031643555541285472 0.036916870522412354 0.0085767141878142581
leaf_weight=5.7735678181052261 3.550519421696662 4.0318635292351237 3.5047031231224528 4.6497296802699566
leaf_count=32 21 23 23 36
internal_value=0 -0.00352837 0.00461039 -0.00625226
internal_weight=0 17.9599 13.928 10.4233
internal_count=135 114 91 68
is_linear=0
shrinkage=0.1


Tree=96
num_leaves=5
num_cat=0
split_feature=7 14 7 14
split_gain=0.144209 0.407889 0.407667 0.35987
threshold=379.83333333333582 102.95752895752945 450.00000000000006 228.64923747276717
decision_type=2 2 2 2
left_child=1 -1 -2 -4
right_child=2 -3 3 -5
leaf_value=-0.0063002794267240161 -0.024124661493669222 0.038988952322894073 0.034378237956587974 -0.013334924849213201
leaf_weight=5.4876650497317332 6.5383454710245115 3.1188173294067383 3.2928756140172482 3.0402809381484985
leaf_count=34 35 20 27 19
internal_value=0 0.0101116 -0.00660949 0.0114732
internal_weight=0 8.60648 12.8715 6.33316
internal_count=135 54 81 46
is_linear=0
shrinkage=0.1


Tree=97
num_leaves=5
num_cat=0
split_feature=9 6 8 8
split_gain=0.144408 0.428656 0.56472 0.351949
threshold=105.50000000000001 1.0000000180025095e-35 0.55000000000000016 1.6500000000000006
decision_type=2 2 2 2
left_child=1 -1 -3 -4
right_child=-2 2 3 -5
leaf_value=0.034273587509957792 -0.017358845995467068 -0.034369583449105831 0.031198110422569654 -0.0074030933446464983
leaf_weight=3.6834629923105302 3.8849312961101523 4.2684228271245948 4.170551732182501 5.4467577748000622
leaf_count=21 30 26 25 33
internal_value=0 0.00394623 -0.0040987 0.00933634
internal_weight=0 17.5692 13.8857 9.61731
internal_count=135 105 84 58
is_linear=0
shrinkage=0.1


Tree=98
num_leaves=6
num_cat=0
split_feature=6 7 8 7 14
split_gain=0.145394 0.593948 0.700442 0.173548 0.0321133
threshold=0.55000000000000004 609.00000000000011 1.6500000000000006 382.33333333333036 157.42200328407236
decision_type=2 2 2 2 2
left_child=3 2 4 -1 -2
right_child=1 -3 -4 -5 -6
leaf_value=0.0033920214744521506 0.048551475322632029 -0.029296805400321802 -0.010127313529907691 -0.028494505260985882 0.033795117688319352
leaf_weight=3.5487248748540905 2.7412861548364145 3.6358211934566489 5.0245592184364796 3.2887299358844757 3.192080944776535
leaf_count=21 19 23 30 21 21
internal_value=0 0.00572622 0.0173468 -0.011945 0.0406127
internal_weight=0 14.5937 10.9579 6.83745 5.93337
internal_count=135 93 70 42 40
is_linear=0
shrinkage=0.1


Tree=99
num_leaves=5
num_cat=0
split_feature=15 14 7 9
split_gain=0.157192 0.256009 0.225332 0.611791
threshold=832.3333333333386 346.36363636363666 399.00000000000369 84.500000000000014
decision_type=2 2 2 2
left_child=1 2 3 -1
right_child=-2 -3 -4 -5
leaf_value=0.031505396742004796 0.020733024059233322 -0.027521317830961456 -0.016080200527727618 -0.018369409468391894
leaf_weight=5.8925958536565357 3.146222334355115 3.56156251579523 4.5634570904076091 4.2214005663990974
leaf_count=35 22 20 33 25
internal_value=0 -0.00347038 0.00236571 0.0106885
internal_weight=0 18.239 14.6775 10.114
internal_count=135 113 93 60
is_linear=0
shrinkage=0.1


end of trees

feature_importances:
s_view_position=104
taskNum=99
response_time=72
scroll_time=70
s_scroll_speed=29
scroll_length=29
predicted_isAnswerCorrect=11
s_choice_left=5
event_scroll=5

parameters:
[boosting: gbdt]
[objective: binary]
[metric: binary_error]
[tree_learner: serial]
[device_type: cpu]
[data_sample_strategy: bagging]
[data: ]
[valid: ]
[num_iterations: 100]
[learning_rate: 0.1]
[num_leaves: 31]
[num_threads: 0]
[seed: 0]
[deterministic: 0]
[force_col_wise: 0]
[force_row_wise: 0]
[histogram_pool_size: -1]
[max_depth: -1]
[min_data_in_leaf: 20]
[min_sum_hessian_in_leaf: 0.001]
[bagging_fraction: 1]
[pos_bagging_fraction: 1]
[neg_bagging_fraction: 1]
[bagging_freq: 0]
[bagging_seed: 3]
[feature_fraction: 0.9]
[feature_fraction_bynode: 1]
[feature_fraction_seed: 2]
[extra_trees: 0]
[extra_seed: 6]
[early_stopping_round: 0]
[first_metric_only: 0]
[max_delta_step: 0]
[lambda_l1: 0]
[lambda_l2: 0]
[linear_lambda: 0]
[min_gain_to_split: 0]
[drop_rate: 0.1]
[max_drop: 50]
[skip_drop: 0.5]
[xgboost_dart_mode: 0]
[uniform_drop: 0]
[drop_seed: 4]
[top_rate: 0.2]
[other_rate: 0.1]
[min_data_per_group: 100]
[max_cat_threshold: 32]
[cat_l2: 10]
[cat_smooth: 10]
[max_cat_to_onehot: 4]
[top_k: 20]
[monotone_constraints: ]
[monotone_constraints_method: basic]
[monotone_penalty: 0]
[feature_contri: ]
[forcedsplits_filename: ]
[refit_decay_rate: 0.9]
[cegb_tradeoff: 1]
[cegb_penalty_split: 0]
[cegb_penalty_feature_lazy: ]
[cegb_penalty_feature_coupled: ]
[path_smooth: 0]
[interaction_constraints: ]
[verbosity: -1]
[saved_feature_importance_type: 0]
[use_quantized_grad: 0]
[num_grad_quant_bins: 4]
[quant_train_renew_leaf: 0]
[stochastic_rounding: 1]
[linear_tree: 0]
[max_bin: 255]
[max_bin_by_feature: ]
[min_data_in_bin: 3]
[bin_construct_sample_cnt: 200000]
[data_random_seed: 1]
[is_enable_sparse: 1]
[enable_bundle: 1]
[use_missing: 1]
[zero_as_missing: 0]
[feature_pre_filter: 0]
[pre_partition: 0]
[two_round: 0]
[header: 0]
[label_column: ]
[weight_column: ]
[group_column: ]
[ignore_column: ]
[categorical_feature: ]
[forcedbins_filename: ]
[precise_float_parser: 0]
[parser_config_file: ]
[objective_seed: 5]
[num_class: 1]
[is_unbalance: 0]
[scale_pos_weight: 1]
[sigmoid: 1]
[boost_from_average: 1]
[reg_sqrt: 0]
[alpha: 0.9]
[fair_c: 1]
[poisson_max_delta_step: 0.7]
[tweedie_variance_power: 1.5]
[lambdarank_truncation_level: 30]
[lambdarank_norm: 1]
[label_gain: ]
[lambdarank_position_bias_regularization: 0]
[eval_at: ]
[multi_error_top_k: 1]
[auc_mu_weights: ]
[num_machines: 1]
[local_listen_port: 12400]
[time_out: 120]
[machine_list_filename: ]
[machines: ]
[gpu_platform_id: -1]
[gpu_device_id: -1]
[gpu_use_dp: 0]
[num_gpu: 1]

end of parameters

pandas_categorical:[]
