tree
version=v4
num_class=1
num_tree_per_iteration=1
label_index=0
max_feature_idx=14
objective=binary sigmoid:1
feature_names=response_time s_tap_count ratio_tap_position_y scroll_length event_scroll s_scroll_speed tap_position_x taskNum tap_position_y screen_width s_view_position scroll_time ratio_tap_position_x s_choice_left screen_height
feature_infos=[0:10.399999999999981] [1:1] none [0:14300.666666666672] [0:6] [-3503.3333333333576:6900.0000000000018] none [1:134] none [390:390] [-343.99999999999989:1145.6666666666642] [-0.5:18.799999999999962] none [0:1] [844:844]
tree_sizes=640 645 650 645 644 648 747 646 645 652 649 648 647 653 751 657 656 655 760 650 650 656 635 654 753 656 652 650 655 656 754 652 650 750 650 651 755 653 754 755 650 755 649 653 548 553 758 654 657 652 652 654 655 653 652 656 554 662 652 647 550 755 661 755 656 553 662 654 653 649 651 650 550 652 653 753 652 654 649 657 653 754 758 547 655 657 550 657 759 653 648 661 656 755 650 654 656 660 651 651

Tree=0
num_leaves=5
num_cat=0
split_feature=3 10 11 10
split_gain=4.11882 3.21025 2.14016 1.3347
threshold=832.3333333333386 348.50000000000489 2.0500000000000003 450.00000000000006
decision_type=2 2 2 2
left_child=1 -1 3 -3
right_child=-2 2 -4 -5
leaf_value=0.55807652489446069 0.60058599360567644 0.47192679372306101 0.42892871042895775 0.53580966033144295
leaf_weight=7.4849634170532289 5.1459123492240897 6.7832480967044848 5.6137225627899161 6.3154378831386566
leaf_count=32 22 29 24 27
internal_value=0.518794 0.502727 0.480588 0.502727
internal_weight=0 26.1974 18.7124 13.0987
internal_count=134 112 80 56
is_linear=0
shrinkage=1


Tree=1
num_leaves=5
num_cat=0
split_feature=3 10 0 0
split_gain=3.40149 2.5907 1.74838 2.19677
threshold=832.3333333333386 348.50000000000489 1.9500000000000008 0.25000000000000006
decision_type=2 2 2 2
left_child=1 -1 3 -3
right_child=-2 2 -4 -5
leaf_value=0.035741649178068012 0.075363973680331708 -0.063280814860138743 -0.086343341382814312 0.016837380901311424
leaf_weight=7.4080638885498109 5.032393902540206 5.8405388146638897 4.7746337205171576 8.2657626271247846
leaf_count=32 22 25 20 35
internal_value=0 -0.0143749 -0.0340385 -0.0163346
internal_weight=0 26.289 18.8809 14.1063
internal_count=134 112 80 60
is_linear=0
shrinkage=0.1


Tree=2
num_leaves=5
num_cat=0
split_feature=3 3 7 11
split_gain=2.81254 1.32469 2.17667 2.32396
threshold=832.3333333333386 730.3333333333286 105.50000000000001 0.55000000000000004
decision_type=2 2 2 2
left_child=1 2 3 -1
right_child=-2 -3 -4 -5
leaf_value=0.077402868769335928 0.069511432313736951 -0.054416399948978858 -0.047108479153715639 -0.0086597674490767381
leaf_weight=4.8957403302192786 4.9166708290576926 5.9449101686477652 6.7735454440116873 8.7370937764644605
leaf_count=21 22 25 29 37
internal_value=0 -0.0128764 -0.000774673 0.0222465
internal_weight=0 26.3513 20.4064 13.6328
internal_count=134 112 87 58
is_linear=0
shrinkage=0.1


Tree=3
num_leaves=5
num_cat=0
split_feature=3 3 0 0
split_gain=2.32682 1.05784 1.79353 2.83555
threshold=832.3333333333386 730.3333333333286 0.15000000000000005 1.0500000000000003
decision_type=2 2 2 2
left_child=1 2 -1 -4
right_child=-2 -3 3 -5
leaf_value=-0.03293674972278509 0.064143734217135082 -0.048399523251054032 0.081079081114553683 -0.020465842757914257
leaf_weight=9.3389441519975751 4.8014712929725638 6.0117371380329123 5.1237493455409986 5.9355281740427017
leaf_count=40 22 25 22 25
internal_value=0 -0.0115338 -0.000668743 0.0265798
internal_weight=0 26.41 20.3982 11.0593
internal_count=134 112 87 47
is_linear=0
shrinkage=0.1


Tree=4
num_leaves=5
num_cat=0
split_feature=7 7 0 0
split_gain=1.9862 2.27482 5.38612 1.45532
threshold=30.500000000000004 72.500000000000014 0.15000000000000005 1.3500000000000003
decision_type=2 2 2 2
left_child=-1 3 -3 -2
right_child=1 2 -4 -5
leaf_value=0.047169394057577189 -0.089552467645401632 -0.033876345000505695 0.093925142802167683 -0.01262219802649843
leaf_weight=6.968423172831538 4.8384274989366549 9.1884943097829801 5.1436478048562995 5.000339463353157
leaf_count=30 21 39 23 21
internal_value=0 -0.0134278 0.0119902 -0.0504543
internal_weight=0 24.1709 14.3321 9.83877
internal_count=134 104 62 42
is_linear=0
shrinkage=0.1


Tree=5
num_leaves=5
num_cat=0
split_feature=3 7 7 0
split_gain=1.73548 1.03566 2.27413 2.79508
threshold=832.3333333333386 30.500000000000004 63.500000000000007 0.15000000000000005
decision_type=2 2 2 2
left_child=1 -1 -3 -4
right_child=-2 2 3 -5
leaf_value=0.030238351107861567 0.056691629862029913 -0.067480199810241101 -0.030241243365554272 0.061112879975165874
leaf_weight=5.2121956497430864 4.6242842674255362 6.7445433437824276 9.2596583217382413 5.2469765692949286
leaf_count=22 22 28 39 23
internal_value=0 -0.00970703 -0.0195043 0.00280108
internal_weight=0 26.4634 21.2512 14.5066
internal_count=134 112 90 62
is_linear=0
shrinkage=0.1


Tree=6
num_leaves=6
num_cat=0
split_feature=10 7 0 5 10
split_gain=1.575 2.87543 2.91623 2.80566 1.49505
threshold=637.83333333333042 72.500000000000014 2.6500000000000017 279.75243147657073 350.33333333333036
decision_type=2 2 2 2 2
left_child=1 2 3 -1 -3
right_child=-2 4 -4 -5 -6
leaf_value=-0.10459937359891816 -0.052029200095190922 0.011789645569303741 0.045119337874077799 -2.3353478101354776e-05 0.086019639538042814
leaf_weight=4.765494450926786 4.8691998273134223 5.3741365522146207 4.9408218562602988 5.5572096258401871 5.480050653219223
leaf_count=20 22 23 21 24 24
internal_value=0 0.00991971 -0.0180608 -0.0483011 0.0492668
internal_weight=0 26.1177 15.2635 10.3227 10.8542
internal_count=134 112 65 44 47
is_linear=0
shrinkage=0.1


Tree=7
num_leaves=5
num_cat=0
split_feature=7 7 7 0
split_gain=1.58871 2.00094 2.48014 1.2526
threshold=105.50000000000001 72.500000000000014 30.500000000000004 1.3500000000000003
decision_type=2 2 2 2
left_child=1 2 -1 -4
right_child=-2 -3 3 -5
leaf_value=0.039906699572023502 -0.042404414397355004 0.05608727196385517 -0.073892431392602889 -0.0032564523622811386
leaf_weight=6.8136037588119605 6.8205096870660773 7.2749864906072608 4.9762698709964734 5.0665595233440399
leaf_count=30 29 33 21 21
internal_value=0 0.0122552 -0.0066621 -0.0382569
internal_weight=0 24.1314 16.8564 10.0428
internal_count=134 105 72 42
is_linear=0
shrinkage=0.1


Tree=8
num_leaves=5
num_cat=0
split_feature=10 3 0 0
split_gain=1.41546 2.23376 1.24417 1.89761
threshold=348.50000000000489 832.3333333333386 1.9500000000000008 0.25000000000000006
decision_type=2 2 2 2
left_child=-1 2 3 -2
right_child=1 -3 -4 -5
leaf_value=0.038295705201340527 -0.054907025080912601 0.051640102456921778 -0.070366868061016483 0.019440175696486085
leaf_weight=7.41775615513325 5.9160602390766206 4.485922396183013 4.8759905844926825 8.1795220673084241
leaf_count=32 25 22 20 35
internal_value=0 -0.0118204 -0.0268259 -0.0117641
internal_weight=0 23.4575 18.9716 14.0956
internal_count=134 102 80 60
is_linear=0
shrinkage=0.1


Tree=9
num_leaves=5
num_cat=0
split_feature=10 10 11 0
split_gain=1.25202 2.0745 2.20455 1.32294
threshold=637.83333333333042 481.83333333332854 0.55000000000000004 1.0500000000000003
decision_type=2 2 2 2
left_child=1 2 -1 -4
right_child=-2 -3 3 -5
leaf_value=-0.049504392410058703 -0.046067617756177723 0.069581595531600024 0.052264072765681235 -0.0092775053107455006
leaf_weight=7.1380279660225012 4.9104225784540168 4.6402090787887564 6.4068155586719495 7.6804773062467575
leaf_count=31 22 21 28 32
internal_value=0 0.00901199 -0.00422953 0.0187112
internal_weight=0 25.8655 21.2253 14.0873
internal_count=134 112 91 60
is_linear=0
shrinkage=0.1


Tree=10
num_leaves=5
num_cat=0
split_feature=10 0 11 5
split_gain=1.21395 1.78751 2.9153 1.81076
threshold=348.50000000000489 0.15000000000000005 2.4000000000000008 781.33333333333405
decision_type=2 2 2 2
left_child=-1 -2 3 -3
right_child=1 2 -4 -5
leaf_value=0.035654015174339672 -0.066831847997762511 0.059327681070846273 -0.057390522155784884 -0.016169782746478081
leaf_weight=7.3594808578491238 4.5938411653041866 7.7908697277307528 5.640675261616706 5.3641897737979889
leaf_count=32 19 34 24 25
internal_value=0 -0.0109134 0.00275356 0.0285424
internal_weight=0 23.3896 18.7957 13.1551
internal_count=134 102 83 59
is_linear=0
shrinkage=0.1


Tree=11
num_leaves=5
num_cat=0
split_feature=7 7 7 0
split_gain=1.19584 1.69281 2.15778 1.28028
threshold=105.50000000000001 72.500000000000014 30.500000000000004 1.3500000000000003
decision_type=2 2 2 2
left_child=1 2 -1 -4
right_child=-2 -3 3 -5
leaf_value=0.037437808055739305 -0.03657231300604994 0.05176554933073603 -0.07173515794569886 -0.00031165522533003825
leaf_weight=6.6963279247284033 6.8546509295701972 7.0929482430219641 4.9957496225833875 5.0433213859796524
leaf_count=30 29 33 21 21
internal_value=0 0.0108242 -0.00652789 -0.0358542
internal_weight=0 23.8283 16.7354 10.0391
internal_count=134 105 72 42
is_linear=0
shrinkage=0.1


Tree=12
num_leaves=5
num_cat=0
split_feature=10 11 7 5
split_gain=1.02447 1.79632 4.47507 0.939258
threshold=609.00000000000011 0.55000000000000004 75.500000000000014 193.60504920838693
decision_type=2 2 2 2
left_child=1 -1 3 -3
right_child=-2 2 -4 -5
leaf_value=-0.029262145983489481 -0.034023479664669544 0.02532239183513383 0.11192826434997141 -0.03227895076336549
leaf_weight=7.8199577778577867 6.7901601195335379 5.4446381032466871 4.6425270289182654 5.8968721181154251
leaf_count=34 31 23 21 25
internal_value=0 0.0100121 0.0292264 -0.00462668
internal_weight=0 23.804 15.984 11.3415
internal_count=134 103 69 48
is_linear=0
shrinkage=0.1


Tree=13
num_leaves=5
num_cat=0
split_feature=7 4 11 7
split_gain=1.07286 1.4403 1.44401 0.0156597
threshold=105.50000000000001 1.0000000180025095e-35 1.5000000000000002 39.500000000000007
decision_type=2 2 2 2
left_child=1 -1 -3 -4
right_child=-2 2 3 -5
leaf_value=0.044052864590730788 -0.034578971906957648 -0.045027045533948179 0.021631258378936053 0.013393397011168817
leaf_weight=8.2551792412996345 6.8578002303838721 6.2000031024217597 4.4417167752981168 4.8026318401098251
leaf_count=38 29 27 20 20
internal_value=0 0.0103335 -0.00768982 0.0173515
internal_weight=0 23.6995 15.4444 9.24435
internal_count=134 105 67 40
is_linear=0
shrinkage=0.1


Tree=14
num_leaves=6
num_cat=0
split_feature=3 10 0 0 10
split_gain=1.12212 1.4415 1.09029 2.00678 0.48989
threshold=832.3333333333386 348.50000000000489 1.9500000000000008 0.15000000000000005 399.00000000000369
decision_type=2 2 2 2 2
left_child=1 -1 3 -3 -5
right_child=-2 2 -4 4 -6
leaf_value=0.030585827826537126 0.047361174132681622 -0.062168006636212539 -0.062568862788663956 -0.0047533732944232254 0.040697032288354813
leaf_weight=7.18609187006951 4.3364088535308829 4.5848838388919857 4.9109033644199362 4.6546537280082685 4.8347714096307755
leaf_count=32 22 19 20 20 21
internal_value=0 -0.00756075 -0.0219996 -0.00784391 0.0184032
internal_weight=0 26.1713 18.9852 14.0743 9.48943
internal_count=134 112 80 60 41
is_linear=0
shrinkage=0.1


Tree=15
num_leaves=5
num_cat=0
split_feature=7 11 7 11
split_gain=1.01621 0.849155 2.04031 0.776227
threshold=30.500000000000004 1.0000000180025095e-35 90.500000000000014 1.5000000000000002
decision_type=2 2 2 2
left_child=-1 -2 3 -3
right_child=1 2 -4 -5
leaf_value=0.034919720902953214 -0.036353961882681932 -0.047947413010535782 0.057688951154928038 0.0051583835856145333
leaf_weight=6.6112757772207287 7.8366600126028088 5.2197321355342847 4.8819716721773139 5.8226102888584137
leaf_count=30 34 23 22 25
internal_value=0 -0.00940598 0.00385564 -0.0199448
internal_weight=0 23.761 15.9243 11.0423
internal_count=134 104 70 48
is_linear=0
shrinkage=0.1


Tree=16
num_leaves=5
num_cat=0
split_feature=7 4 11 4
split_gain=0.913928 1.21297 1.14541 0.00322114
threshold=105.50000000000001 1.0000000180025095e-35 1.5000000000000002 1.5000000000000002
decision_type=2 2 2 2
left_child=1 -1 -3 -4
right_child=-2 2 3 -5
leaf_value=0.040878701605739004 -0.031927845009927278 -0.039889173683688765 0.013791183330189706 0.017548046585280887
leaf_weight=8.1170619577169472 6.841114029288291 6.2491897493600836 4.5467154979705793 4.5823303759098053
leaf_count=38 29 27 20 20
internal_value=0 0.00960428 -0.00690323 0.0156769
internal_weight=0 23.4953 15.3782 9.12905
internal_count=134 105 67 40
is_linear=0
shrinkage=0.1


Tree=17
num_leaves=5
num_cat=0
split_feature=10 10 10 5
split_gain=0.885901 1.26385 1.13764 0.476976
threshold=609.00000000000011 399.33333333333036 348.50000000000489 279.75243147657073
decision_type=2 2 2 2
left_child=1 2 -1 -4
right_child=-2 -3 3 -5
leaf_value=0.028209207208081795 -0.031693320730238263 0.052406866580449608 -0.041324302894307857 0.00037414142871771897
leaf_weight=7.0926613360643485 6.754480004310607 5.2939467430114737 6.2517700344324094 4.8879756182432175
leaf_count=32 31 23 26 22
internal_value=0 0.00939356 -0.00309575 -0.0230276
internal_weight=0 23.5264 18.2324 11.1397
internal_count=134 103 80 48
is_linear=0
shrinkage=0.1


Tree=18
num_leaves=6
num_cat=0
split_feature=0 0 0 4 10
split_gain=0.855407 1.95953 1.82315 1.73264 0.490525
threshold=2.6500000000000017 1.0500000000000003 0.15000000000000005 1.0000000180025095e-35 292.16666666665702
decision_type=2 2 2 2 2
left_child=1 2 4 -4 -1
right_child=-2 -3 3 -5 -6
leaf_value=-0.0011893652586804906 0.039180153882311664 -0.06005522419041065 0.081331575759233013 0.00029876276377838965 -0.047211714231207215
leaf_weight=4.4734331965446561 4.7500950098037711 5.4746791869401923 4.6663410514593107 6.0724862217903137 4.8018872290849686
leaf_count=20 21 23 23 27 20
internal_value=0 -0.00704128 0.00746018 0.0355099 -0.0250154
internal_weight=0 25.4888 20.0141 10.7388 9.27532
internal_count=134 113 90 50 40
is_linear=0
shrinkage=0.1


Tree=19
num_leaves=5
num_cat=0
split_feature=7 7 7 0
split_gain=0.803379 1.00353 1.34302 0.956602
threshold=105.50000000000001 72.500000000000014 30.500000000000004 1.3500000000000003
decision_type=2 2 2 2
left_child=1 2 -1 -4
right_child=-2 -3 3 -5
leaf_value=0.031310760156681494 -0.029992716668953503 0.04173605623637977 -0.057570610013662017 0.0039747689044971318
leaf_weight=6.5069804638624289 6.8078823536634436 6.6964660286903372 5.0747154504060727 5.0273472666740417
leaf_count=30 29 33 21 21
internal_value=0 0.00905583 -0.00412025 -0.0269422
internal_weight=0 23.3055 16.609 10.1021
internal_count=134 105 72 42
is_linear=0
shrinkage=0.1


Tree=20
num_leaves=5
num_cat=0
split_feature=10 11 7 7
split_gain=0.788424 1.30414 3.49356 0.625181
threshold=609.00000000000011 0.55000000000000004 75.500000000000014 45.500000000000007
decision_type=2 2 2 2
left_child=1 -1 3 -3
right_child=-2 2 -4 -5
leaf_value=-0.024482609869356776 -0.029949620441965974 0.01787320597627309 0.10213767104401952 -0.029581586420875158
leaf_weight=7.7785177975893083 6.7209174484014502 6.0838491469621641 4.3147361278533927 5.10623499751091
leaf_count=34 31 27 21 21
internal_value=0 0.00893111 0.0256942 -0.00378126
internal_weight=0 23.2833 15.5048 11.1901
internal_count=134 103 69 48
is_linear=0
shrinkage=0.1


Tree=21
num_leaves=5
num_cat=0
split_feature=0 4 5 11
split_gain=0.809882 1.41225 1.09939 0.942173
threshold=0.15000000000000005 1.0000000180025095e-35 150.81410825199643 1.5000000000000002
decision_type=2 2 2 2
left_child=-1 -2 -3 -4
right_child=1 2 3 -5
leaf_value=-0.024479562988024371 0.055163643394004924 0.034938827061187207 -0.054749743479366897 0.0054219249539848918
leaf_weight=9.1880019754171389 5.4002460613846806 4.8706893324851981 4.8671613782644254 5.5920107662677765
leaf_count=40 27 21 21 25
internal_value=0 0.0111875 -0.00430403 -0.0225789
internal_weight=0 20.7301 15.3299 10.4592
internal_count=134 94 67 46
is_linear=0
shrinkage=0.1


Tree=22
num_leaves=5
num_cat=0
split_feature=5 11 10 11
split_gain=0.763248 2.15254 1.1302 2.01228
threshold=279.75243147657073 1.25 348.50000000000489 0.75000000000000011
decision_type=2 2 2 2
left_child=2 -2 -1 -4
right_child=1 -3 3 -5
leaf_value=0.02345174404654898 -0.021901339624528962 0.077196036000775958 0.010961322403818578 -0.064154153517146303
leaf_weight=6.7997310161590638 4.6336946338415128 4.1595968082547188 7.2305570989847165 7.0376322418451309
leaf_count=31 20 21 32 30
internal_value=0 0.0249759 -0.0100993 -0.0260886
internal_weight=0 8.79329 21.0679 14.2682
internal_count=134 41 93 62
is_linear=0
shrinkage=0.1


Tree=23
num_leaves=5
num_cat=0
split_feature=7 11 5 10
split_gain=0.783291 1.12951 1.07888 0.667489
threshold=105.50000000000001 0.40000000000000013 279.75243147657073 379.83333333333582
decision_type=2 2 2 2
left_child=1 -1 3 -3
right_child=-2 2 -4 -5
leaf_value=0.048736643012751497 -0.029728938982219063 0.00080320436818609193 0.0237346727914187 -0.052089754325710072
leaf_weight=5.4606582820415559 6.7472623437643042 4.7003464847803134 8.0048094168305379 4.8453730493783951
leaf_count=25 29 21 38 21
internal_value=0 0.00901765 -0.00334049 -0.0260451
internal_weight=0 23.0112 17.5505 9.54572
internal_count=134 105 80 42
is_linear=0
shrinkage=0.1


Tree=24
num_leaves=6
num_cat=0
split_feature=0 0 0 11 10
split_gain=0.778524 1.48544 1.45845 1.41627 1.35291
threshold=2.6500000000000017 1.0500000000000003 0.25000000000000006 0.55000000000000004 399.33333333333036
decision_type=2 2 2 2 2
left_child=1 2 3 -1 -4
right_child=-2 -3 4 -5 -6
leaf_value=-0.053503645367597566 0.037627942741480666 -0.052845541014596598 0.0003233563433682703 0.020114678422055318 0.078042006940224326
leaf_weight=5.613686516880998 4.6863724291324607 5.4702704399824134 4.9403189048171026 4.8891060352325439 4.0976396352052689
leaf_count=24 21 23 24 22 20
internal_value=0 -0.00678516 0.00610906 -0.0192339 0.0355595
internal_weight=0 25.011 19.5408 10.5028 9.03796
internal_count=134 113 90 46 44
is_linear=0
shrinkage=0.1


Tree=25
num_leaves=5
num_cat=0
split_feature=10 10 10 3
split_gain=0.798127 0.998816 0.831555 0.260343
threshold=609.00000000000011 399.33333333333036 348.50000000000489 699.33333333333223
decision_type=2 2 2 2
left_child=1 2 -1 -4
right_child=-2 -3 3 -5
leaf_value=0.025017611612850217 -0.03041336821696939 0.047761045112449593 -0.03535806048355284 -0.0044678143662198145
leaf_weight=6.8896117806434729 6.6035791635513297 5.1629657149314871 5.2626272439956647 5.6657092422246933
leaf_count=32 31 23 22 26
internal_value=0 0.00903187 -0.00219038 -0.0193433
internal_weight=0 22.9809 17.8179 10.9283
internal_count=134 103 80 48
is_linear=0
shrinkage=0.1


Tree=26
num_leaves=5
num_cat=0
split_feature=7 10 7 10
split_gain=0.656951 0.927565 2.5522 2.09207
threshold=30.500000000000004 625.33333333333223 63.500000000000007 382.66666666665884
decision_type=2 2 2 2
left_child=-1 2 -2 -4
right_child=1 -3 3 -5
leaf_value=0.028592143191974756 -0.046197091144099797 -0.04626362196817322 -0.00089219168368609371 0.087696237548922251
leaf_weight=6.3926284164190319 6.725730746984488 4.8976469337940207 7.3290696665644628 4.1896366402506828
leaf_count=30 28 22 34 20
internal_value=0 -0.00762315 0.00274973 0.0313296
internal_weight=0 23.1421 18.2444 11.5187
internal_count=134 104 82 54
is_linear=0
shrinkage=0.1


Tree=27
num_leaves=5
num_cat=0
split_feature=7 11 11 5
split_gain=0.664533 0.933499 1.20234 1.7742
threshold=105.50000000000001 0.40000000000000013 1.0500000000000003 279.75243147657073
decision_type=2 2 2 2
left_child=1 -1 -3 -4
right_child=-2 2 3 -5
leaf_value=0.044780467218380061 -0.027514031821939389 -0.043303540831326141 -0.015625272014720405 0.062964470139288728
leaf_weight=5.3751394003629747 6.6789817661046973 5.1733930557966259 7.5616219192743284 4.6323351785540581
leaf_count=25 29 23 33 24
internal_value=0 0.00836299 -0.00290811 0.01423
internal_weight=0 22.7425 17.3674 12.194
internal_count=134 105 80 57
is_linear=0
shrinkage=0.1


Tree=28
num_leaves=5
num_cat=0
split_feature=7 10 10 7
split_gain=0.538162 0.703301 0.890367 1.04055
threshold=105.50000000000001 348.50000000000489 623.50000000000011 36.500000000000007
decision_type=2 2 2 2
left_child=1 -1 3 -3
right_child=-2 2 -4 -5
leaf_value=0.045612842586578113 -0.024662839183356485 -0.045986047667319167 0.039470266568513601 0.0091619397197478681
leaf_weight=4.0045715719461503 6.7045616060495368 5.6389340162277248 4.2752674371004096 8.7002201527357084
leaf_count=20 29 25 21 39
internal_value=0 0.00759558 -0.000583174 -0.0125252
internal_weight=0 22.619 18.6144 14.3392
internal_count=134 105 85 64
is_linear=0
shrinkage=0.1


Tree=29
num_leaves=5
num_cat=0
split_feature=7 10 11 7
split_gain=0.615407 0.814057 1.65146 3.2289
threshold=30.500000000000004 609.00000000000011 1.0000000180025095e-35 72.500000000000014
decision_type=2 2 2 2
left_child=-1 2 -2 -4
right_child=1 -3 3 -5
leaf_value=0.027818702526146627 -0.038757996137809364 -0.041127577474795445 -0.015053349462070847 0.095474397562510777
leaf_weight=6.3289149552583721 6.1190053224563661 5.4554949253797522 7.1707819998264295 4.1860276609659195
leaf_count=30 27 25 30 22
internal_value=0 -0.00740549 0.00312167 0.0256863
internal_weight=0 22.9313 17.4758 11.3568
internal_count=134 104 79 52
is_linear=0
shrinkage=0.1


Tree=30
num_leaves=6
num_cat=0
split_feature=0 0 0 10 11
split_gain=0.659656 1.05258 1.23902 1.26926 0.930218
threshold=2.6500000000000017 1.0500000000000003 0.25000000000000006 399.33333333333036 0.55000000000000004
decision_type=2 2 2 2 2
left_child=1 2 4 -4 -1
right_child=-2 -3 3 -5 -6
leaf_value=-0.046394660465494814 0.035015136524021211 -0.044942563592520024 -0.0021313616805083238 0.074253840374626165 0.013990284683150356
leaf_weight=5.5729039460420697 4.5918815433979026 5.4716470241546622 4.8122810348868352 3.9699679166078568 4.7048126608133316
leaf_count=24 21 23 24 20 22
internal_value=0 -0.0062822 0.00481624 0.0323982 -0.0187523
internal_weight=0 24.5316 19.06 8.78225 10.2777
internal_count=134 113 90 44 46
is_linear=0
shrinkage=0.1


Tree=31
num_leaves=5
num_cat=0
split_feature=10 11 3 5
split_gain=0.577575 0.93416 2.16118 0.46483
threshold=609.00000000000011 0.55000000000000004 196.00000000000003 279.75243147657073
decision_type=2 2 2 2
left_child=1 -1 -3 -4
right_child=-2 2 3 -5
leaf_value=-0.020419329953376024 -0.026013614561556771 0.089255770713388694 -0.017441810218197427 0.023727009395080371
leaf_weight=7.7038183957338395 6.5058955997228614 3.654210999608039 6.2484229505062086 4.8880307376384735
leaf_count=34 31 18 27 24
internal_value=0 0.00781735 0.0225246 0.000628076
internal_weight=0 22.4945 14.7907 11.1365
internal_count=134 103 69 51
is_linear=0
shrinkage=0.1


Tree=32
num_leaves=5
num_cat=0
split_feature=7 10 7 10
split_gain=0.4753 0.643544 1.31226 1.69054
threshold=30.500000000000004 609.00000000000011 57.500000000000007 350.33333333333036
decision_type=2 2 2 2
left_child=-1 2 -2 -4
right_child=1 -3 3 -5
leaf_value=0.024700817402438083 -0.040011146242983901 -0.036428150071539274 -0.017249235479654245 0.057196151621820068
leaf_weight=6.2278099954128292 5.0272208005189958 5.4531848132610312 5.9844672158360463 6.2215457633137703
leaf_count=30 21 25 28 30
internal_value=0 -0.00648729 0.00298703 0.0206964
internal_weight=0 22.6864 17.2332 12.206
internal_count=134 104 79 58
is_linear=0
shrinkage=0.1


Tree=33
num_leaves=6
num_cat=0
split_feature=0 5 3 10 10
split_gain=0.63374 1.09268 0.664354 0.440816 0.40378
threshold=0.15000000000000005 193.60504920838693 798.33333333333223 292.16666666665702 382.33333333333491
decision_type=2 2 2 2 2
left_child=3 4 -3 -1 -2
right_child=1 2 -4 -5 -6
leaf_value=0.0008302536355960802 0.014488584046482112 -0.035887122331455842 0.014525701583007606 -0.043726370184781864 0.055815802187697688
leaf_weight=4.335433706641199 4.8195878416299838 5.5420310944318754 4.9479077383875847 4.5514401495456696 4.640361487865448
leaf_count=20 22 24 26 20 22
internal_value=0 0.0101163 -0.0121083 -0.0219896 0.0347607
internal_weight=0 19.9499 10.4899 8.88687 9.45995
internal_count=134 94 50 40 44
is_linear=0
shrinkage=0.1


Tree=34
num_leaves=5
num_cat=0
split_feature=10 11 3 10
split_gain=0.484535 1.03182 1.70147 1.5001
threshold=348.50000000000489 2.4000000000000008 771.16666666667118 450.00000000000006
decision_type=2 2 2 2
left_child=-1 2 3 -2
right_child=1 -3 -4 -5
leaf_value=0.023792525479167857 -0.053785299310121638 -0.044586275433098899 0.050940027846624839 0.019718777938942483
leaf_weight=6.6878513693809536 5.5561695843935066 5.4733109176158896 5.5042624771594992 5.5498126149177551
leaf_count=32 24 24 28 26
internal_value=0 -0.00693059 0.0054775 -0.0170543
internal_weight=0 22.0836 16.6102 11.106
internal_count=134 102 78 50
is_linear=0
shrinkage=0.1


Tree=35
num_leaves=5
num_cat=0
split_feature=7 11 11 5
split_gain=0.491627 0.91116 1.20225 1.29226
threshold=105.50000000000001 0.40000000000000013 1.0500000000000003 279.75243147657073
decision_type=2 2 2 2
left_child=1 -1 -3 -4
right_child=-2 2 3 -5
leaf_value=0.043369622982669422 -0.024010885316257807 -0.044969533846611127 -0.01201508182882785 0.056434524163151256
leaf_weight=5.3201272934675279 6.4865436851978293 5.0441027730703381 7.4457250535488111 4.3808492124080658
leaf_count=25 29 23 33 24
internal_value=0 0.0072855 -0.00409354 0.0133403
internal_weight=0 22.1908 16.8707 11.8266
internal_count=134 105 80 57
is_linear=0
shrinkage=0.1


Tree=36
num_leaves=6
num_cat=0
split_feature=0 7 7 0 11
split_gain=0.616453 0.960105 1.3178 1.45817 0.796282
threshold=2.6500000000000017 30.500000000000004 63.500000000000007 0.25000000000000006 0.55000000000000004
decision_type=2 2 2 2 2
left_child=1 -1 -3 4 -4
right_child=-2 2 3 -5 -6
leaf_value=0.042122791675377858 0.034093614455306738 -0.054467751193902361 -0.046353910819686456 0.047160543438646257 0.010484090379443867
leaf_weight=3.5166260600090089 4.5192556828260413 5.8700023293495205 5.3596120327711088 4.7498320937156668 4.5636124014854431
leaf_count=17 21 25 23 26 22
internal_value=0 -0.00615905 -0.0144241 0.00159551 -0.0202146
internal_weight=0 24.0597 20.5431 14.6731 9.92322
internal_count=134 113 96 71 45
is_linear=0
shrinkage=0.1


Tree=37
num_leaves=5
num_cat=0
split_feature=10 11 3 11
split_gain=0.508973 0.834797 1.36877 0.438789
threshold=609.00000000000011 0.55000000000000004 302.83333333333582 2.0500000000000003
decision_type=2 2 2 2
left_child=1 -1 -3 -4
right_child=-2 2 3 -5
leaf_value=-0.019341807139532603 -0.024648435667863025 0.071380520216876284 0.028033517303196288 -0.013997703008660774
leaf_weight=7.6278644502162996 6.3891793116927138 3.9893170446157447 4.0880081430077535 6.3292872160673141
leaf_count=34 31 20 21 28
internal_value=0 0.00740787 0.021571 0.0024964
internal_weight=0 22.0345 14.4066 10.4173
internal_count=134 103 69 49
is_linear=0
shrinkage=0.1


Tree=38
num_leaves=6
num_cat=0
split_feature=0 0 0 5 10
split_gain=0.525838 0.693072 0.856844 1.10288 0.44992
threshold=2.6500000000000017 1.0500000000000003 0.25000000000000006 781.33333333333405 348.50000000000489
decision_type=2 2 2 2 2
left_child=1 2 4 -4 -1
right_child=-2 -3 3 -5 -6
leaf_value=0.0072893459070135329 0.031637092375638227 -0.037153462932016434 0.067298001017945683 -0.0054367900718048029 -0.035321936550261154
leaf_weight=4.4875923842191785 4.480067402124404 5.4159357249736777 3.7638565227389318 4.6729218810796738 5.533147782087326
leaf_count=21 21 23 20 24 25
internal_value=0 -0.00569906 0.00353051 0.027012 -0.0162393
internal_weight=0 23.8735 18.4575 8.43678 10.0207
internal_count=134 113 90 44 46
is_linear=0
shrinkage=0.1


Tree=39
num_leaves=6
num_cat=0
split_feature=0 7 10 7 7
split_gain=0.42902 0.795985 1.17553 2.33513 0.0396668
threshold=2.6500000000000017 30.500000000000004 450.00000000000006 63.500000000000007 93.500000000000014
decision_type=2 2 2 2 2
left_child=1 -1 3 -3 -5
right_child=-2 2 -4 4 -6
leaf_value=0.039219046453693139 0.028718828998727425 -0.089068654973633421 0.018655676997906625 -0.0073562082861434279 0.006562716219667095
leaf_weight=3.4586484655737939 4.4437652528285971 4.5061868876218822 7.5369027554988852 3.6895629167556745 4.6003559604287148
leaf_count=17 21 19 36 19 22
internal_value=0 -0.00513035 -0.0126742 -0.0311275 0.000367873
internal_weight=0 23.7917 20.333 12.7961 8.28992
internal_count=134 113 96 60 41
is_linear=0
shrinkage=0.1


Tree=40
num_leaves=5
num_cat=0
split_feature=10 5 7 10
split_gain=0.477992 1.71348 1.06041 1.80046
threshold=379.83333333333582 102.95752895752945 36.500000000000007 625.33333333333223
decision_type=2 2 2 2
left_child=1 -1 -2 -4
right_child=2 -3 3 -5
leaf_value=-0.014604748204553642 -0.047657728860113234 0.065911068559220562 0.038045584606121521 -0.042462114356534214
leaf_weight=6.9047782272100466 5.2676028013229397 4.2824100703001022 7.0699015706777555 4.5757135152816772
leaf_count=33 26 20 34 21
internal_value=0 0.0162164 -0.0104272 0.00641306
internal_weight=0 11.1872 16.9132 11.6456
internal_count=134 53 81 55
is_linear=0
shrinkage=0.1


Tree=41
num_leaves=6
num_cat=0
split_feature=0 5 0 10 10
split_gain=0.420986 0.926113 0.615079 0.331074 0.303912
threshold=0.15000000000000005 193.60504920838693 1.0500000000000003 382.33333333333491 292.16666666665702
decision_type=2 2 2 2 2
left_child=4 3 -3 -2 -1
right_child=1 2 -4 -5 -6
leaf_value=0.0010204763936410694 0.012797690542054303 0.0088540218192464607 -0.04075354281856134 0.050882529486919494 -0.036248624021989972
leaf_weight=4.2838814109563845 4.6347061991691607 5.871369540691374 4.3520106822252274 4.4975647181272507 4.4722337424755096
leaf_count=20 22 31 19 22 20
internal_value=0 0.00841028 -0.0122635 0.0315541 -0.0180149
internal_weight=0 19.3557 10.2234 9.13227 8.75612
internal_count=134 94 50 44 40
is_linear=0
shrinkage=0.1


Tree=42
num_leaves=5
num_cat=0
split_feature=10 5 10 10
split_gain=0.385081 1.39078 0.97958 1.00205
threshold=379.83333333333582 102.95752895752945 450.00000000000006 625.33333333333223
decision_type=2 2 2 2
left_child=1 -1 -2 -4
right_child=2 -3 3 -5
leaf_value=-0.013008779953246841 -0.035951397984666428 0.059765160102013763 0.04990913024650271 -0.016371317141885954
leaf_weight=6.924859359860422 7.6085638627409962 4.2303154841065407 4.0361889600753766 5.2451763972640038
leaf_count=33 35 20 21 25
internal_value=0 0.0145889 -0.00935269 0.0124521
internal_weight=0 11.1552 16.8899 9.28137
internal_count=134 53 81 46
is_linear=0
shrinkage=0.1


Tree=43
num_leaves=5
num_cat=0
split_feature=10 11 3 10
split_gain=0.362449 0.877807 1.47195 1.29377
threshold=348.50000000000489 2.4000000000000008 771.16666666667118 450.00000000000006
decision_type=2 2 2 2
left_child=-1 2 3 -2
right_child=1 -3 -4 -5
leaf_value=0.020871829365355785 -0.049696927509718179 -0.041128220658044598 0.048638968223363097 0.019507787851353438
leaf_weight=6.4940317198634174 5.4866030812263542 5.3644439578056327 5.3182215169072142 5.3214405477046967
leaf_count=32 24 24 28 26
internal_value=0 -0.00608705 0.00556949 -0.0156233
internal_weight=0 21.4907 16.1263 10.808
internal_count=134 102 78 50
is_linear=0
shrinkage=0.1


Tree=44
num_leaves=4
num_cat=0
split_feature=0 5 7
split_gain=0.388955 1.54561 0.415808
threshold=0.55000000000000016 279.75243147657073 96.500000000000014
decision_type=2 2 2
left_child=2 -2 -1
right_child=1 -3 -4
leaf_value=-0.028672115305881419 -0.01469166346380322 0.055085694889400544 0.0051683498631233289
leaf_weight=7.0117974206805247 8.1486881673336011 5.2003741636872283 7.5305194780230522
leaf_count=35 37 25 37
internal_value=0 0.0124914 -0.0111483
internal_weight=0 13.3491 14.5423
internal_count=134 62 72
is_linear=0
shrinkage=0.1


Tree=45
num_leaves=4
num_cat=0
split_feature=10 11 5
split_gain=0.403718 0.670742 1.16991
threshold=609.00000000000011 0.55000000000000004 150.81410825199643
decision_type=2 2 2
left_child=1 -1 -3
right_child=-2 2 -4
leaf_value=-0.017250405381203919 -0.022111827593922606 0.052964211732344335 -0.0054539376445552866
leaf_weight=7.6018927693367067 6.3004203289747229 6.0118526294827443 7.9765747264027596
leaf_count=34 31 30 39
internal_value=0 0.00665917 0.0196526
internal_weight=0 21.5903 13.9884
internal_count=134 103 69
is_linear=0
shrinkage=0.1


Tree=46
num_leaves=6
num_cat=0
split_feature=0 5 0 10 10
split_gain=0.366651 0.762277 0.495973 0.351431 0.250211
threshold=0.15000000000000005 193.60504920838693 1.0500000000000003 382.33333333333491 292.16666666665702
decision_type=2 2 2 2 2
left_child=4 3 -3 -2 -1
right_child=1 2 -4 -5 -6
leaf_value=0.00036768284470996911 0.0096343788455398611 0.0080438926575339721 -0.036695274892248768 0.049068774929590171 -0.03360966411288515
leaf_weight=4.2622592151165026 4.6071956902742404 5.8351573348045331 4.3067391514778137 4.4356675893068314 4.4096214920282364
leaf_count=20 22 31 19 22 20
internal_value=0 0.00786774 -0.0109545 0.0289776 -0.0169097
internal_weight=0 19.1848 10.1419 9.04286 8.67188
internal_count=134 94 50 44 40
is_linear=0
shrinkage=0.1


Tree=47
num_leaves=5
num_cat=0
split_feature=7 11 0 5
split_gain=0.40633 0.951891 1.34425 1.35091
threshold=105.50000000000001 1.0000000180025095e-35 0.55000000000000016 279.75243147657073
decision_type=2 2 2 2
left_child=1 -1 -3 -4
right_child=-2 2 3 -5
leaf_value=0.047774552565259053 -0.022389421632080447 -0.048954189723957618 -0.014727424372417065 0.052404001305364684
leaf_weight=4.4613344296813073 6.2121791765093795 4.8037965670228031 7.1500171571969968 5.1615530252456665
leaf_count=21 29 26 33 25
internal_value=0 0.00663479 -0.0040888 0.013417
internal_weight=0 21.5767 17.1154 12.3116
internal_count=134 105 84 58
is_linear=0
shrinkage=0.1


Tree=48
num_leaves=5
num_cat=0
split_feature=0 10 7 7
split_gain=0.367998 0.642749 0.671689 0.0556768
threshold=2.6500000000000017 481.83333333332854 63.500000000000007 96.500000000000014
decision_type=2 2 2 2
left_child=1 2 -1 -4
right_child=-2 -3 3 -5
leaf_value=-0.039439677234645129 0.026899267136574246 0.019058065209324158 -0.0060037136623983592 0.0099011304833164556
leaf_weight=6.9953484684228959 4.3394310325384131 7.6160854995250693 4.3364033922553045 4.4695133939385414
leaf_count=31 21 38 22 22
internal_value=0 -0.00480531 -0.0163073 0.00206892
internal_weight=0 23.4174 15.8013 8.80592
internal_count=134 113 75 44
is_linear=0
shrinkage=0.1


Tree=49
num_leaves=5
num_cat=0
split_feature=10 11 3 11
split_gain=0.383672 0.66042 1.0413 0.361867
threshold=609.00000000000011 0.55000000000000004 302.83333333333582 2.0500000000000003
decision_type=2 2 2 2
left_child=1 -1 -3 -4
right_child=-2 2 3 -5
leaf_value=-0.017306529081346646 -0.021685240087080601 0.064140661039214369 0.026305390806840252 -0.012459287083112036
leaf_weight=7.5586580336093965 6.2401622682809821 3.787941262125968 3.9503434598445875 6.1682352274656296
leaf_count=34 31 20 21 28
internal_value=0 0.00648541 0.0194171 0.00267464
internal_weight=0 21.4652 13.9065 10.1186
internal_count=134 103 69 49
is_linear=0
shrinkage=0.1


Tree=50
num_leaves=5
num_cat=0
split_feature=0 5 5 10
split_gain=0.338363 0.848757 0.669584 0.360096
threshold=0.25000000000000006 150.81410825199643 380.29365079364965 348.50000000000489
decision_type=2 2 2 2
left_child=3 -2 -3 -1
right_child=1 2 -4 -5
leaf_value=0.0062385645724700803 0.039688100533436778 -0.033103662018178097 0.01431634976036656 -0.032336979465227074
leaf_weight=4.4307633638381976 5.8178986459970501 5.3724238276481611 6.680330716073513 5.3319386169314384
leaf_count=21 29 24 35 25
internal_value=0 0.00832048 -0.00682076 -0.0148296
internal_weight=0 17.8707 12.0528 9.7627
internal_count=134 88 59 46
is_linear=0
shrinkage=0.1


Tree=51
num_leaves=5
num_cat=0
split_feature=7 11 0 11
split_gain=0.351737 0.854818 1.24221 0.937161
threshold=105.50000000000001 0.40000000000000013 0.65000000000000002 2.4000000000000008
decision_type=2 2 2 2
left_child=1 -1 -3 -4
right_child=-2 2 3 -5
leaf_value=0.041479919213925437 -0.020948749486833125 -0.0454972299716477 0.046572145380125364 -0.012081104231610778
leaf_weight=5.1973621919751229 6.1487591117620459 5.1849175915122059 4.8807927295565587 6.1651089116930962
leaf_count=25 29 28 23 29
internal_value=0 0.00618412 -0.00511815 0.0138357
internal_weight=0 21.4282 16.2308 11.0459
internal_count=134 105 80 52
is_linear=0
shrinkage=0.1


Tree=52
num_leaves=5
num_cat=0
split_feature=0 10 7 11
split_gain=0.323408 0.648183 0.60246 0.430476
threshold=2.6500000000000017 481.83333333332854 63.500000000000007 1.0000000180025095e-35
decision_type=2 2 2 2
left_child=1 2 -1 -4
right_child=-2 -3 3 -5
leaf_value=-0.037994777226663091 0.025372652934294505 0.019574233737841677 -0.019215108547571979 0.025314898294119471
leaf_weight=6.977258697152144 4.287662908434867 7.5447001531720153 4.6847608089447004 4.045684814453125
leaf_count=31 21 38 21 23
internal_value=0 -0.00451651 -0.0160877 0.00142008
internal_weight=0 23.2524 15.7077 8.73045
internal_count=134 113 75 44
is_linear=0
shrinkage=0.1


Tree=53
num_leaves=5
num_cat=0
split_feature=10 7 10 0
split_gain=0.341727 0.643861 0.916238 0.791528
threshold=609.00000000000011 72.500000000000014 268.83333333332854 1.2500000000000002
decision_type=2 2 2 2
left_child=1 3 -3 -1
right_child=-2 2 -4 -5
leaf_value=-0.036911208366035501 -0.02055446838160177 -0.012621143248997397 0.054047956667490772 0.013538914615597825
leaf_weight=5.4573912024498039 6.1875078976154319 3.4422508925199491 5.1386655047535896 7.2296352237462997
leaf_count=24 31 17 28 34
internal_value=0 0.00614689 0.0273035 -0.00816247
internal_weight=0 21.2679 8.58092 12.687
internal_count=134 103 45 58
is_linear=0
shrinkage=0.1


Tree=54
num_leaves=5
num_cat=0
split_feature=7 10 7 10
split_gain=0.336869 0.513502 1.22496 1.09262
threshold=105.50000000000001 623.50000000000011 72.500000000000014 379.83333333333582
decision_type=2 2 2 2
left_child=1 2 3 -1
right_child=-2 -3 -4 -5
leaf_value=0.018435452542475649 -0.020561718114143295 0.038594269341876181 0.045833425730204505 -0.040174102850995076
leaf_weight=5.3662635013461202 6.1148477941751471 3.9526797458529463 4.1786620095372191 7.8101056218147278
leaf_count=25 29 21 24 35
internal_value=0 0.00606535 -0.00134325 -0.0163045
internal_weight=0 21.3077 17.355 13.1764
internal_count=134 105 84 60
is_linear=0
shrinkage=0.1


Tree=55
num_leaves=5
num_cat=0
split_feature=0 7 0 10
split_gain=0.335025 0.623041 1.23074 0.226808
threshold=0.15000000000000005 36.500000000000007 0.84999999999999998 292.16666666665702
decision_type=2 2 2 2
left_child=3 -2 -3 -1
right_child=1 2 -4 -5
leaf_value=0.00015947411301777515 -0.015914200113116225 0.056963221860673978 -0.0079600931599729703 -0.032541623661431936
leaf_weight=4.1961847245693225 7.0643893256783512 5.3686478734016401 6.4015573412179947 4.2886876314878464
leaf_count=20 35 31 28 20
internal_value=0 0.00756238 0.0216528 -0.0163693
internal_weight=0 18.8346 11.7702 8.48487
internal_count=134 94 59 40
is_linear=0
shrinkage=0.1


Tree=56
num_leaves=4
num_cat=0
split_feature=10 11 0
split_gain=0.366839 0.656559 0.686766
threshold=609.00000000000011 0.55000000000000004 1.6500000000000006
decision_type=2 2 2
left_child=1 -1 -3
right_child=-2 2 -4
leaf_value=-0.017597008827095192 -0.021449224557084978 0.040246378469275534 -0.0046238773000411432
leaf_weight=7.4157402366399827 6.1099858954548827 7.3209210224449617 6.3870182484388351
leaf_count=34 31 39 30
internal_value=0 0.00637261 0.0193397
internal_weight=0 21.1237 13.7079
internal_count=134 103 69
is_linear=0
shrinkage=0.1


Tree=57
num_leaves=5
num_cat=0
split_feature=7 11 4 11
split_gain=0.35893 0.656718 1.11223 0.722533
threshold=30.500000000000004 1.5000000000000002 1.0000000180025095e-35 1.0000000180025095e-35
decision_type=2 2 2 2
left_child=-1 2 3 -2
right_child=1 -3 -4 -5
leaf_value=0.021889897195212654 -0.022894149554428641 0.023537468692742727 -0.058949445580228382 0.027950080503507627
leaf_weight=5.9261600747704533 6.1393713131546992 5.5760915428400031 4.4171309769153586 5.1307090073823929
leaf_count=30 29 28 19 28
internal_value=0 -0.00593945 -0.0164172 0.000252708
internal_weight=0 21.2633 15.6872 11.2701
internal_count=134 104 76 57
is_linear=0
shrinkage=0.1


Tree=58
num_leaves=5
num_cat=0
split_feature=7 11 11 7
split_gain=0.292449 0.532702 0.943361 0.529109
threshold=30.500000000000004 1.5000000000000002 0.75000000000000011 105.50000000000001
decision_type=2 2 2 2
left_child=-1 2 3 -2
right_child=1 -3 -4 -5
leaf_value=0.019848445537769148 0.025597525358669604 0.021246514381186 -0.052156307144231834 -0.018577722266012682
leaf_weight=5.8844059109687832 4.9345395416021365 5.5604688785970202 4.7193668149411669 6.0180893465876579
leaf_count=30 24 28 23 29
internal_value=0 -0.00534533 -0.0147802 0.00132476
internal_weight=0 21.2325 15.672 10.9526
internal_count=134 104 76 53
is_linear=0
shrinkage=0.1


Tree=59
num_leaves=5
num_cat=0
split_feature=10 11 3 10
split_gain=0.275107 0.69986 1.23744 1.16885
threshold=348.50000000000489 2.4000000000000008 771.16666666667118 450.00000000000006
decision_type=2 2 2 2
left_child=-1 2 3 -2
right_child=1 -3 -4 -5
leaf_value=0.01853868667148062 -0.046792700422898507 -0.036737578606282129 0.045651255396466972 0.0202109025935726
leaf_weight=6.239497862756255 5.3911841958761233 5.3098726570606223 5.105982892215251 5.0351294726133347
leaf_count=32 24 24 28 26
internal_value=0 -0.00539679 0.00531737 -0.014435
internal_weight=0 20.8422 15.5323 10.4263
internal_count=134 102 78 50
is_linear=0
shrinkage=0.1


Tree=60
num_leaves=4
num_cat=0
split_feature=10 11 5
split_gain=0.30913 0.495521 0.733492
threshold=609.00000000000011 0.55000000000000004 150.81410825199643
decision_type=2 2 2
left_child=1 -1 -3
right_child=-2 2 -4
leaf_value=-0.014894090693085402 -0.019702755965259593 0.04447642672104013 -0.0026988180159012881
leaf_weight=7.403434179723269 6.0928980335593215 5.7212875932455045 7.7744519934058189
leaf_count=34 31 30 39
internal_value=0 0.0058956 0.0173003
internal_weight=0 20.8992 13.4957
internal_count=134 103 69
is_linear=0
shrinkage=0.1


Tree=61
num_leaves=6
num_cat=0
split_feature=5 0 5 0 10
split_gain=0.279072 1.57012 0.782847 0.791671 0.300982
threshold=279.75243147657073 0.65000000000000002 150.81410825199643 0.25000000000000006 348.50000000000489
decision_type=2 2 2 2 2
left_child=2 -2 3 4 -1
right_child=1 -3 -4 -5 -6
leaf_value=0.0057915631389468415 -0.027789419915576402 0.061661583359715735 -0.045833488024055798 0.033638411787670575 -0.029998490917046018
leaf_weight=4.3193640708923393 4.0100242793560019 3.8426898643374443 3.9860026687383643 5.6424057632684699 5.1528621688485146
leaf_count=21 22 19 18 29 25
internal_value=0 0.015983 -0.00641094 0.0039855 -0.0136781
internal_weight=0 7.85271 19.1006 15.1146 9.47223
internal_count=134 41 93 75 46
is_linear=0
shrinkage=0.1


Tree=62
num_leaves=5
num_cat=0
split_feature=7 11 4 11
split_gain=0.27975 0.462897 0.925726 0.57068
threshold=30.500000000000004 1.5000000000000002 1.0000000180025095e-35 1.0000000180025095e-35
decision_type=2 2 2 2
left_child=-1 2 3 -2
right_child=1 -3 -4 -5
leaf_value=0.019530962885678169 -0.019250510582263611 0.019697386976913395 -0.052690346750805223 0.026238034470489825
leaf_weight=5.8157317787408855 6.0936841890215891 5.4986308775842181 4.4348395615816107 5.0382481180131435
leaf_count=30 29 28 19 28
internal_value=0 -0.00524449 -0.0140547 0.00133734
internal_weight=0 21.0654 15.5668 11.1319
internal_count=134 104 76 57
is_linear=0
shrinkage=0.1


Tree=63
num_leaves=6
num_cat=0
split_feature=5 11 7 3 11
split_gain=0.254033 0.719426 1.12529 0.86358 0.651211
threshold=279.75243147657073 0.75000000000000011 105.50000000000001 412.50000000000119 1.0500000000000003
decision_type=2 2 2 2 2
left_child=1 2 -1 -3 -2
right_child=4 3 -4 -5 -6
leaf_value=0.048578507554523483 -0.013639179552165781 -0.061836569755889997 -0.017410169820022258 0.0019830021012750081 0.044228005330420719
leaf_weight=4.5866324529051834 3.8839381188154212 3.9642219394445402 5.9191582128405571 4.5583430379629135 3.8949567303061485
leaf_count=23 17 20 29 21 24
internal_value=0 -0.00611385 0.0113993 -0.0277023 0.0153354
internal_weight=0 19.0284 10.5058 8.52256 7.77889
internal_count=134 93 52 41 41
is_linear=0
shrinkage=0.1


Tree=64
num_leaves=5
num_cat=0
split_feature=0 0 3 0
split_gain=0.228624 0.581439 0.648755 0.118467
threshold=2.6500000000000017 1.0500000000000003 771.16666666667118 0.15000000000000005
decision_type=2 2 2 2
left_child=1 2 3 -1
right_child=-2 -3 -4 -5
leaf_value=-0.013019928743564575 0.021615316938359053 -0.033119723106400954 0.040225861622379136 0.0064353946543855099
leaf_weight=8.2801066040992826 4.1738346740603438 5.2199979722499839 4.0078567601740351 5.0318129584193221
leaf_count=40 21 23 23 27
internal_value=0 -0.00386384 0.00495357 -0.00566595
internal_weight=0 22.5398 17.3198 13.3119
internal_count=134 113 90 67
is_linear=0
shrinkage=0.1


Tree=65
num_leaves=4
num_cat=0
split_feature=10 11 0
split_gain=0.259265 0.413628 0.716001
threshold=609.00000000000011 0.55000000000000004 1.6500000000000006
decision_type=2 2 2
left_child=1 -1 -3
right_child=-2 2 -4
leaf_value=-0.013640777728437812 -0.018220753649795283 0.037762814176852649 -0.0086887620349299973
leaf_weight=7.3406728133559289 5.9826894253492346 7.0575940720736963 6.2629218921065331
leaf_count=34 31 39 30
internal_value=0 0.0054191 0.0159226
internal_weight=0 20.6612 13.3205
internal_count=134 103 69
is_linear=0
shrinkage=0.1


Tree=66
num_leaves=5
num_cat=0
split_feature=7 11 4 11
split_gain=0.208312 0.390424 0.884652 0.473183
threshold=30.500000000000004 1.5000000000000002 1.0000000180025095e-35 1.0000000180025095e-35
decision_type=2 2 2 2
left_child=-1 2 3 -2
right_child=1 -3 -4 -5
leaf_value=0.016990185614854967 -0.016219761175060961 0.018588491671331999 -0.050321411338966449 0.025430023116787784
leaf_weight=5.7329170703887966 6.0497837662696856 5.4100248329341403 4.4378696233034125 4.9675156362354755
leaf_count=30 29 28 19 28
internal_value=0 -0.00453184 -0.012625 0.00255943
internal_weight=0 20.8652 15.4552 11.0173
internal_count=134 104 76 57
is_linear=0
shrinkage=0.1


Tree=67
num_leaves=5
num_cat=0
split_feature=10 11 7 10
split_gain=0.250361 0.676836 0.832398 0.39831
threshold=348.50000000000489 2.4000000000000008 51.500000000000007 582.66666666665708
decision_type=2 2 2 2
left_child=-1 2 -2 -4
right_child=1 -3 3 -5
leaf_value=0.017907108199768245 0.038303434546935466 -0.03608449275971063 0.0047795527526528526 -0.036005226999783771
leaf_weight=6.0852578654885319 5.1280739754438427 5.2671431154012671 6.106979198753832 3.9390723779797554
leaf_count=32 26 24 32 20
internal_value=0 -0.00519918 0.00552152 -0.0112122
internal_weight=0 20.4413 15.1741 10.0461
internal_count=134 102 78 52
is_linear=0
shrinkage=0.1


Tree=68
num_leaves=5
num_cat=0
split_feature=7 5 11 7
split_gain=0.242499 0.935098 0.809139 0.566338
threshold=36.500000000000007 279.75243147657073 0.75000000000000011 111.50000000000001
decision_type=2 2 2 2
left_child=-1 2 3 -2
right_child=1 -3 -4 -5
leaf_value=-0.015822665615146364 0.03468391737887002 0.046536568004284878 -0.036726120772634964 -0.013939109441778544
leaf_weight=7.0271093249321011 5.0239423736929911 4.3773334547877303 5.4556672871112815 4.5786159709095955
leaf_count=36 25 24 26 23
internal_value=0 0.00585364 -0.00597264 0.0114999
internal_weight=0 19.4356 15.0582 9.60256
internal_count=134 98 74 48
is_linear=0
shrinkage=0.1


Tree=69
num_leaves=5
num_cat=0
split_feature=10 10 10 10
split_gain=0.218631 1.90863 0.71647 0.540278
threshold=481.83333333332854 642.3333333333286 379.83333333333582 268.83333333332854
decision_type=2 2 2 2
left_child=2 -2 3 -1
right_child=1 -3 -4 -5
leaf_value=-0.015700442433160815 0.059359840466814667 -0.038010910422423688 -0.02890593997271626 0.030280351140396917
leaf_weight=4.3852743506431633 4.3017830401658994 3.7837841659784317 7.8025478087365618 6.1241700276732445
leaf_count=23 24 19 38 30
internal_value=0 0.0137935 -0.00594958 0.011094
internal_weight=0 8.08557 18.312 10.5094
internal_count=134 43 91 53
is_linear=0
shrinkage=0.1


Tree=70
num_leaves=5
num_cat=0
split_feature=5 7 7 10
split_gain=0.230673 0.954441 0.805454 0.542812
threshold=193.60504920838693 51.500000000000007 36.500000000000007 348.50000000000489
decision_type=2 2 2 2
left_child=1 -1 -2 -3
right_child=2 3 -4 -5
leaf_value=0.045000135358332222 -0.04701111747369216 0.018410288559949885 0.011952799940178879 -0.025116865472717298
leaf_weight=4.7717109173536363 3.9333750382065755 4.7424020096659643 5.6364792548120022 7.2373141944408417
leaf_count=23 20 24 30 37
internal_value=0 0.00717897 -0.0122824 -0.0078858
internal_weight=0 16.7514 9.56985 11.9797
internal_count=134 84 50 61
is_linear=0
shrinkage=0.1


Tree=71
num_leaves=5
num_cat=0
split_feature=7 7 0 7
split_gain=0.219107 0.331663 0.717221 0.482053
threshold=30.500000000000004 96.500000000000014 1.2500000000000002 72.500000000000014
decision_type=2 2 2 2
left_child=-1 2 3 -2
right_child=1 -3 -4 -5
leaf_value=0.017452764666487677 -0.054860979026687795 0.012925604138840932 0.016340384016158099 -0.0074305282837174198
leaf_weight=5.69975367933512 4.3281953632831591 7.0275928974151602 4.9791081845760337 4.2438002116978168
leaf_count=30 19 38 23 24
internal_value=0 -0.00470323 -0.0138455 -0.0313792
internal_weight=0 20.5787 13.5511 8.572
internal_count=134 104 66 43
is_linear=0
shrinkage=0.1


Tree=72
num_leaves=4
num_cat=0
split_feature=0 7 0
split_gain=0.194894 0.600643 1.20041
threshold=0.15000000000000005 36.500000000000007 0.84999999999999998
decision_type=2 2 2
left_child=-1 -2 -3
right_child=1 2 -4
leaf_value=-0.012780390348938551 -0.017608561173050298 0.055623317381781882 -0.0097539383294662704
leaf_weight=8.120219290256502 6.8105650320649174 5.1500457152724248 6.1771440207958221
leaf_count=40 35 31 28
internal_value=0 0.00585998 0.0199706
internal_weight=0 18.1378 11.3272
internal_count=134 94 59
is_linear=0
shrinkage=0.1


Tree=73
num_leaves=5
num_cat=0
split_feature=7 10 10 7
split_gain=0.219407 0.376104 0.9143 0.429969
threshold=30.500000000000004 350.33333333333036 399.00000000000369 87.500000000000014
decision_type=2 2 2 2
left_child=-1 -2 -3 -4
right_child=1 2 3 -5
leaf_value=0.017453699634266753 -0.023939914242138743 0.040518393979533329 -0.035838094335712257 0.0079272934766837656
leaf_weight=5.6995775252580669 6.8056426346302059 4.7080019637942305 4.4761571884155256 4.5030791945755482
leaf_count=30 34 24 21 25
internal_value=0 -0.00472777 0.004825 -0.0138898
internal_weight=0 20.4929 13.6872 8.97924
internal_count=134 104 70 46
is_linear=0
shrinkage=0.1


Tree=74
num_leaves=5
num_cat=0
split_feature=5 7 7 7
split_gain=0.196948 0.773695 0.601525 0.24293
threshold=193.60504920838693 51.500000000000007 36.500000000000007 96.500000000000014
decision_type=2 2 2 2
left_child=1 -1 -2 -3
right_child=2 3 -4 -5
leaf_value=0.040994230436515601 -0.041202305225251284 -0.022808654691565209 0.0097443364055583917 0.0058894145257993051
leaf_weight=4.7076691240072313 3.9555310606956464 5.3117434084415418 5.5964114107191563 6.6331780850887299
leaf_count=23 20 27 30 34
internal_value=0 0.00665957 -0.0113531 -0.00687222
internal_weight=0 16.6526 9.55194 11.9449
internal_count=134 84 50 61
is_linear=0
shrinkage=0.1


Tree=75
num_leaves=6
num_cat=0
split_feature=10 10 10 3 10
split_gain=0.224742 0.444783 1.72333 0.689211 0.23391
threshold=348.50000000000489 481.83333333332854 642.3333333333286 412.50000000000119 382.66666666665884
decision_type=2 2 2 2 2
left_child=-1 3 -3 -2 -5
right_child=1 2 -4 4 -6
leaf_value=0.016982222874737045 -0.051194631869961482 0.057102275773201018 -0.03606622697099908 0.016481719326704902 -0.017308459377811235
leaf_weight=6.0564199574291733 3.9733283594250706 4.229909546673297 3.7412935793399811 4.0899310670793039 4.1046921610832214
leaf_count=32 19 24 19 19 21
internal_value=0 -0.00498764 0.0133735 -0.017016 -0.000443803
internal_weight=0 20.1392 7.9712 12.168 8.19462
internal_count=134 102 43 59 40
is_linear=0
shrinkage=0.1


Tree=76
num_leaves=5
num_cat=0
split_feature=7 10 3 5
split_gain=0.198806 0.760901 0.54024 1.25966
threshold=114.50000000000001 450.00000000000006 412.50000000000119 346.36363636363666
decision_type=2 2 2 2
left_child=1 2 -1 -4
right_child=-2 -3 3 -5
leaf_value=-0.028956210763479054 -0.020694474628752388 0.032654962068399504 0.044602320442040704 -0.031301142515016096
leaf_weight=6.9425264447927537 3.9099543541669837 6.4590252935886374 4.582598149776457 4.1813817322254181
leaf_count=34 20 36 21 23
internal_value=0 0.00376271 -0.00811872 0.00838803
internal_weight=0 22.1655 15.7065 8.76398
internal_count=134 114 78 44
is_linear=0
shrinkage=0.1


Tree=77
num_leaves=5
num_cat=0
split_feature=11 3 10 10
split_gain=0.240016 0.761511 0.595482 0.581567
threshold=2.4000000000000008 771.16666666667118 481.83333333332854 357.33333333333218
decision_type=2 2 2 2
left_child=1 2 3 -1
right_child=-2 -3 -4 -5
leaf_value=0.0017439079399384771 -0.017630671719615184 0.040224390499499885 0.026359906392592971 -0.04456369574602257
leaf_weight=6.4687629453837925 5.9065466523170462 4.7647620253264895 4.241098426282405 4.6698861718177795
leaf_count=32 29 28 23 22
internal_value=0 0.00529316 -0.0055288 -0.0176706
internal_weight=0 20.1445 15.3797 11.1386
internal_count=134 105 77 54
is_linear=0
shrinkage=0.1


Tree=78
num_leaves=5
num_cat=0
split_feature=5 7 0 7
split_gain=0.194504 0.623372 0.595366 0.208167
threshold=193.60504920838693 51.500000000000007 1.0500000000000003 96.500000000000014
decision_type=2 2 2 2
left_child=1 -1 -2 -3
right_child=2 3 -4 -5
leaf_value=0.037735052708767036 0.010190021829620814 -0.020236333164047476 -0.04049403705333697 0.0064020378030360805
leaf_weight=4.6387444287538591 5.4619028791785222 5.3019731417298299 4.025902196764946 6.5672093853354454
leaf_count=23 31 27 19 34
internal_value=0 0.006651 -0.0113164 -0.00549734
internal_weight=0 16.5079 9.48781 11.8692
internal_count=134 84 50 61
is_linear=0
shrinkage=0.1


Tree=79
num_leaves=5
num_cat=0
split_feature=10 5 11 11
split_gain=0.290053 0.373207 0.486494 1.6025
threshold=609.00000000000011 346.36363636363666 1.0000000180025095e-35 2.4000000000000008
decision_type=2 2 2 2
left_child=1 2 -1 -4
right_child=-2 -3 3 -5
leaf_value=-0.008832067693635046 -0.019670973752830733 -0.019850346671826367 0.069338398228835335 -0.012664323159147768
leaf_weight=6.2040797621011796 5.7757370248436919 4.4435777999460688 4.6311195120215398 4.9093726798892021
leaf_count=29 31 25 25 24
internal_value=0 0.00574293 0.0129661 0.0271412
internal_weight=0 20.1881 15.7446 9.54049
internal_count=134 103 78 49
is_linear=0
shrinkage=0.1


Tree=80
num_leaves=5
num_cat=0
split_feature=10 7 10 7
split_gain=0.235009 0.500872 0.835098 0.31467
threshold=609.00000000000011 72.500000000000014 268.83333333332854 30.500000000000004
decision_type=2 2 2 2
left_child=1 3 -3 -1
right_child=-2 2 -4 -5
leaf_value=0.012780012801687141 -0.017647086647814125 -0.013821470532665459 0.052007386410059725 -0.020279764511360553
leaf_weight=4.6827129647135788 5.7933385968208304 3.2895149737596503 4.652947012335062 7.4749349057674408
leaf_count=24 31 17 28 34
internal_value=0 0.00521275 0.0247432 -0.00754626
internal_weight=0 20.1001 7.94246 12.1576
internal_count=134 103 45 58
is_linear=0
shrinkage=0.1


Tree=81
num_leaves=6
num_cat=0
split_feature=5 0 5 10 10
split_gain=0.204044 1.2425 0.623517 0.601728 0.000313496
threshold=279.75243147657073 0.65000000000000002 150.81410825199643 350.33333333333036 481.83333333332854
decision_type=2 2 2 2 2
left_child=2 -2 3 -1 -5
right_child=1 -3 -4 4 -6
leaf_value=-0.018563700030077221 -0.025462978853982146 0.056074136971404287 -0.040826457204144448 0.023164208175643946 0.02190661049014124
leaf_weight=6.474772542715078 3.8600207790732375 3.6230495944619179 3.9407929629087439 3.8336652666330338 4.1043752655386925
leaf_count=33 22 19 18 19 23
internal_value=0 0.0140145 -0.00557752 0.00406035 0.022514
internal_weight=0 7.48307 18.3536 14.4128 7.93804
internal_count=134 41 93 75 42
is_linear=0
shrinkage=0.1


Tree=82
num_leaves=6
num_cat=0
split_feature=7 11 7 0 10
split_gain=0.244712 0.846576 1.04458 0.719741 0.300749
threshold=105.50000000000001 0.40000000000000013 66.500000000000014 1.0500000000000003 379.83333333333582
decision_type=2 2 2 2 2
left_child=1 -1 3 -3 -5
right_child=-2 2 -4 4 -6
leaf_value=0.041025726851578653 -0.018350636623196685 0.046248740411890872 -0.05352790204149465 0.012423160803532438 -0.026128040766873851
leaf_weight=4.9791306555271211 5.6235274970531455 3.4702075123786917 3.6016357988119116 3.7920109033584577 4.3393081799149513
leaf_count=25 29 18 22 19 21
internal_value=0 0.00523768 -0.00648313 0.00812168 -0.00814983
internal_weight=0 20.1823 15.2032 11.6015 8.13132
internal_count=134 105 80 58 40
is_linear=0
shrinkage=0.1


Tree=83
num_leaves=4
num_cat=0
split_feature=7 5 7
split_gain=0.208935 0.764739 0.314029
threshold=36.500000000000007 135.79242636746184 96.500000000000014
decision_type=2 2 2
left_child=-1 2 -2
right_child=1 -3 -4
leaf_value=-0.014841891338884368 -0.027900301936430612 0.031531855616326682 0.0048104362201797325
leaf_weight=6.8645201027393368 5.3682223260402697 7.0772144868969908 6.4746058434247971
leaf_count=36 27 37 34
internal_value=0 0.00552474 -0.010017
internal_weight=0 18.92 11.8428
internal_count=134 98 61
is_linear=0
shrinkage=0.1


Tree=84
num_leaves=5
num_cat=0
split_feature=10 11 7 11
split_gain=0.246415 0.494476 0.823973 0.402822
threshold=348.50000000000489 2.4000000000000008 51.500000000000007 0.55000000000000004
decision_type=2 2 2 2
left_child=-1 2 -2 -4
right_child=1 -3 3 -5
leaf_value=0.0177517770289921 0.037159437973076144 -0.031999522695789949 0.010274030610669636 -0.030965239827019566
leaf_weight=6.0507695600390461 4.9664909094572094 5.1369684487581244 4.1995718553662282 5.4326855540275574
leaf_count=32 26 24 22 30
internal_value=0 -0.00531556 0.00407392 -0.0129853
internal_weight=0 19.7357 14.5987 9.63226
internal_count=134 102 78 52
is_linear=0
shrinkage=0.1


Tree=85
num_leaves=5
num_cat=0
split_feature=7 11 0 0
split_gain=0.216013 0.688329 0.834518 0.403824
threshold=105.50000000000001 0.40000000000000013 0.55000000000000016 1.6500000000000006
decision_type=2 2 2 2
left_child=1 -1 -3 -4
right_child=-2 2 3 -5
leaf_value=0.037469588592075075 -0.017205917057304548 -0.044647832121085945 0.031337459470972322 -0.0073347595034887322
leaf_weight=4.915860138833529 5.6370529234409323 4.0206568241119376 4.5684800595045072 6.6026906371116638
leaf_count=25 29 23 24 33
internal_value=0 0.00494423 -0.00558051 0.00848035
internal_weight=0 20.1077 15.1918 11.1712
internal_count=134 105 80 57
is_linear=0
shrinkage=0.1


Tree=86
num_leaves=4
num_cat=0
split_feature=7 5 10
split_gain=0.209655 0.670536 0.386375
threshold=36.500000000000007 135.79242636746184 450.00000000000006
decision_type=2 2 2
left_child=-1 2 -2
right_child=1 -3 -4
leaf_value=-0.014879544506823923 -0.022717907861546566 0.029960694065721508 0.014861727952102341
leaf_weight=6.8563981801271465 7.5070295631885546 7.0436338372528544 4.3048008307814598
leaf_count=36 37 37 24
internal_value=0 0.0055403 -0.00902208
internal_weight=0 18.8555 11.8118
internal_count=134 98 61
is_linear=0
shrinkage=0.1


Tree=87
num_leaves=5
num_cat=0
split_feature=10 11 7 11
split_gain=0.239769 0.369507 0.671348 0.299239
threshold=348.50000000000489 2.4000000000000008 51.500000000000007 0.55000000000000004
decision_type=2 2 2 2
left_child=-1 2 -2 -4
right_child=1 -3 3 -5
leaf_value=0.017512035463429148 0.033041870544952077 -0.028306628320582134 0.0077933793210311023 -0.027801735790072536
leaf_weight=6.042534094303849 4.8956530019640949 5.1399760767817488 4.1547968834638578 5.4726677462458611
leaf_count=32 26 24 22 30
internal_value=0 -0.00526385 0.00289137 -0.0124404
internal_weight=0 19.6631 14.5231 9.62746
internal_count=134 102 78 52
is_linear=0
shrinkage=0.1


Tree=88
num_leaves=6
num_cat=0
split_feature=0 0 0 7 10
split_gain=0.207945 0.486316 0.347882 0.548381 0.221182
threshold=2.6500000000000017 1.0500000000000003 0.25000000000000006 63.500000000000007 348.50000000000489
decision_type=2 2 2 2 2
left_child=1 2 4 -4 -1
right_child=-2 -3 3 -5 -6
leaf_value=0.0078216546344993254 0.020880660583571974 -0.031414906314090517 -0.0040264510080709063 0.050111878739970861 -0.023397467503353985
leaf_weight=4.2586691975593656 4.0501524209976187 4.9270330071449271 4.1828438490629187 3.3852008953690529 4.8583057150244713
leaf_count=21 21 23 21 23 25
internal_value=0 -0.00381027 0.00434129 0.0201897 -0.00881457
internal_weight=0 21.6121 16.685 7.56804 9.11697
internal_count=134 113 90 44 46
is_linear=0
shrinkage=0.1


Tree=89
num_leaves=5
num_cat=0
split_feature=7 7 10 10
split_gain=0.205828 0.336388 0.512061 0.945612
threshold=30.500000000000004 57.500000000000007 582.66666666665708 350.33333333333036
decision_type=2 2 2 2
left_child=-1 -2 3 -3
right_child=1 2 -4 -5
leaf_value=0.017110469214025325 -0.02507832973803541 -0.013454808814715736 -0.027620798919418529 0.046913869250379631
leaf_weight=5.5577629432082203 5.7425021231174496 5.4848208203911764 3.8400810137391082 4.9242339618504047
leaf_count=30 27 28 21 28
internal_value=0 -0.00464498 0.0035898 0.0151039
internal_weight=0 19.9916 14.2491 10.4091
internal_count=134 104 77 56
is_linear=0
shrinkage=0.1


Tree=90
num_leaves=5
num_cat=0
split_feature=7 10 10 7
split_gain=0.209804 0.589191 0.756907 0.350831
threshold=36.500000000000007 625.33333333333223 350.33333333333036 66.500000000000014
decision_type=2 2 2 2
left_child=-1 2 -2 -4
right_child=1 -3 3 -5
leaf_value=-0.01491828397872183 -0.010453088055928518 -0.027987376444604192 0.013142984929467905 0.054879317844249487
leaf_weight=6.8249724879860905 6.4948462620377567 4.087006948888301 3.7797542214393598 4.3113581389188766
leaf_count=36 33 21 17 27
internal_value=0 0.00556986 0.0149726 0.0353822
internal_weight=0 18.673 14.586 8.09111
internal_count=134 98 77 44
is_linear=0
shrinkage=0.1


Tree=91
num_leaves=5
num_cat=0
split_feature=7 11 4 11
split_gain=0.20087 0.401477 0.920555 0.531859
threshold=30.500000000000004 1.5000000000000002 1.0000000180025095e-35 1.0000000180025095e-35
decision_type=2 2 2 2
left_child=-1 2 3 -2
right_child=1 -3 -4 -5
leaf_value=0.016902647929835628 -0.01716966932805292 0.019651153969890731 -0.051821092373547352 0.028089144945458749
leaf_weight=5.5540395379066494 5.8126623928546923 5.0810703746974459 4.3131817132234564 4.6927602328360081
leaf_count=30 29 28 19 28
internal_value=0 -0.00460564 -0.0129229 0.00304739
internal_weight=0 19.8997 14.8186 10.5054
internal_count=134 104 76 57
is_linear=0
shrinkage=0.1


Tree=92
num_leaves=5
num_cat=0
split_feature=5 0 0 11
split_gain=0.173683 0.493598 0.425862 0.240317
threshold=193.60504920838693 1.3500000000000003 1.0500000000000003 1.0000000180025095e-35
decision_type=2 2 2 2
left_child=1 3 -2 -1
right_child=2 -3 -4 -5
leaf_value=-0.016510816622482202 0.0075796080042588344 0.034463114108138827 -0.035688767041079199 0.012825627211252683
leaf_weight=6.8526494428515488 5.3600800409913045 4.5046446174383155 3.9517804458737373 4.7127076238393784
leaf_count=34 31 23 19 27
internal_value=0 0.00638112 -0.0107827 -0.00455666
internal_weight=0 16.07 9.31186 11.5654
internal_count=134 84 50 61
is_linear=0
shrinkage=0.1


Tree=93
num_leaves=6
num_cat=0
split_feature=10 10 10 3 0
split_gain=0.240541 0.36788 1.17858 0.487801 0.141793
threshold=348.50000000000489 481.83333333332854 642.3333333333286 412.50000000000119 1.0500000000000003
decision_type=2 2 2 2 2
left_child=-1 3 -3 -2 -5
right_child=1 2 -4 4 -6
leaf_value=0.017647598584314347 -0.045449832859651505 0.049885324287873213 -0.029263429322085428 -0.015944926936319711 0.010749724007695789
leaf_weight=5.9601017907261875 3.8696533888578433 3.9244548529386512 3.613758385181427 3.8570139110088348 4.1101761013269424
leaf_count=32 19 24 19 21 19
internal_value=0 -0.00532488 0.0119421 -0.0163212 -0.00217348
internal_weight=0 19.3751 7.53821 11.8368 7.96719
internal_count=134 102 43 59 40
is_linear=0
shrinkage=0.1


Tree=94
num_leaves=5
num_cat=0
split_feature=7 5 11 10
split_gain=0.223354 0.62643 0.507254 0.509704
threshold=36.500000000000007 279.75243147657073 0.75000000000000011 399.00000000000369
decision_type=2 2 2 2
left_child=-1 2 3 -2
right_child=1 -3 -4 -5
leaf_value=-0.015477742105976956 0.031805430741615813 0.039950411366196308 -0.028900487431276958 -0.01580697398160557
leaf_weight=6.75586620718241 4.9471980929374713 4.1558602452278128 5.2462875992059699 4.1216449216008186
leaf_count=36 25 24 26 23
internal_value=0 0.00577149 -0.00415108 0.0101664
internal_weight=0 18.471 14.3151 9.06884
internal_count=134 98 74 48
is_linear=0
shrinkage=0.1


Tree=95
num_leaves=5
num_cat=0
split_feature=7 10 7 10
split_gain=0.219812 0.701568 0.716892 1.41809
threshold=114.50000000000001 623.50000000000011 36.500000000000007 350.33333333333036
decision_type=2 2 2 2
left_child=1 2 -1 -4
right_child=-2 -3 3 -5
leaf_value=-0.032698934819239175 -0.02231230048274721 0.042055796911860094 -0.031118987536370241 0.039945603495733444
leaf_weight=5.9812917262315848 3.7336830943822852 3.9480237215757361 4.8557633496820909 6.6584351509809494
leaf_count=30 20 23 25 36
internal_value=0 0.00397902 -0.00461337 0.00997627
internal_weight=0 21.4435 17.4955 11.5142
internal_count=134 114 91 61
is_linear=0
shrinkage=0.1


Tree=96
num_leaves=5
num_cat=0
split_feature=10 11 3 10
split_gain=0.241109 0.329372 0.683446 0.550639
threshold=348.50000000000489 3.0000000000000013 771.16666666667118 450.00000000000006
decision_type=2 2 2 2
left_child=-1 2 3 -2
right_child=1 -3 -4 -5
leaf_value=0.01761805993828822 -0.031609480586252403 -0.032464084727261498 0.033701411675484065 0.013658871720342167
leaf_weight=5.9780096933245686 6.3583522737026232 3.6389062553644171 4.5201745368540278 4.6537532582879066
leaf_count=32 29 18 28 27
internal_value=0 -0.00538395 0.000960391 -0.0124789
internal_weight=0 19.1712 15.5323 11.0121
internal_count=134 102 84 56
is_linear=0
shrinkage=0.1


Tree=97
num_leaves=5
num_cat=0
split_feature=7 11 4 11
split_gain=0.267921 0.36538 0.821527 0.36676
threshold=30.500000000000004 1.5000000000000002 1.0000000180025095e-35 1.0000000180025095e-35
decision_type=2 2 2 2
left_child=-1 2 3 -2
right_child=1 -3 -4 -5
leaf_value=0.019508869765113953 -0.014876343130731044 0.018002192505275846 -0.050280769464019992 0.023118815122326379
leaf_weight=5.5323579907417324 5.7600640058517474 4.9679162502288809 4.270448386669158 4.5452745780348778
leaf_count=30 29 28 19 28
internal_value=0 -0.00541839 -0.0134009 0.00188181
internal_weight=0 19.5437 14.5758 10.3053
internal_count=134 104 76 57
is_linear=0
shrinkage=0.1


Tree=98
num_leaves=5
num_cat=0
split_feature=10 10 10 11
split_gain=0.374176 0.602657 0.513649 1.12605
threshold=642.3333333333286 450.00000000000006 382.33333333333036 1.5000000000000002
decision_type=2 2 2 2
left_child=1 2 3 -1
right_child=-2 -3 -4 -5
leaf_value=-0.014516978741471826 -0.029856163347320885 0.03868979139102971 -0.025701147014120296 0.05267040530297671
leaf_weight=6.8174504339695066 3.5784084871411315 4.2707995250821105 6.4078715555369845 3.9338979758322239
leaf_count=34 19 27 32 22
internal_value=0 0.00507596 -0.00329027 0.0100668
internal_weight=0 21.43 17.1592 10.7513
internal_count=134 115 88 56
is_linear=0
shrinkage=0.1


Tree=99
num_leaves=5
num_cat=0
split_feature=7 3 0 7
split_gain=0.216247 0.31703 0.427503 0.217989
threshold=30.500000000000004 730.3333333333286 0.25000000000000006 108.50000000000001
decision_type=2 2 2 2
left_child=-1 2 3 -2
right_child=1 -3 -4 -5
leaf_value=0.017617628533172822 -0.028054109920803656 -0.026187500061327397 0.024207746472247476 0.0036997467841915878
leaf_weight=5.4848470613360432 4.0603897869586962 5.1328941881656638 5.642228089272975 4.6238941475749016
leaf_count=30 20 29 30 25
internal_value=0 -0.00486322 0.00277683 -0.011147
internal_weight=0 19.4594 14.3265 8.68428
internal_count=134 104 75 45
is_linear=0
shrinkage=0.1


end of trees

feature_importances:
s_view_position=107
taskNum=95
response_time=69
scroll_time=67
s_scroll_speed=37
scroll_length=25
event_scroll=10

parameters:
[boosting: gbdt]
[objective: binary]
[metric: binary_error]
[tree_learner: serial]
[device_type: cpu]
[data_sample_strategy: bagging]
[data: ]
[valid: ]
[num_iterations: 100]
[learning_rate: 0.1]
[num_leaves: 31]
[num_threads: 0]
[seed: 0]
[deterministic: 0]
[force_col_wise: 0]
[force_row_wise: 0]
[histogram_pool_size: -1]
[max_depth: -1]
[min_data_in_leaf: 20]
[min_sum_hessian_in_leaf: 0.001]
[bagging_fraction: 1]
[pos_bagging_fraction: 1]
[neg_bagging_fraction: 1]
[bagging_freq: 0]
[bagging_seed: 3]
[feature_fraction: 0.8]
[feature_fraction_bynode: 1]
[feature_fraction_seed: 2]
[extra_trees: 0]
[extra_seed: 6]
[early_stopping_round: 0]
[first_metric_only: 0]
[max_delta_step: 0]
[lambda_l1: 0]
[lambda_l2: 0]
[linear_lambda: 0]
[min_gain_to_split: 0]
[drop_rate: 0.1]
[max_drop: 50]
[skip_drop: 0.5]
[xgboost_dart_mode: 0]
[uniform_drop: 0]
[drop_seed: 4]
[top_rate: 0.2]
[other_rate: 0.1]
[min_data_per_group: 100]
[max_cat_threshold: 32]
[cat_l2: 10]
[cat_smooth: 10]
[max_cat_to_onehot: 4]
[top_k: 20]
[monotone_constraints: ]
[monotone_constraints_method: basic]
[monotone_penalty: 0]
[feature_contri: ]
[forcedsplits_filename: ]
[refit_decay_rate: 0.9]
[cegb_tradeoff: 1]
[cegb_penalty_split: 0]
[cegb_penalty_feature_lazy: ]
[cegb_penalty_feature_coupled: ]
[path_smooth: 0]
[interaction_constraints: ]
[verbosity: -1]
[saved_feature_importance_type: 0]
[use_quantized_grad: 0]
[num_grad_quant_bins: 4]
[quant_train_renew_leaf: 0]
[stochastic_rounding: 1]
[linear_tree: 0]
[max_bin: 255]
[max_bin_by_feature: ]
[min_data_in_bin: 3]
[bin_construct_sample_cnt: 200000]
[data_random_seed: 1]
[is_enable_sparse: 1]
[enable_bundle: 1]
[use_missing: 1]
[zero_as_missing: 0]
[feature_pre_filter: 0]
[pre_partition: 0]
[two_round: 0]
[header: 0]
[label_column: ]
[weight_column: ]
[group_column: ]
[ignore_column: ]
[categorical_feature: ]
[forcedbins_filename: ]
[precise_float_parser: 0]
[parser_config_file: ]
[objective_seed: 5]
[num_class: 1]
[is_unbalance: 0]
[scale_pos_weight: 1]
[sigmoid: 1]
[boost_from_average: 1]
[reg_sqrt: 0]
[alpha: 0.9]
[fair_c: 1]
[poisson_max_delta_step: 0.7]
[tweedie_variance_power: 1.5]
[lambdarank_truncation_level: 30]
[lambdarank_norm: 1]
[label_gain: ]
[lambdarank_position_bias_regularization: 0]
[eval_at: ]
[multi_error_top_k: 1]
[auc_mu_weights: ]
[num_machines: 1]
[local_listen_port: 12400]
[time_out: 120]
[machine_list_filename: ]
[machines: ]
[gpu_platform_id: -1]
[gpu_device_id: -1]
[gpu_use_dp: 0]
[num_gpu: 1]

end of parameters

pandas_categorical:[]
