tree
version=v4
num_class=1
num_tree_per_iteration=1
label_index=0
max_feature_idx=14
objective=binary sigmoid:1
feature_names=response_time s_tap_count ratio_tap_position_y scroll_length event_scroll s_scroll_speed tap_position_x taskNum tap_position_y screen_width s_view_position scroll_time ratio_tap_position_x s_choice_left screen_height
feature_infos=[0:10.399999999999981] [1:1] none [0:14300.666666666672] [0:6] [-3503.3333333333576:6900.0000000000018] none [1:132] none [390:390] [-343.99999999999989:1145.6666666666642] [-0.5:18.799999999999962] none [0:1] [844:844]
tree_sizes=638 645 649 645 646 647 647 648 646 649 752 648 649 737 548 649 753 651 653 549 652 758 652 650 658 650 656 655 651 655 755 753 655 653 649 653 661 664 656 547 652 654 652 653 665 548 653 653 650 551 756 653 652 654 649 756 758 653 651 654 654 650 656 650 553 651 653 650 655 744 652 651 653 651 651 655 751 658 651 657 550 655 549 651 653 755 652 653 551 651 650 650 651 653 655 654 661 654 550 652

Tree=0
num_leaves=5
num_cat=0
split_feature=3 10 11 10
split_gain=4.05704 3.15981 3.02619 1.80006
threshold=832.3333333333386 348.83333333333337 2.0500000000000003 450.00000000000006
decision_type=2 2 2 2
left_child=1 -1 3 -3
right_child=-2 2 -4 -5
leaf_value=0.56556223417368767 0.60816120163377252 0.47923112474965368 0.42527669040140825 0.55423371755243434
leaf_weight=7.469237804412848 5.1351009905338278 6.7689967602491397 5.3685146719217292 6.068755716085434
leaf_count=32 22 29 23 26
internal_value=0.52702 0.510792 0.488322 0.514687
internal_weight=0 25.6755 18.2063 12.8378
internal_count=132 110 78 55
is_linear=0
shrinkage=1


Tree=1
num_leaves=5
num_cat=0
split_feature=3 10 0 0
split_gain=3.35005 2.54843 2.45766 2.0758
threshold=832.3333333333386 348.83333333333337 1.6500000000000006 0.25000000000000006
decision_type=2 2 2 2
left_child=1 -1 3 -3
right_child=-2 2 -4 -5
leaf_value=0.035065628165910093 0.074773251624136131 -0.056501650122038019 -0.090527880132061991 0.024489777830602157
leaf_weight=7.3928990364074769 5.0212245583534232 5.5840138942003268 5.4846684187650672 7.3034647554159164
leaf_count=32 22 24 23 31
internal_value=0 -0.0145129 -0.0344631 -0.010603
internal_weight=0 25.765 18.3721 12.8875
internal_count=132 110 78 55
is_linear=0
shrinkage=0.1


Tree=2
num_leaves=5
num_cat=0
split_feature=3 3 7 11
split_gain=2.76984 1.31391 2.08922 2.33299
threshold=832.3333333333386 730.3333333333286 105.50000000000001 0.55000000000000004
decision_type=2 2 2 2
left_child=1 2 3 -1
right_child=-2 -3 -4 -5
leaf_value=0.076690012750492698 0.068971230210780513 -0.054251077677451111 -0.048363182030577323 -0.0096431167395294379
leaf_weight=4.8846455663442709 4.9054464101791373 5.9437719732522956 6.2814022898674002 8.7141380757093412
leaf_count=21 22 25 27 37
internal_value=0 -0.0129985 -0.000664809 0.0213675
internal_weight=0 25.824 19.8802 13.5988
internal_count=132 110 85 58
is_linear=0
shrinkage=0.1


Tree=3
num_leaves=5
num_cat=0
split_feature=3 3 0 0
split_gain=2.29133 1.0494 1.71803 2.76109
threshold=832.3333333333386 730.3333333333286 0.15000000000000005 1.0500000000000003
decision_type=2 2 2 2
left_child=1 2 -1 -4
right_child=-2 -3 3 -5
leaf_value=-0.033417113057288846 0.063646623086988999 -0.048257045820721489 0.079696091377305503 -0.020641311128591435
leaf_weight=8.8397721648216336 4.790413409471511 6.0100480765104285 5.1010165065526945 5.9317488968372345
leaf_count=38 22 25 22 25
internal_value=0 -0.0116424 -0.00056901 0.0257498
internal_weight=0 25.8826 19.8725 11.0328
internal_count=132 110 85 47
is_linear=0
shrinkage=0.1


Tree=4
num_leaves=5
num_cat=0
split_feature=3 7 7 0
split_gain=1.89592 1.25282 2.41085 2.16348
threshold=832.3333333333386 30.500000000000004 57.500000000000007 0.15000000000000005
decision_type=2 2 2 2
left_child=1 -1 -3 -4
right_child=-2 2 3 -5
leaf_value=0.033220370091834636 0.058733697530554477 -0.08000371178682536 -0.034546869177211656 0.040969949972864857
leaf_weight=5.2440134882927003 4.6780456304550162 5.2547273933887508 8.688781335949896 6.7339055240154257
leaf_count=22 22 22 37 29
internal_value=0 -0.0104343 -0.0215056 -0.00157446
internal_weight=0 25.9214 20.6774 15.4227
internal_count=132 110 88 66
is_linear=0
shrinkage=0.1


Tree=5
num_leaves=5
num_cat=0
split_feature=7 7 7 11
split_gain=1.59348 2.12753 3.46869 1.10877
threshold=30.500000000000004 72.500000000000014 105.50000000000001 1.9000000000000001
decision_type=2 2 2 2
left_child=-1 3 -3 -2
right_child=1 2 -4 -5
leaf_value=0.042558560542050976 -0.080491283288423129 0.059685656544201819 -0.040868224670383341 -0.013405450796363964
leaf_weight=6.8690771907568005 5.0297997891902941 7.4196386337280256 6.3808940947055817 4.8289450109004974
leaf_count=30 22 33 27 20
internal_value=0 -0.0121525 0.013193 -0.0476317
internal_weight=0 23.6593 13.8005 9.85874
internal_count=132 102 60 42
is_linear=0
shrinkage=0.1


Tree=6
num_leaves=5
num_cat=0
split_feature=10 10 10 5
split_gain=2.46627 3.85947 2.19798 1.74189
threshold=639.66666666666799 450.00000000000006 348.83333333333337 279.75243147657073
decision_type=2 2 2 2
left_child=1 2 -1 -4
right_child=-2 -3 3 -5
leaf_value=0.035363890063933812 -0.068384613440868616 0.085331219774549591 -0.065810649952958891 0.007803766653989911
leaf_weight=7.3738902658224204 4.4758842885494223 5.6223745346069327 7.206522732973097 5.8024786859750748
leaf_count=32 20 25 30 25
internal_value=0 0.0119802 -0.00825277 -0.032976
internal_weight=0 26.0053 20.3829 13.009
internal_count=132 112 87 55
is_linear=0
shrinkage=0.1


Tree=7
num_leaves=5
num_cat=0
split_feature=3 5 7 7
split_gain=1.38445 0.926804 1.63346 0.638498
threshold=832.3333333333386 193.60504920838693 105.50000000000001 66.500000000000014
decision_type=2 2 2 2
left_child=1 2 3 -1
right_child=-2 -3 -4 -5
leaf_value=0.0033358532875922458 0.051426733712351548 -0.03921794104383948 -0.037922534243268066 0.049001922742802968
leaf_weight=6.6642513871193021 4.4967079311609259 7.1841816753149024 6.4090113639831534 5.6639736890792847
leaf_count=28 22 30 27 25
internal_value=0 -0.00868078 0.00302769 0.0243163
internal_weight=0 25.9214 18.7372 12.3282
internal_count=132 110 80 53
is_linear=0
shrinkage=0.1


Tree=8
num_leaves=5
num_cat=0
split_feature=10 10 10 3
split_gain=2.02905 3.11975 1.7283 2.43526
threshold=639.66666666666799 450.00000000000006 348.83333333333337 699.33333333333223
decision_type=2 2 2 2
left_child=1 2 -1 -4
right_child=-2 -3 3 -5
leaf_value=0.032112814529317461 -0.061468186078628285 0.078381804723578738 -0.0751888626648754 0.011373522790908799
leaf_weight=7.2872689664363959 4.5364606976509085 5.4326598793268195 6.0466865152120572 7.026914194226265
leaf_count=32 20 25 25 30
internal_value=0 0.0110537 -0.00691071 -0.0286625
internal_weight=0 25.7935 20.3609 13.0736
internal_count=132 112 87 55
is_linear=0
shrinkage=0.1


Tree=9
num_leaves=5
num_cat=0
split_feature=10 10 10 3
split_gain=1.62289 2.60522 1.40215 1.94427
threshold=639.66666666666799 450.00000000000006 348.83333333333337 699.33333333333223
decision_type=2 2 2 2
left_child=1 2 -1 -4
right_child=-2 -3 3 -5
leaf_value=0.029192506770464782 -0.054409075825942226 0.072580477297315302 -0.066903143085813674 0.010261555687132872
leaf_weight=7.2183961421251395 4.6083995550870887 5.2879276722669593 6.1121647506952268 7.0104408264160156
leaf_count=32 20 25 25 30
internal_value=0 0.0100487 -0.00620726 -0.0256797
internal_weight=0 25.6289 20.341 13.1226
internal_count=132 112 87 55
is_linear=0
shrinkage=0.1


Tree=10
num_leaves=6
num_cat=0
split_feature=10 7 10 0 5
split_gain=1.30207 2.18985 2.65978 2.61355 2.97826
threshold=639.66666666666799 72.500000000000014 350.33333333333036 2.6500000000000017 279.75243147657073
decision_type=2 2 2 2 2
left_child=1 3 -3 4 -1
right_child=-2 2 -4 -5 -6
leaf_value=-0.10147196282367027 -0.048324742614938021 -0.0066648256763762424 0.096233249860426168 0.046183798675392684 0.0053741895939452226
leaf_weight=4.7263101339340263 4.6664400547742835 4.9600110799074155 5.0899251401424408 4.8520617336034766 5.8230003267526627
leaf_count=20 20 22 23 21 26
internal_value=0 0.00913725 0.0454493 -0.0145576 -0.0424951
internal_weight=0 25.4513 10.0499 15.4014 10.5493
internal_count=132 112 45 67 46
is_linear=0
shrinkage=0.1


Tree=11
num_leaves=5
num_cat=0
split_feature=0 7 7 0
split_gain=1.3206 3.51245 1.96026 1.44022
threshold=0.15000000000000005 72.500000000000014 30.500000000000004 1.3500000000000003
decision_type=2 2 2 2
left_child=-1 2 -2 -4
right_child=1 -3 3 -5
leaf_value=-0.032462322677700495 0.034433650021031881 0.087800074171703643 -0.074893490951657968 0.0012532885446179711
leaf_weight=8.7446232140064257 6.4341560155153337 4.9184153825044623 4.9153215587139112 5.0212176442146301
leaf_count=38 29 23 21 21
internal_value=0 0.0136951 -0.00856904 -0.0364143
internal_weight=0 21.2891 16.3707 9.93654
internal_count=132 94 71 42
is_linear=0
shrinkage=0.1


Tree=12
num_leaves=5
num_cat=0
split_feature=10 10 11 10
split_gain=1.1741 1.8161 1.36039 0.559454
threshold=639.66666666666799 450.00000000000006 0.55000000000000004 349.33333333333337
decision_type=2 2 2 2
left_child=1 2 -1 -4
right_child=-2 -3 3 -5
leaf_value=-0.040611608461307694 -0.045811024765438746 0.062603779140588275 0.040414872396327323 -0.001835640006511791
leaf_weight=6.9032665044069388 4.6674543917179099 5.0229034870862952 5.025051847100257 8.327984616160391
leaf_count=30 20 25 22 35
internal_value=0 0.00877795 -0.0045691 0.0140642
internal_weight=0 25.2792 20.2563 13.353
internal_count=132 112 87 57
is_linear=0
shrinkage=0.1


Tree=13
num_leaves=6
num_cat=0
split_feature=7 10 11 11 7
split_gain=1.13505 1.53146 2.96773 1.6752 0.437995
threshold=105.50000000000001 348.83333333333337 2.4000000000000008 1.25 69.500000000000014
decision_type=2 2 2 2 2
left_child=1 -1 3 4 -3
right_child=-2 2 -4 -5 -6
leaf_value=0.062149933461903444 -0.037407242443241749 -0.02358665676958524 -0.065138680466958671 0.072309074022352829 0.02038957075462116
leaf_weight=4.5952496081590715 6.3076215684413901 4.6468194574117678 5.3697638511657706 4.5316815674304953 4.4182107895612717
leaf_count=21 27 20 23 21 20
internal_value=0 0.0103549 -0.00219414 0.0226646 -0.00215306
internal_weight=0 23.5617 18.9665 13.5967 9.06503
internal_count=132 105 84 61 40
is_linear=0
shrinkage=0.1


Tree=14
num_leaves=4
num_cat=0
split_feature=0 4 5
split_gain=1.01084 2.31863 1.5036
threshold=0.15000000000000005 1.0000000180025095e-35 228.64923747276717
decision_type=2 2 2
left_child=-1 -2 -3
right_child=1 2 -4
leaf_value=-0.028229007116093881 0.066380741435694154 0.02487156045061191 -0.038010776916209799
leaf_weight=8.7738579809665698 5.7372955083847073 7.2311433255672446 8.0198626071214658
leaf_count=38 27 31 36
internal_value=0 0.0121903 -0.00819562
internal_weight=0 20.9883 15.251
internal_count=132 94 67
is_linear=0
shrinkage=0.1


Tree=15
num_leaves=5
num_cat=0
split_feature=7 7 0 11
split_gain=1.12383 1.10134 2.60631 1.57027
threshold=30.500000000000004 63.500000000000007 0.25000000000000006 0.55000000000000004
decision_type=2 2 2 2
left_child=-1 -2 3 -3
right_child=1 2 -4 -5
leaf_value=0.036742029395615446 -0.040879602240015744 -0.063559589173171865 0.060598393878281503 0.01605136448814426
leaf_weight=6.5794252306222942 7.736963719129565 5.1472634524106962 5.4962877780199042 4.7768994867801666
leaf_count=30 33 22 26 21
internal_value=0 -0.0100918 0.00535549 -0.0252396
internal_weight=0 23.1574 15.4205 9.92416
internal_count=132 102 69 43
is_linear=0
shrinkage=0.1


Tree=16
num_leaves=6
num_cat=0
split_feature=10 7 11 0 5
split_gain=1.04364 1.88293 3.25671 1.85788 2.37538
threshold=639.66666666666799 72.500000000000014 1.0000000180025095e-35 2.6500000000000017 279.75243147657073
decision_type=2 2 2 2 2
left_child=1 3 -3 4 -1
right_child=-2 2 -4 -5 -6
leaf_value=-0.089236967832406491 -0.043251988556697429 -0.011829451964891533 0.10399204753653826 0.038612900641384486 0.0061834954324138875
leaf_weight=4.7593950629234367 4.6458881050348273 5.1568921655416471 4.5873264521360397 4.7115572690963736 5.7736857533454895
leaf_count=20 20 23 22 21 26
internal_value=0 0.008362 0.0426963 -0.0135842 -0.0369324
internal_weight=0 24.9889 9.74422 15.2446 10.5331
internal_count=132 112 45 67 46
is_linear=0
shrinkage=0.1


Tree=17
num_leaves=5
num_cat=0
split_feature=7 10 7 10
split_gain=0.917717 1.22198 2.68454 1.79802
threshold=30.500000000000004 631.49999999999693 72.500000000000014 350.33333333333036
decision_type=2 2 2 2
left_child=-1 2 -2 -4
right_child=1 -3 3 -5
leaf_value=0.033446226310920202 -0.037863593690872235 -0.053715036453136106 -0.0025773379882291936 0.084135844838289467
leaf_weight=6.5057976096868542 8.5636366158723884 4.844400390982627 4.9641087949275953 4.6136744022369385
leaf_count=30 36 21 22 23
internal_value=0 -0.0090963 0.00281848 0.0391929
internal_weight=0 22.9858 18.1414 9.57778
internal_count=132 102 81 45
is_linear=0
shrinkage=0.1


Tree=18
num_leaves=5
num_cat=0
split_feature=0 4 5 0
split_gain=0.872284 1.76481 1.48636 0.351856
threshold=0.15000000000000005 1.0000000180025095e-35 150.81410825199643 1.0500000000000003
decision_type=2 2 2 2
left_child=-1 -2 -3 -4
right_child=1 2 3 -5
leaf_value=-0.026202816469972825 0.060286337128607592 0.039635405813083877 -0.0077067615889923335 -0.044716683259902634
leaf_weight=8.7307619899511355 5.455282703042033 4.8492159694433203 4.807324603199957 5.5165601819753647
leaf_count=38 27 21 22 24
internal_value=0 0.0115059 -0.00603242 -0.027483
internal_weight=0 20.6284 15.1731 10.3239
internal_count=132 94 67 46
is_linear=0
shrinkage=0.1


Tree=19
num_leaves=4
num_cat=0
split_feature=0 4 5
split_gain=0.70561 1.46657 1.2543
threshold=0.15000000000000005 1.0000000180025095e-35 228.64923747276717
decision_type=2 2 2
left_child=-1 -2 -3
right_child=1 2 -4
leaf_value=-0.023447626193949068 0.055520617616020278 0.025139139444933359 -0.032419694030937952
leaf_weight=8.778317406773569 5.3375424146652248 7.1335122585296622 8.0677949935197812
leaf_count=38 27 31 36
internal_value=0 0.0104251 -0.00540908
internal_weight=0 20.5388 15.2013
internal_count=132 94 67
is_linear=0
shrinkage=0.1


Tree=20
num_leaves=5
num_cat=0
split_feature=10 11 0 10
split_gain=0.897811 1.68621 2.31347 0.75145
threshold=348.83333333333337 2.4000000000000008 0.15000000000000005 401.50000000000006
decision_type=2 2 2 2
left_child=-1 2 -2 -4
right_child=1 -3 3 -5
leaf_value=0.031132983067676263 -0.058743339775483218 -0.058507758716392633 0.0065516486009826805 0.056007643793314479
leaf_weight=7.1306430995464352 4.1610481441021028 5.3581677228212348 7.3468727767467481 5.280448392033577
leaf_count=32 18 23 33 26
internal_value=0 -0.00966511 0.00592349 0.027233
internal_weight=0 22.1465 16.7884 12.6273
internal_count=132 100 77 59
is_linear=0
shrinkage=0.1


Tree=21
num_leaves=6
num_cat=0
split_feature=0 0 11 0 11
split_gain=0.765536 1.35411 1.6101 0.273257 0.728923
threshold=2.6500000000000017 1.0500000000000003 0.90000000000000013 0.25000000000000006 0.55000000000000004
decision_type=2 2 2 2 2
left_child=1 2 3 4 -1
right_child=-2 -3 -4 -5 -6
leaf_value=-0.043892560611115766 0.037505402789970985 -0.050839352287298627 0.060218322828032571 0.0097786245890511304 0.010244738082307508
leaf_weight=5.4433147460222333 4.6415901482105246 5.4312680512666693 4.2258700728416434 4.8395320922136298 4.5794311016798019
leaf_count=23 21 23 21 23 21
internal_value=0 -0.00678358 0.00575188 -0.00973485 -0.019157
internal_weight=0 24.5194 19.0881 14.8623 10.0227
internal_count=132 111 88 67 44
is_linear=0
shrinkage=0.1


Tree=22
num_leaves=5
num_cat=0
split_feature=7 11 11 5
split_gain=0.817891 1.24734 1.32136 2.15537
threshold=105.50000000000001 0.40000000000000013 1.0500000000000003 279.75243147657073
decision_type=2 2 2 2
left_child=1 -1 -3 -4
right_child=-2 2 3 -5
leaf_value=0.05064762553661363 -0.032095112683417103 -0.046248532345999571 -0.019387872937246916 0.066875759126086093
leaf_weight=5.4640807285904947 6.1585208177566519 5.2153922021389034 7.5126156806945783 4.7138564735651016
leaf_count=25 27 23 33 24
internal_value=0 0.00895521 -0.00410593 0.0138706
internal_weight=0 22.9059 17.4419 12.2265
internal_count=132 105 80 57
is_linear=0
shrinkage=0.1


Tree=23
num_leaves=5
num_cat=0
split_feature=10 11 3 10
split_gain=0.843111 1.27322 1.53182 1.63146
threshold=348.83333333333337 2.4000000000000008 771.16666666667118 450.00000000000006
decision_type=2 2 2 2
left_child=-1 2 3 -2
right_child=1 -3 -4 -5
leaf_value=0.03028173699425046 -0.055029236254105954 -0.05178758312969306 0.047004144946868311 0.02209471328758808
leaf_weight=7.0711931586265591 5.6190640628337913 5.3605032563209525 5.5696994438767424 5.3584015220403671
leaf_count=32 24 23 28 25
internal_value=0 -0.00943181 0.00428947 -0.0173829
internal_weight=0 21.9077 16.5472 10.9775
internal_count=132 100 77 49
is_linear=0
shrinkage=0.1


Tree=24
num_leaves=5
num_cat=0
split_feature=0 0 11 11
split_gain=0.75821 1.04051 1.20559 0.249985
threshold=2.6500000000000017 1.0500000000000003 0.90000000000000013 1.0000000180025095e-35
decision_type=2 2 2 2
left_child=1 2 3 -1
right_child=-2 -3 -4 -5
leaf_value=-0.022302713140658528 0.03741588860248992 -0.045486931992499306 0.052772094512653071 0.0036864198454392115
leaf_weight=7.1832585111260503 4.6124913543462744 5.4067437797784796 4.0302698835730544 7.6348625421524048
leaf_count=32 21 23 21 35
internal_value=0 -0.00681552 0.00427755 -0.00891212
internal_weight=0 24.2551 18.8484 14.8181
internal_count=132 111 88 67
is_linear=0
shrinkage=0.1


Tree=25
num_leaves=5
num_cat=0
split_feature=10 7 10 7
split_gain=0.878989 1.42535 1.52826 1.03061
threshold=639.66666666666799 72.500000000000014 350.33333333333036 30.500000000000004
decision_type=2 2 2 2
left_child=1 3 -3 -1
right_child=-2 2 -4 -5
leaf_value=0.021215797991499835 -0.040062440305295773 0.00066835993369932867 0.08198344282291406 -0.032509406483509411
leaf_weight=5.8989497572183671 4.5553514808416358 4.9572941660881025 4.3302120491862297 9.0459664314985258
leaf_count=28 20 22 23 39
internal_value=0 0.0078156 0.0385807 -0.0113034
internal_weight=0 24.2324 9.28751 14.9449
internal_count=132 112 45 67
is_linear=0
shrinkage=0.1


Tree=26
num_leaves=5
num_cat=0
split_feature=10 11 0 0
split_gain=0.737123 1.00579 1.88751 0.660044
threshold=348.83333333333337 2.4000000000000008 0.65000000000000002 0.15000000000000005
decision_type=2 2 2 2
left_child=-1 2 3 -2
right_child=1 -3 -4 -5
leaf_value=0.028438924464529426 -0.052537244165826447 -0.046569447246886789 0.050345919722693616 -0.0015245358679995969
leaf_weight=7.0052533298730877 4.1295275241136604 5.3358154892921439 5.6240383982658377 6.5745054557919502
leaf_count=32 18 23 25 34
internal_value=0 -0.00887725 0.00344011 -0.0212048
internal_weight=0 21.6639 16.3281 10.704
internal_count=132 100 77 52
is_linear=0
shrinkage=0.1


Tree=27
num_leaves=5
num_cat=0
split_feature=7 11 11 11
split_gain=0.744474 0.97041 1.21484 1.26743
threshold=105.50000000000001 1.0000000180025095e-35 1.5000000000000002 2.7499999999999996
decision_type=2 2 2 2
left_child=1 -1 -3 -4
right_child=-2 2 3 -5
leaf_value=0.049884572423862961 -0.030753704088377992 -0.031850739503108454 0.062537716696877757 -0.0088505327696162834
leaf_weight=4.5490128770470681 6.1011628359556189 7.696509592235091 4.2456027865409833 6.0039245784282684
leaf_count=21 27 36 21 27
internal_value=0 0.00863116 -0.00182587 0.0207202
internal_weight=0 22.495 17.946 10.2495
internal_count=132 105 84 48
is_linear=0
shrinkage=0.1


Tree=28
num_leaves=5
num_cat=0
split_feature=7 7 7 7
split_gain=0.689396 0.623363 0.885123 0.266773
threshold=30.500000000000004 57.500000000000007 105.50000000000001 78.500000000000014
decision_type=2 2 2 2
left_child=-1 -2 3 -3
right_child=1 2 -4 -5
leaf_value=0.029425395250936705 -0.035037533483617732 0.003425120201040216 -0.027551698651056267 0.036253441029834008
leaf_weight=6.3006993234157589 6.1792194843292263 4.6837743967771548 6.1277025490999213 5.2501102462410927
leaf_count=30 27 21 27 27
internal_value=0 -0.0080463 0.00233778 0.0207751
internal_weight=0 22.2408 16.0616 9.93388
internal_count=132 102 75 48
is_linear=0
shrinkage=0.1


Tree=29
num_leaves=5
num_cat=0
split_feature=10 10 5 7
split_gain=0.618924 0.608115 0.973868 0.0567414
threshold=348.83333333333337 382.33333333333491 380.29365079364965 90.500000000000014
decision_type=2 2 2 2
left_child=-1 -2 3 -3
right_child=1 2 -4 -5
leaf_value=0.026255433289779292 -0.034670948383669957 -0.0092173199112512757 0.037319775581431083 -0.024369663449219474
leaf_weight=6.9099180996418026 6.1662008613348034 5.7858975976705533 5.2762491777539244 4.3141194581985474
leaf_count=32 27 26 27 20
internal_value=0 -0.00813944 0.00250024 -0.0156895
internal_weight=0 21.5425 15.3763 10.1
internal_count=132 100 73 46
is_linear=0
shrinkage=0.1


Tree=30
num_leaves=6
num_cat=0
split_feature=0 0 0 10 10
split_gain=0.648741 0.758392 0.745992 1.42917 0.426502
threshold=2.6500000000000017 1.0500000000000003 0.25000000000000006 399.33333333333036 348.83333333333337
decision_type=2 2 2 2 2
left_child=1 2 4 -4 -1
right_child=-2 -3 3 -5 -6
leaf_value=0.0070127736667651257 0.034929544553870637 -0.039567830723316079 -0.012015585735377581 0.069938834851008033 -0.03463705391242218
leaf_weight=4.545402020215997 4.5218588560819617 5.3435638993978491 4.7443383708596212 3.8583084493875504 5.3554196953773499
leaf_count=20 21 23 24 20 24
internal_value=0 -0.00638292 0.00320045 0.0247412 -0.0155159
internal_weight=0 23.847 18.5035 8.60265 9.90082
internal_count=132 111 88 44 44
is_linear=0
shrinkage=0.1


Tree=31
num_leaves=6
num_cat=0
split_feature=10 7 11 0 5
split_gain=0.63477 1.27763 2.75708 1.20862 1.40746
threshold=639.66666666666799 72.500000000000014 1.0000000180025095e-35 2.6500000000000017 279.75243147657073
decision_type=2 2 2 2 2
left_child=1 3 -3 4 -1
right_child=-2 2 -4 -5 -6
leaf_value=-0.071102846463799052 -0.034353554113138521 -0.0142326151132369 0.096242517117253637 0.031717288952677697 0.0034786702493928346
leaf_weight=4.6566608399152809 4.4747515171766272 4.9558799266815168 4.1512758061289787 4.4839131981134406 5.5412793681025505
leaf_count=20 20 23 22 21 26
internal_value=0 0.00669999 0.0361248 -0.0115522 -0.0305773
internal_weight=0 23.789 9.10716 14.6819 10.1979
internal_count=132 112 45 67 46
is_linear=0
shrinkage=0.1


Tree=32
num_leaves=5
num_cat=0
split_feature=11 10 4 7
split_gain=0.553955 1.49655 0.967309 1.18975
threshold=1.5000000000000002 379.83333333333582 1.0000000180025095e-35 105.50000000000001
decision_type=2 2 2 2
left_child=2 -2 3 -1
right_child=1 -3 -4 -5
leaf_value=0.037623521428254952 0.065701301509313442 -0.013101663968502989 -0.042877122248786356 -0.025120310782701518
leaf_weight=6.0209315791726166 4.0796104893088323 5.8883169442415237 6.0399273335933676 6.0677837133407593
leaf_count=30 20 28 27 27
internal_value=0 0.0191503 -0.0101977 0.00613002
internal_weight=0 9.96793 18.1286 12.0887
internal_count=132 48 84 57
is_linear=0
shrinkage=0.1


Tree=33
num_leaves=5
num_cat=0
split_feature=10 10 10 5
split_gain=0.485509 1.19892 0.768783 1.49951
threshold=639.66666666666799 450.00000000000006 379.83333333333582 102.95752895752945
decision_type=2 2 2 2
left_child=1 2 3 -1
right_child=-2 -3 -4 -5
leaf_value=-0.016658929882257961 -0.029937543663735935 0.052273470653586042 -0.028955640699921327 0.058943683849088852
leaf_weight=6.9602001458406537 4.4876479655504218 4.5163030177354804 7.877860151231288 4.2105316147208214
leaf_count=32 20 25 35 20
internal_value=0 0.00594991 -0.00503311 0.0118376
internal_weight=0 23.5649 19.0486 11.1707
internal_count=132 112 87 52
is_linear=0
shrinkage=0.1


Tree=34
num_leaves=5
num_cat=0
split_feature=7 10 7 10
split_gain=0.518754 0.694788 1.8096 2.06354
threshold=30.500000000000004 631.49999999999693 57.500000000000007 350.33333333333036
decision_type=2 2 2 2
left_child=-1 2 -2 -4
right_child=1 -3 3 -5
leaf_value=0.025855354446423409 -0.04681441892104253 -0.041182840842555427 -0.018365567738925549 0.0648752420329166
leaf_weight=6.1509754285216358 5.2171905934810701 4.6780265271663657 5.8782478272914869 6.0362504869699478
leaf_count=30 23 21 27 31
internal_value=0 -0.00702661 0.00230019 0.0238068
internal_weight=0 21.8097 17.1317 11.9145
internal_count=132 102 81 58
is_linear=0
shrinkage=0.1


Tree=35
num_leaves=5
num_cat=0
split_feature=10 11 10 10
split_gain=0.464669 0.905321 1.15305 1.61645
threshold=348.83333333333337 2.4000000000000008 382.66666666665884 631.49999999999693
decision_type=2 2 2 2
left_child=-1 2 -2 -4
right_child=1 -3 3 -5
leaf_value=0.023079894790276136 -0.040733494283432661 -0.043197410341839521 0.04964930409756399 -0.026753697049577248
leaf_weight=6.7338638901710537 4.1218064650893238 5.2251725345849982 7.3143525123596174 4.4561552703380585
leaf_count=32 19 23 38 20
internal_value=0 -0.00708776 0.0047846 0.0207242
internal_weight=0 21.1175 15.8923 11.7705
internal_count=132 100 77 58
is_linear=0
shrinkage=0.1


Tree=36
num_leaves=5
num_cat=0
split_feature=11 10 4 11
split_gain=0.482478 1.12276 0.758258 1.07878
threshold=1.5000000000000002 379.83333333333582 1.0000000180025095e-35 1.0000000180025095e-35
decision_type=2 2 2 2
left_child=2 -2 3 -1
right_child=1 -3 -4 -5
leaf_value=-0.023165533313055712 0.059156951974537769 -0.0097352267856756613 -0.038344094585115548 0.037326777324796057
leaf_weight=6.2982498630881363 3.959211125969885 5.8773316890001297 6.0598853230476371 5.5421837568283081
leaf_count=29 20 28 27 28
internal_value=0 0.0179939 -0.00957476 0.00514927
internal_weight=0 9.83654 17.9003 11.8404
internal_count=132 48 84 57
is_linear=0
shrinkage=0.1


Tree=37
num_leaves=5
num_cat=0
split_feature=7 11 4 11
split_gain=0.471297 0.703087 1.17413 0.888702
threshold=30.500000000000004 1.5000000000000002 1.0000000180025095e-35 1.0000000180025095e-35
decision_type=2 2 2 2
left_child=-1 2 3 -2
right_child=1 -3 -4 -5
leaf_value=0.024750546938814986 -0.026593043025655651 0.023056023177336796 -0.061301307375187623 0.029471547651526889
leaf_weight=6.0961660072207478 6.1073759943246859 5.7968345806002608 4.4348778575658789 5.2644776180386543
leaf_count=30 28 28 19 27
internal_value=0 -0.00673376 -0.0176586 -0.000638542
internal_weight=0 21.6036 15.8067 11.3719
internal_count=132 102 74 55
is_linear=0
shrinkage=0.1


Tree=38
num_leaves=5
num_cat=0
split_feature=10 10 5 10
split_gain=0.357461 0.587101 0.854976 0.0200695
threshold=348.83333333333337 382.33333333333491 380.29365079364965 524.3333333333286
decision_type=2 2 2 2
left_child=-1 -2 3 -3
right_child=1 2 -4 -5
leaf_value=0.020475747202414803 -0.032278483026358093 -0.0084840445040574846 0.037468556366539195 -0.017557915889174283
leaf_weight=6.6069756820797947 6.1166194081306484 5.02437014877796 5.1520533710718146 4.7343872711062431
leaf_count=32 27 23 27 23
internal_value=0 -0.00618945 0.00451264 -0.0128862
internal_weight=0 21.0274 14.9108 9.75876
internal_count=132 100 73 46
is_linear=0
shrinkage=0.1


Tree=39
num_leaves=4
num_cat=0
split_feature=0 5 7
split_gain=0.477747 1.25853 2.02517
threshold=0.15000000000000005 150.81410825199643 36.500000000000007
decision_type=2 2 2
left_child=-1 -2 -3
right_child=1 2 -4
leaf_value=-0.019747117453829382 0.042183461648747783 -0.060393011010265445 0.023081717295825546
leaf_weight=8.3775325566530245 7.1284316629171398 4.8945250213146192 7.1550496444106102
leaf_count=38 35 24 35
internal_value=0 0.00887776 -0.0108256
internal_weight=0 19.178 12.0496
internal_count=132 94 59
is_linear=0
shrinkage=0.1


Tree=40
num_leaves=5
num_cat=0
split_feature=7 11 11 7
split_gain=0.489722 0.508655 1.12322 0.777363
threshold=30.500000000000004 1.5000000000000002 0.75000000000000011 105.50000000000001
decision_type=2 2 2 2
left_child=-1 2 3 -2
right_child=1 -3 -4 -5
leaf_value=0.025229391119683382 0.030284171367747095 0.01858335785990092 -0.056487288301949469 -0.023177406938316367
leaf_weight=6.079880706965926 5.0514407530426997 5.7345045879483214 4.8081393837928763 5.8924695998430252
leaf_count=30 24 28 23 27
internal_value=0 -0.00691716 -0.0162006 0.00149915
internal_weight=0 21.4866 15.752 10.9439
internal_count=132 102 74 51
is_linear=0
shrinkage=0.1


Tree=41
num_leaves=5
num_cat=0
split_feature=10 11 0 11
split_gain=0.324174 0.994106 1.22797 0.960125
threshold=348.83333333333337 2.7499999999999996 0.65000000000000002 0.40000000000000013
decision_type=2 2 2 2
left_child=-1 2 3 -2
right_child=1 -3 -4 -5
leaf_value=0.019583075402824397 0.02214071123544609 -0.046096229896025284 0.042183101137273284 -0.040074521966005999
leaf_weight=6.5528130978345898 4.159197494387632 4.7569435685873023 5.9205985516309729 6.1456010416150093
leaf_count=32 20 21 27 32
internal_value=0 -0.0058965 0.00588921 -0.0149634
internal_weight=0 20.9823 16.2254 10.3048
internal_count=132 100 79 52
is_linear=0
shrinkage=0.1


Tree=42
num_leaves=5
num_cat=0
split_feature=7 7 0 7
split_gain=0.427964 0.473881 1.49422 0.901193
threshold=30.500000000000004 72.500000000000014 1.3500000000000003 105.50000000000001
decision_type=2 2 2 2
left_child=-1 2 -2 -3
right_child=1 3 -4 -5
leaf_value=0.023686599781032082 -0.062180948828998384 0.033783455113180753 0.017279660356015226 -0.021029523074963394
leaf_weight=6.0359500944614437 4.8212050199508685 6.0806706771254522 4.6480267196893692 5.9195571839809418
leaf_count=30 21 33 21 27
internal_value=0 -0.00645243 -0.0231773 0.00674492
internal_weight=0 21.4695 9.46923 12.0002
internal_count=132 102 42 60
is_linear=0
shrinkage=0.1


Tree=43
num_leaves=5
num_cat=0
split_feature=10 11 3 10
split_gain=0.268352 0.92386 0.958465 1.48169
threshold=348.83333333333337 2.4000000000000008 771.16666666667118 450.00000000000006
decision_type=2 2 2 2
left_child=-1 2 3 -2
right_child=1 -3 -4 -5
leaf_value=0.017933359640333792 -0.046120973269739782 -0.04165427040627985 0.042047272055822899 0.029081064454039702
leaf_weight=6.4838298633694675 5.5368067473173159 5.2509983181953421 5.1723895668983451 4.9733309224247932
leaf_count=32 24 23 28 25
internal_value=0 -0.00534907 0.00680705 -0.0105358
internal_weight=0 20.9335 15.6825 10.5101
internal_count=132 100 77 49
is_linear=0
shrinkage=0.1


Tree=44
num_leaves=5
num_cat=0
split_feature=7 11 4 11
split_gain=0.406846 0.489869 0.926725 0.912431
threshold=30.500000000000004 1.5000000000000002 1.0000000180025095e-35 1.0000000180025095e-35
decision_type=2 2 2 2
left_child=-1 2 3 -2
right_child=1 -3 -4 -5
leaf_value=0.023175809455195869 -0.026698972971877562 0.018943441961376137 -0.054143361727947328 0.030408084366789635
leaf_weight=5.9918349832296398 6.0182161554694193 5.6449202746152869 4.4314313530921927 5.2285323068499565
leaf_count=30 28 28 19 27
internal_value=0 -0.00631657 -0.0154114 -0.000150314
internal_weight=0 21.3231 15.6782 11.2467
internal_count=132 102 74 55
is_linear=0
shrinkage=0.1


Tree=45
num_leaves=4
num_cat=0
split_feature=0 5 7
split_gain=0.404413 0.971796 1.74533
threshold=0.15000000000000005 150.81410825199643 36.500000000000007
decision_type=2 2 2
left_child=-1 -2 -3
right_child=1 2 -4
leaf_value=-0.018230433226231822 0.037818234120014109 -0.054991925968014416 0.022767208517198059
leaf_weight=8.3191602379083651 6.994727291166785 4.8937635347247106 7.0375331789255142
leaf_count=38 35 24 35
internal_value=0 0.00822337 -0.00912663
internal_weight=0 18.926 11.9313
internal_count=132 94 59
is_linear=0
shrinkage=0.1


Tree=46
num_leaves=5
num_cat=0
split_feature=0 5 5 10
split_gain=0.333799 0.985847 0.798883 0.394161
threshold=0.25000000000000006 150.81410825199643 380.29365079364965 357.33333333333218
decision_type=2 2 2 2
left_child=3 -2 -3 -1
right_child=1 2 -4 -5
leaf_value=0.0045466925567473806 0.04206004162229493 -0.037002081918193971 0.014995197295869546 -0.036262984671404777
leaf_weight=4.9401636719703692 5.8011368215084103 5.3298652321100217 6.6306262984871864 4.5433410257101059
leaf_count=22 29 24 35 22
internal_value=0 0.00823165 -0.00817597 -0.0150043
internal_weight=0 17.7616 11.9605 9.4835
internal_count=132 88 59 44
is_linear=0
shrinkage=0.1


Tree=47
num_leaves=5
num_cat=0
split_feature=7 7 0 7
split_gain=0.396527 0.469654 0.763004 0.683628
threshold=30.500000000000004 96.500000000000014 1.2500000000000002 72.500000000000014
decision_type=2 2 2 2
left_child=-1 2 3 -2
right_child=1 -3 -4 -5
leaf_value=0.022930290052282257 -0.063327159594244328 0.014077295380841241 0.013579376120114237 -0.0073745275306156032
leaf_weight=5.9600530788302448 4.3255903720855731 7.4002241119742385 5.1057629138231269 4.4097403734922409
leaf_count=30 19 36 23 24
internal_value=0 -0.0062585 -0.0171312 -0.0350813
internal_weight=0 21.2413 13.8411 8.73533
internal_count=132 102 66 43
is_linear=0
shrinkage=0.1


Tree=48
num_leaves=5
num_cat=0
split_feature=7 10 7 10
split_gain=0.323057 0.523635 1.49862 1.39344
threshold=30.500000000000004 631.49999999999693 63.500000000000007 350.33333333333036
decision_type=2 2 2 2
left_child=-1 2 -2 -4
right_child=1 -3 3 -5
leaf_value=0.020795226289660851 -0.03498869318544625 -0.03545834621805042 -0.01017721672328761 0.063823975607070246
leaf_weight=5.9171375632286098 6.4724842309951844 4.6076361984014502 5.1262375935912114 5.0525082051753998
leaf_count=30 29 21 24 28
internal_value=0 -0.00562319 0.00263263 0.0265554
internal_weight=0 21.2589 16.6512 10.1787
internal_count=132 102 81 52
is_linear=0
shrinkage=0.1


Tree=49
num_leaves=4
num_cat=0
split_feature=0 10 5
split_gain=0.335233 0.871409 0.744613
threshold=0.15000000000000005 616.50000000000011 193.60504920838693
decision_type=2 2 2
left_child=-1 2 -2
right_child=1 -3 -4
leaf_value=-0.016597332670984441 0.01899554252779594 0.046502296602482118 -0.026560278067310157
leaf_weight=8.3028190433979052 6.9906204119324702 4.3947266712784758 7.3711468875408173
leaf_count=38 35 23 36
internal_value=0 0.00753743 -0.00438589
internal_weight=0 18.7565 14.3618
internal_count=132 94 71
is_linear=0
shrinkage=0.1


Tree=50
num_leaves=6
num_cat=0
split_feature=5 0 11 0 10
split_gain=0.357473 1.81981 0.744114 0.866067 0.047096
threshold=279.75243147657073 0.65000000000000002 0.75000000000000011 2.2000000000000011 350.33333333333945
decision_type=2 2 2 2 2
left_child=2 -2 4 -4 -1
right_child=1 -3 3 -5 -6
leaf_value=0.0026073240540490151 -0.028738628719923637 0.067111487696631264 -0.06358885277239866 -9.0098431814099509e-05 0.016288504032427015
leaf_weight=4.2454584240913444 4.0642830133438101 3.863995835185051 3.9367221891880018 4.7271242216229439 6.1771622970700264
leaf_count=19 22 19 18 23 31
internal_value=0 0.0179757 -0.00728639 -0.028943 0.0107157
internal_weight=0 7.92828 19.0865 8.66385 10.4226
internal_count=132 41 91 41 50
is_linear=0
shrinkage=0.1


Tree=51
num_leaves=5
num_cat=0
split_feature=7 11 0 0
split_gain=0.332805 0.841543 0.793131 1.02883
threshold=105.50000000000001 0.40000000000000013 0.65000000000000002 1.6500000000000006
decision_type=2 2 2 2
left_child=1 -1 -3 -4
right_child=-2 2 3 -5
leaf_value=0.04133220118176946 -0.021064195797750981 -0.037111744051826198 0.050406809732418803 -0.01345531823393571
leaf_weight=5.1018413305282655 5.8139105290174475 5.2650417089462307 4.0083265379071218 6.8061249181628227
leaf_count=25 27 28 19 33
internal_value=0 0.00594598 -0.00528167 0.0102149
internal_weight=0 21.1813 16.0795 10.8145
internal_count=132 105 80 52
is_linear=0
shrinkage=0.1


Tree=52
num_leaves=5
num_cat=0
split_feature=10 11 0 5
split_gain=0.322078 0.87737 1.03471 1.43352
threshold=348.83333333333337 2.4000000000000008 0.25000000000000006 781.33333333333405
decision_type=2 2 2 2
left_child=-1 2 -2 -4
right_child=1 -3 3 -5
leaf_value=0.019610036802254004 -0.03136822233505094 -0.041481118698933471 0.058279699279342602 -0.016533003471492832
leaf_weight=6.4550791978836086 4.9826640635728863 5.2021483182907096 5.6094246208667737 4.7133652716875076
leaf_count=32 24 23 28 25
internal_value=0 -0.00600259 0.00605615 0.0241204
internal_weight=0 20.5076 15.3055 10.3228
internal_count=132 100 77 53
is_linear=0
shrinkage=0.1


Tree=53
num_leaves=5
num_cat=0
split_feature=7 10 7 10
split_gain=0.295143 0.473567 1.38204 0.766958
threshold=30.500000000000004 631.49999999999693 72.500000000000014 268.83333333332854
decision_type=2 2 2 2
left_child=-1 2 -2 -4
right_child=1 -3 3 -5
leaf_value=0.019995032881265723 -0.027339491851592852 -0.034009535876874095 -0.0040737099737410947 0.056674864505897905
leaf_weight=5.8506434336304691 8.0009888559579903 4.5367996096611014 3.641479589045046 4.8412364646792412
leaf_count=30 36 21 17 28
internal_value=0 -0.00539927 0.00247512 0.0305966
internal_weight=0 21.0205 16.4837 8.48272
internal_count=132 102 81 45
is_linear=0
shrinkage=0.1


Tree=54
num_leaves=5
num_cat=0
split_feature=7 7 7 0
split_gain=0.281801 0.486994 0.458367 1.0732
threshold=105.50000000000001 72.500000000000014 30.500000000000004 1.3500000000000003
decision_type=2 2 2 2
left_child=1 2 -1 -4
right_child=-2 -3 3 -5
leaf_value=0.018117762574926085 -0.019430728934797442 0.030088284703674473 -0.050496836185774885 0.017311147258386252
leaf_weight=5.8132302835583749 5.7753645852208129 5.8253925181925288 4.817667216062544 4.5276836603879929
leaf_count=30 27 33 21 21
internal_value=0 0.00551379 -0.00393011 -0.0176449
internal_weight=0 20.984 15.1586 9.34535
internal_count=132 105 72 42
is_linear=0
shrinkage=0.1


Tree=55
num_leaves=6
num_cat=0
split_feature=5 0 11 7 0
split_gain=0.313738 1.32959 0.483901 0.859525 0.750925
threshold=279.75243147657073 0.65000000000000002 0.75000000000000011 105.50000000000001 2.2000000000000011
decision_type=2 2 2 2 2
left_child=2 -2 3 -1 -4
right_child=1 -3 4 -5 -6
leaf_value=0.041151859704693115 -0.022556099207058769 0.059916996633378516 -0.056441132326621915 -0.017460773081106447 0.0027192804745815413
leaf_weight=4.4092989191412979 4.081306777894496 3.7516065388917923 3.9449740797281247 5.7837817966938019 4.7037015035748482
leaf_count=23 22 19 18 27 23
internal_value=0 0.0169447 -0.00686807 0.00789374 -0.0242659
internal_weight=0 7.83291 18.8418 10.1931 8.64868
internal_count=132 41 91 50 41
is_linear=0
shrinkage=0.1


Tree=56
num_leaves=6
num_cat=0
split_feature=10 11 10 10 7
split_gain=0.288043 0.746571 0.873736 1.99966 2.63905e-05
threshold=348.83333333333337 2.4000000000000008 382.66666666665884 639.66666666666799 51.500000000000007
decision_type=2 2 2 2 2
left_child=-1 2 -2 4 -4
right_child=1 -3 3 -5 -6
leaf_value=0.018641764505886674 -0.03530193798226617 -0.038491160326522209 0.050710660460032697 -0.03853493452092685 0.050329672277389173
leaf_weight=6.3860966786742237 3.8837975338101414 5.1729808449745169 3.4058391824364644 3.8518180847167969 3.9001097269356251
leaf_count=32 19 23 18 18 22
internal_value=0 -0.00572091 0.00554919 0.0197687 0.0505073
internal_weight=0 20.2145 15.0416 11.1578 7.30595
internal_count=132 100 77 58 40
is_linear=0
shrinkage=0.1


Tree=57
num_leaves=5
num_cat=0
split_feature=11 0 0 5
split_gain=0.289781 0.738034 1.12767 0.440268
threshold=1.0000000180025095e-35 1.0500000000000003 2.6500000000000017 781.33333333333405
decision_type=2 2 2 2
left_child=-1 3 -3 -2
right_child=1 2 -4 -5
leaf_value=-0.016885654782328202 0.04141011743391787 -0.05085413192159316 0.022000744693683683 0.00035586535187423111
leaf_weight=7.2622731477022198 6.1736047342419642 4.3688393831253034 4.1357025951147079 4.528074286878109
leaf_count=35 32 20 21 24
internal_value=0 0.00656434 -0.0154253 0.0240393
internal_weight=0 19.2062 8.50454 10.7017
internal_count=132 97 41 56
is_linear=0
shrinkage=0.1


Tree=58
num_leaves=5
num_cat=0
split_feature=7 5 11 7
split_gain=0.266138 1.22531 0.426836 0.250583
threshold=36.500000000000007 279.75243147657073 0.75000000000000011 111.50000000000001
decision_type=2 2 2 2
left_child=-1 2 3 -2
right_child=1 -3 -4 -5
leaf_value=-0.01660390029038334 0.021454010951941313 0.05161121539682121 -0.029545308279872069 -0.011457008767381259
leaf_weight=6.9908234849572208 4.7529720589518565 4.5414443165063849 5.5965438336133948 4.5075080692768097
leaf_count=36 25 24 26 21
internal_value=0 0.00615335 -0.00774205 0.00543468
internal_weight=0 19.3985 14.857 9.26048
internal_count=132 96 72 46
is_linear=0
shrinkage=0.1


Tree=59
num_leaves=5
num_cat=0
split_feature=11 10 10 10
split_gain=0.279998 0.919199 0.477605 1.22934
threshold=1.5000000000000002 382.33333333333036 386.33333333333377 589.99999999999648
decision_type=2 2 2 2
left_child=2 -2 -1 -4
right_child=1 -3 3 -5
leaf_value=-0.024912166029129539 0.049081368084917247 -0.014283358674482214 0.047812215817514957 -0.026665312485209744
leaf_weight=8.1789582744240814 4.1501122713088971 5.1060624271631241 4.2063587382435781 4.6843970790505409
leaf_count=38 22 26 22 24
internal_value=0 0.0141269 -0.00747237 0.0085712
internal_weight=0 9.25617 17.0697 8.89076
internal_count=132 48 84 46
is_linear=0
shrinkage=0.1


Tree=60
num_leaves=5
num_cat=0
split_feature=10 11 7 10
split_gain=0.282433 0.53074 0.702346 0.576761
threshold=348.83333333333337 2.4000000000000008 51.500000000000007 589.99999999999648
decision_type=2 2 2 2
left_child=-1 2 -2 -4
right_child=1 -3 3 -5
leaf_value=0.018529546936592398 0.034213458350402487 -0.033378590389276881 0.0074830401158583323 -0.042417799667932909
leaf_weight=6.3287825211882618 5.0415339022874859 5.1470189690589896 6.0145585164427739 3.7668470777571201
leaf_count=32 26 23 32 19
internal_value=0 -0.00571289 0.00389357 -0.0117339
internal_weight=0 19.97 14.8229 9.78141
internal_count=132 100 77 51
is_linear=0
shrinkage=0.1


Tree=61
num_leaves=5
num_cat=0
split_feature=11 7 0 11
split_gain=0.266066 0.594156 1.17522 0.584015
threshold=1.5000000000000002 63.500000000000007 0.15000000000000005 2.7499999999999996
decision_type=2 2 2 2
left_child=1 -1 -3 -2
right_child=3 2 -4 -5
leaf_value=-0.0367489228665503 0.044576158105748886 -0.018337526974543682 0.046874217561642367 -0.0068147188626241709
leaf_weight=4.8831277266144815 3.6938426196575147 7.8697760850191099 4.2592320032417774 5.5097117871046066
leaf_count=23 21 37 24 27
internal_value=0 -0.0072956 0.00456228 0.013811
internal_weight=0 17.0121 12.129 9.20355
internal_count=132 84 61 48
is_linear=0
shrinkage=0.1


Tree=62
num_leaves=5
num_cat=0
split_feature=11 0 0 5
split_gain=0.225816 0.616805 1.03266 0.454972
threshold=1.0000000180025095e-35 1.0500000000000003 2.6500000000000017 781.33333333333405
decision_type=2 2 2 2
left_child=-1 3 -3 -2
right_child=1 2 -4 -5
leaf_value=-0.014928730781129938 0.039857603830761194 -0.048638643539515324 0.021567811313905675 -0.0021739189893065442
leaf_weight=7.2205199562013176 6.0505270808935183 4.2934487313032133 4.0917968302965164 4.4838363528251648
leaf_count=35 32 20 21 24
internal_value=0 0.00585824 -0.0143796 0.0219673
internal_weight=0 18.9196 8.38525 10.5344
internal_count=132 97 41 56
is_linear=0
shrinkage=0.1


Tree=63
num_leaves=5
num_cat=0
split_feature=10 10 10 3
split_gain=0.266044 0.500049 2.04066 0.614201
threshold=348.83333333333337 450.00000000000006 659.66666666667163 699.33333333333223
decision_type=2 2 2 2
left_child=-1 3 -3 -2
right_child=1 2 -4 -5
leaf_value=0.018050532678010812 -0.042263653362856063 0.057656041307055289 -0.042637737487797089 0.003833369861010294
leaf_weight=6.276198364794257 5.7238545119762438 4.5842551030218583 3.63924740254879 5.8390729576349258
leaf_count=32 25 28 17 30
internal_value=0 -0.00557892 0.0132718 -0.0189855
internal_weight=0 19.7864 8.2235 11.5629
internal_count=132 100 45 55
is_linear=0
shrinkage=0.1


Tree=64
num_leaves=4
num_cat=0
split_feature=0 5 11
split_gain=0.276834 0.901163 0.328128
threshold=0.55000000000000016 279.75243147657073 0.75000000000000011
decision_type=2 2 2
left_child=2 -2 -1
right_child=1 -3 -4
leaf_value=0.00026390492238168446 -0.010128718096686371 0.045306648635768644 -0.034010957114292778
leaf_weight=9.4681745208799857 7.7507223039865476 4.7171492651104927 3.961911153048276
leaf_count=48 37 25 22
internal_value=0 0.0108449 -0.00984727
internal_weight=0 12.4679 13.4301
internal_count=132 62 70
is_linear=0
shrinkage=0.1


Tree=65
num_leaves=5
num_cat=0
split_feature=10 0 0 5
split_gain=0.233895 0.495243 0.737926 1.12104
threshold=348.83333333333337 1.9500000000000008 0.25000000000000006 346.36363636363666
decision_type=2 2 2 2
left_child=-1 2 -2 -4
right_child=1 -3 3 -5
leaf_value=0.016937954194431608 -0.029165854667611093 -0.032978369457895888 0.060063590829681539 -0.0079609705375589829
leaf_weight=6.262077949941161 4.6430460438132313 4.85180740058422 4.011167321354149 6.1174129471182823
leaf_count=32 24 23 20 33
internal_value=0 -0.00525894 0.00384563 0.0189784
internal_weight=0 19.6234 14.7716 10.1286
internal_count=132 100 77 53
is_linear=0
shrinkage=0.1


Tree=66
num_leaves=5
num_cat=0
split_feature=11 7 0 3
split_gain=0.266551 0.543979 1.01469 0.301444
threshold=1.5000000000000002 63.500000000000007 0.15000000000000005 696.99999999999523
decision_type=2 2 2 2
left_child=1 -1 -3 -2
right_child=3 2 -4 -5
leaf_value=-0.035516864978833107 0.033902707116449056 -0.017150541146628576 0.044074504625777583 -0.0027722780016746669
leaf_weight=4.8671021908521714 4.1213360950350744 7.7800379395484907 4.1512955576181412 4.9124618396162987
leaf_count=23 21 37 24 27
internal_value=0 -0.00734174 0.00415163 0.0139593
internal_weight=0 16.7984 11.9313 9.0338
internal_count=132 84 61 48
is_linear=0
shrinkage=0.1


Tree=67
num_leaves=5
num_cat=0
split_feature=7 7 0 7
split_gain=0.264925 0.470761 0.796721 0.507785
threshold=30.500000000000004 96.500000000000014 1.2500000000000002 72.500000000000014
decision_type=2 2 2 2
left_child=-1 2 3 -2
right_child=1 -3 -4 -5
leaf_value=0.01915177168887746 -0.059355430484150644 0.015749094294756152 0.016152406608200904 -0.01009512500181459
leaf_weight=5.6917401850223568 4.2348194718360919 6.9584252238273612 4.781406342983245 4.1367228329181671
leaf_count=30 19 36 23 24
internal_value=0 -0.00528557 -0.0164137 -0.0350139
internal_weight=0 20.1114 13.1529 8.37154
internal_count=132 102 66 43
is_linear=0
shrinkage=0.1


Tree=68
num_leaves=5
num_cat=0
split_feature=7 5 11 7
split_gain=0.221282 0.914332 0.307091 0.207139
threshold=36.500000000000007 279.75243147657073 0.75000000000000011 111.50000000000001
decision_type=2 2 2 2
left_child=-1 2 3 -2
right_child=1 -3 -4 -5
leaf_value=-0.015206866702123845 0.019628450713104779 0.045681956248920852 -0.025097823140156274 -0.010712699879027718
leaf_weight=6.9133259207010296 4.6465078108012694 4.3903579190373412 5.4725316911935797 4.3627540171146393
leaf_count=36 25 24 26 21
internal_value=0 0.00570568 -0.00641369 0.00493568
internal_weight=0 18.8722 14.4818 9.00926
internal_count=132 96 72 46
is_linear=0
shrinkage=0.1


Tree=69
num_leaves=6
num_cat=0
split_feature=11 10 11 10 10
split_gain=0.228853 0.827515 0.855356 0.504584 0.00921216
threshold=0.55000000000000004 589.99999999999648 1.25 379.83333333333582 357.33333333333218
decision_type=2 2 2 2 2
left_child=4 2 -2 -4 -1
right_child=1 -3 3 -5 -6
leaf_value=-0.009944197193869346 0.05330161600218454 -0.029305986507771782 0.024902850248915927 -0.025579834752326343 -0.01660591573643861
leaf_weight=3.8742192387580889 4.7772717028856295 4.680997133255004 3.9697738438844681 3.9499796703457832 4.4718374535441399
leaf_count=18 24 25 22 20 23
internal_value=0 0.00663332 0.019883 -0.000275406 -0.0135136
internal_weight=0 17.378 12.697 7.91975 8.34606
internal_count=132 91 66 42 41
is_linear=0
shrinkage=0.1


Tree=70
num_leaves=5
num_cat=0
split_feature=7 7 0 7
split_gain=0.270724 0.392821 0.698446 0.353584
threshold=30.500000000000004 96.500000000000014 1.3500000000000003 72.500000000000014
decision_type=2 2 2 2
left_child=-1 2 3 -2
right_child=1 -3 -4 -5
leaf_value=0.019339936077594239 -0.050043975044530391 0.013974090807709711 0.017792826381615955 -0.010022589226516219
leaf_weight=5.6923090815544155 4.760488376021387 6.8835112527012816 4.2548946142196646 4.1163937821984291
leaf_count=30 21 36 21 24
internal_value=0 -0.00537555 -0.0155184 -0.0314852
internal_weight=0 20.0153 13.1318 8.87688
internal_count=132 102 66 45
is_linear=0
shrinkage=0.1


Tree=71
num_leaves=5
num_cat=0
split_feature=7 5 0 7
split_gain=0.25435 0.45882 0.802912 0.728838
threshold=105.50000000000001 193.60504920838693 1.0500000000000003 51.500000000000007
decision_type=2 2 2 2
left_child=1 3 -3 -1
right_child=-2 2 -4 -5
leaf_value=0.049167819096560421 -0.019045771402974108 0.013481797037766622 -0.045437006873785185 -0.0035530148495658449
leaf_weight=4.6662274524569565 5.4671526178717604 5.6517140418291074 3.9151694178581238 5.9861402921378613
leaf_count=23 27 31 19 32
internal_value=0 0.00526533 -0.0106302 0.0195411
internal_weight=0 20.2193 9.56688 10.6524
internal_count=132 105 50 55
is_linear=0
shrinkage=0.1


Tree=72
num_leaves=5
num_cat=0
split_feature=7 5 11 7
split_gain=0.25148 0.820205 0.280637 0.202538
threshold=36.500000000000007 279.75243147657073 0.75000000000000011 111.50000000000001
decision_type=2 2 2 2
left_child=-1 2 3 -2
right_child=1 -3 -4 -5
leaf_value=-0.016266105231051094 0.019965545153113263 0.044103233717992824 -0.023331929016055387 -0.010114158805545177
leaf_weight=6.8794160634279278 4.641612324863674 4.3569674380123606 5.4398525804281226 4.3237262815237045
leaf_count=36 25 24 26 21
internal_value=0 0.00608542 -0.00541338 0.00545896
internal_weight=0 18.7622 14.4052 8.96534
internal_count=132 96 72 46
is_linear=0
shrinkage=0.1


Tree=73
num_leaves=5
num_cat=0
split_feature=10 10 11 7
split_gain=0.223693 1.81605 0.930372 0.356271
threshold=450.00000000000006 659.66666666667163 0.55000000000000004 36.500000000000007
decision_type=2 2 2 2
left_child=2 -2 -1 -4
right_child=1 -3 3 -5
leaf_value=-0.036577800268255238 0.05619698724119724 -0.039615714197467157 -0.012812759157524042 0.024524537416606276
leaf_weight=6.4136280938983026 4.4833465404808504 3.5404528230428696 3.9690924510359746 7.176205150783062
leaf_count=30 28 17 20 37
internal_value=0 0.0139202 -0.00623377 0.0112279
internal_weight=0 8.0238 17.5589 11.1453
internal_count=132 45 87 57
is_linear=0
shrinkage=0.1


Tree=74
num_leaves=5
num_cat=0
split_feature=7 7 0 7
split_gain=0.236768 0.426516 0.55821 0.305152
threshold=30.500000000000004 96.500000000000014 1.3500000000000003 72.500000000000014
decision_type=2 2 2 2
left_child=-1 2 3 -2
right_child=1 -3 -4 -5
leaf_value=0.01816805412512627 -0.047149442749330556 0.015270584954228417 0.014290677116379383 -0.0098661105793823121
leaf_weight=5.6440164446830776 4.7499376386404055 6.7965801432728759 4.2212675586342803 4.0816859975457191
leaf_count=30 21 36 21 24
internal_value=0 -0.0050437 -0.0156213 -0.0299183
internal_weight=0 19.8495 13.0529 8.83162
internal_count=132 102 66 45
is_linear=0
shrinkage=0.1


Tree=75
num_leaves=5
num_cat=0
split_feature=10 0 7 10
split_gain=0.213827 0.590108 0.900082 0.624014
threshold=348.83333333333337 1.9500000000000008 51.500000000000007 450.00000000000006
decision_type=2 2 2 2
left_child=-1 2 -2 -4
right_child=1 -3 3 -5
leaf_value=0.016310666905158658 0.039520691614593428 -0.035369823057573392 -0.040502902265128683 0.010836727478946739
leaf_weight=6.1603112444281605 4.9651603624224689 4.8263604640960684 4.4193739779293519 5.0991555750370026
leaf_count=32 25 23 23 29
internal_value=0 -0.00508648 0.00500475 -0.0129998
internal_weight=0 19.3101 14.4837 9.51853
internal_count=132 100 77 52
is_linear=0
shrinkage=0.1


Tree=76
num_leaves=6
num_cat=0
split_feature=5 3 10 10 3
split_gain=0.206786 1.56214 0.689605 0.929555 0.450827
threshold=228.64923747276717 412.50000000000119 450.00000000000006 256.16666666667157 798.33333333333223
decision_type=2 2 2 2 2
left_child=1 2 3 -1 -2
right_child=4 -3 -4 -5 -6
leaf_value=0.010647955273615868 -0.033279937609120534 0.062930652369364501 0.023832428713647262 -0.055095684084053999 0.012099429793096932
leaf_weight=3.8627905175089889 4.7353068441152555 3.8030186444520941 4.0864926166832438 4.8520644903182983 4.0716583766043186
leaf_count=19 22 19 24 23 25
internal_value=0 0.00665611 -0.0100619 -0.0259553 -0.0123
internal_weight=0 16.6044 12.8013 8.71486 8.80697
internal_count=132 85 66 42 47
is_linear=0
shrinkage=0.1


Tree=77
num_leaves=5
num_cat=0
split_feature=0 5 10 11
split_gain=0.194868 0.831079 0.328615 1.08562
threshold=0.55000000000000016 279.75243147657073 256.16666666667157 1.0000000180025095e-35
decision_type=2 2 2 2
left_child=2 -2 -1 -4
right_child=1 -3 3 -5
leaf_value=0.017747407672574624 -0.011216236016831485 0.042639774062970322 0.020701166478272973 -0.047040825797617848
leaf_weight=3.5352275967597988 7.5541312471032125 4.6163261979818344 4.1526544503867608 5.4976702630519867
leaf_count=17 37 25 22 31
internal_value=0 0.00921167 -0.00833557 -0.0178906
internal_weight=0 12.1705 13.1856 9.65032
internal_count=132 62 70 53
is_linear=0
shrinkage=0.1


Tree=78
num_leaves=5
num_cat=0
split_feature=7 5 0 7
split_gain=0.257817 0.729395 0.245001 0.605081
threshold=36.500000000000007 279.75243147657073 0.84999999999999998 105.50000000000001
decision_type=2 2 2 2
left_child=-1 2 3 -2
right_child=1 -3 -4 -5
leaf_value=-0.01655601427825985 0.030905650227139776 0.042333363839258564 -0.024591336835842519 -0.01867583218833194
leaf_weight=6.805557273328307 4.5285590738058108 4.2928989753127089 4.3129796534776679 5.3920176699757576
leaf_count=36 25 24 20 27
internal_value=0 0.00620348 -0.00469344 0.00395719
internal_weight=0 18.5265 14.2336 9.92058
internal_count=132 96 72 52
is_linear=0
shrinkage=0.1


Tree=79
num_leaves=5
num_cat=0
split_feature=5 3 0 11
split_gain=0.22352 1.35074 0.406631 0.152825
threshold=228.64923747276717 412.50000000000119 0.84999999999999998 1.0000000180025095e-35
decision_type=2 2 2 2
left_child=1 3 -2 -1
right_child=2 -3 -4 -5
leaf_value=-0.019809607175198876 0.0066911719317633836 0.059528062856376233 -0.036671582199518014 0.0021003125114845748
leaf_weight=6.2353934422135406 4.7996411845087987 3.7684454545378676 3.9359557926654816 6.5044969022274017
leaf_count=31 27 19 20 35
internal_value=0 0.00693401 -0.0128466 -0.00862325
internal_weight=0 16.5083 8.7356 12.7399
internal_count=132 85 47 66
is_linear=0
shrinkage=0.1


Tree=80
num_leaves=4
num_cat=0
split_feature=7 5 10
split_gain=0.226821 0.634813 0.495381
threshold=36.500000000000007 135.79242636746184 450.00000000000006
decision_type=2 2 2
left_child=-1 2 -2
right_child=1 -3 -4
leaf_value=-0.015503196838412857 -0.023458554317327126 0.029808540906542953 0.020317722913823236
leaf_weight=6.8120358660817173 7.5831374153494853 6.9112961217761031 3.9219560362398624
leaf_count=36 36 37 23
internal_value=0 0.0058541 -0.00853572
internal_weight=0 18.4164 11.5051
internal_count=132 96 59
is_linear=0
shrinkage=0.1


Tree=81
num_leaves=5
num_cat=0
split_feature=5 0 11 0
split_gain=0.212633 0.577696 0.374338 0.325826
threshold=228.64923747276717 1.3500000000000003 1.0000000180025095e-35 0.84999999999999998
decision_type=2 2 2 2
left_child=1 2 -1 -2
right_child=3 -3 -4 -5
leaf_value=-0.020879252529596548 0.0050653921745727297 0.035937860173661483 0.015235899408174672 -0.0337601548090561
leaf_weight=6.6282044462859684 4.7650814577937108 4.8079294487833968 5.0617654994130135 3.9558998048305511
leaf_count=33 27 25 27 20
internal_value=0 0.00675936 -0.00524137 -0.0125462
internal_weight=0 16.4979 11.69 8.72098
internal_count=132 85 60 47
is_linear=0
shrinkage=0.1


Tree=82
num_leaves=4
num_cat=0
split_feature=7 0 5
split_gain=0.221115 0.465046 0.644464
threshold=96.500000000000014 0.55000000000000016 279.75243147657073
decision_type=2 2 2
left_child=1 -1 -3
right_child=-2 2 -4
leaf_value=-0.026896401508514689 0.015611210297762711 -0.0115931526773639 0.036612888680179617
leaf_weight=6.5827254839241567 6.7215943709015837 7.5018690824508649 4.3998161554336548
leaf_count=35 36 37 24
internal_value=0 -0.00556858 0.00622766
internal_weight=0 18.4844 11.9017
internal_count=132 96 61
is_linear=0
shrinkage=0.1


Tree=83
num_leaves=5
num_cat=0
split_feature=0 0 11 0
split_gain=0.210947 0.687428 0.513313 0.444243
threshold=1.0500000000000003 2.6500000000000017 0.55000000000000004 0.45000000000000007
decision_type=2 2 2 2
left_child=2 -2 -1 -4
right_child=1 -3 3 -5
leaf_value=-0.012270152063973312 -0.038173853591166845 0.018349752364446668 0.0037402416958909434 0.048977256213801945
leaf_weight=7.6502231918275418 4.7448984161019307 3.9368273243308067 5.0775531157851201 3.7921846210956573
leaf_count=38 23 21 30 20
internal_value=0 -0.0125426 0.00671023 0.023081
internal_weight=0 8.68173 16.52 8.86974
internal_count=132 44 88 50
is_linear=0
shrinkage=0.1


Tree=84
num_leaves=5
num_cat=0
split_feature=5 11 10 10
split_gain=0.239232 0.373017 0.374598 0.0475433
threshold=228.64923747276717 1.9000000000000001 450.00000000000006 399.00000000000369
decision_type=2 2 2 2
left_child=1 2 -1 -2
right_child=3 -3 -4 -5
leaf_value=-0.01501366011263988 -0.006055607555887927 0.031371089480748675 0.022398785254385337 -0.020864530267589949
leaf_weight=7.812600210309034 4.391181752085684 4.5883792713284484 4.0707849971950054 4.281867329031229
leaf_count=37 23 24 24 24
internal_value=0 0.00715329 -0.00219761 -0.0133667
internal_weight=0 16.4718 11.8834 8.67305
internal_count=132 85 61 47
is_linear=0
shrinkage=0.1


Tree=85
num_leaves=6
num_cat=0
split_feature=10 11 10 10 7
split_gain=0.256078 0.4191 0.729408 1.44179 0.0330301
threshold=348.83333333333337 2.7499999999999996 382.33333333333491 639.66666666666799 51.500000000000007
decision_type=2 2 2 2 2
left_child=-1 2 -2 4 -4
right_child=1 -3 3 -5 -6
leaf_value=0.017895798535417989 -0.036085097585665284 -0.032397330193728952 0.048472195968121738 -0.035657201899236983 0.034960062621706416
leaf_weight=6.104467041790488 3.6554312147200134 4.4777778163552275 3.4155379533767682 3.6599715054035187 3.8464174456894398
leaf_count=32 18 21 19 18 24
internal_value=0 -0.00563887 0.00258062 0.0155216 0.0413153
internal_weight=0 19.0551 14.5774 10.9219 7.26196
internal_count=132 100 79 61 43
is_linear=0
shrinkage=0.1


Tree=86
num_leaves=5
num_cat=0
split_feature=7 5 7 7
split_gain=0.243219 0.575251 0.276664 0.57374
threshold=36.500000000000007 279.75243147657073 66.500000000000014 105.50000000000001
decision_type=2 2 2 2
left_child=-1 2 -2 -4
right_child=1 -3 3 -5
leaf_value=-0.016140273909246362 -0.025029574154349744 0.038518435570048561 0.031676196157007806 -0.016743440031989736
leaf_weight=6.7550852671265629 4.2272515445947674 4.2055230513215056 4.5360812619328481 5.3142476454377174
leaf_count=36 20 24 25 27
internal_value=0 0.00606521 -0.00362983 0.00555383
internal_weight=0 18.2831 14.0776 9.85033
internal_count=132 96 72 52
is_linear=0
shrinkage=0.1


Tree=87
num_leaves=5
num_cat=0
split_feature=5 7 7 10
split_gain=0.224845 0.858121 0.554185 0.384416
threshold=228.64923747276717 51.500000000000007 36.500000000000007 348.83333333333337
decision_type=2 2 2 2
left_child=1 -1 -2 -3
right_child=2 3 -4 -5
leaf_value=0.043965447697492763 -0.041201201600017556 0.015014670056410063 0.0098012186736877466 -0.021876221682408097
leaf_weight=4.5306999683380189 3.8519153892993909 4.6838730275630933 4.7670965120196342 7.1159878224134445
leaf_count=23 20 23 27 39
internal_value=0 0.0069716 -0.0129922 -0.00723264
internal_weight=0 16.3306 8.61901 11.7999
internal_count=132 85 47 62
is_linear=0
shrinkage=0.1


Tree=88
num_leaves=4
num_cat=0
split_feature=7 0 5
split_gain=0.220694 0.468597 0.525889
threshold=96.500000000000014 0.55000000000000016 279.75243147657073
decision_type=2 2 2
left_child=1 -1 -3
right_child=-2 2 -4
leaf_value=-0.027041463323345855 0.015680616884183849 -0.0098753949273823333 0.034014772908564521
leaf_weight=6.5426151528954568 6.643450502306222 7.3750115483999235 4.3344440758228302
leaf_count=35 36 37 24
internal_value=0 -0.00560582 0.00637126
internal_weight=0 18.2521 11.7095
internal_count=132 96 61
is_linear=0
shrinkage=0.1


Tree=89
num_leaves=5
num_cat=0
split_feature=7 3 10 7
split_gain=0.212642 0.371536 0.881967 0.989728
threshold=30.500000000000004 730.3333333333286 350.33333333333945 90.500000000000014
decision_type=2 2 2 2
left_child=-1 2 -2 -4
right_child=1 -3 3 -5
leaf_value=0.017427054559194955 -0.023558110761197657 -0.027692976578370599 0.064389425695565647 -0.0075138614235646375
leaf_weight=5.5005428865551975 6.5043002516031283 5.2077950499951831 3.6314828917384148 4.0485124289989471
leaf_count=30 32 29 18 23
internal_value=0 -0.00484936 0.00353772 0.0264856
internal_weight=0 19.3921 14.1843 7.68
internal_count=132 102 73 41
is_linear=0
shrinkage=0.1


Tree=90
num_leaves=5
num_cat=0
split_feature=7 7 10 3
split_gain=0.221136 0.357624 0.482988 1.56712
threshold=96.500000000000014 30.500000000000004 357.33333333333218 730.3333333333286
decision_type=2 2 2 2
left_child=1 -1 -3 -4
right_child=-2 2 3 -5
leaf_value=0.015769646156144405 0.015684948607527435 -0.043380032940904617 0.04430928511700577 -0.040700355676905386
leaf_weight=5.4723452851176324 6.6490199007093898 4.0385403148829928 4.0193204842507821 4.7093355767428875
leaf_count=30 36 22 20 24
internal_value=0 -0.0056182 -0.0147856 -0.00155561
internal_weight=0 18.2395 12.7672 8.72866
internal_count=132 96 66 44
is_linear=0
shrinkage=0.1


Tree=91
num_leaves=5
num_cat=0
split_feature=7 0 0 7
split_gain=0.228172 0.540652 1.3821 0.34737
threshold=36.500000000000007 0.25000000000000006 0.84999999999999998 108.50000000000001
decision_type=2 2 2 2
left_child=-1 3 -3 -2
right_child=1 2 -4 -5
leaf_value=-0.015710125674390767 -0.033456186646380691 0.06821839871425088 -0.0091457436036394609 0.0067939138820170934
leaf_weight=6.6938551887869862 4.0825614333152789 3.8842876777052862 5.6945886984467506 4.5159348547458649
leaf_count=36 20 25 28 23
internal_value=0 0.00588603 0.0222258 -0.0123168
internal_weight=0 18.1774 9.57888 8.5985
internal_count=132 96 53 43
is_linear=0
shrinkage=0.1


Tree=92
num_leaves=5
num_cat=0
split_feature=0 0 3 11
split_gain=0.175938 0.531072 0.5285 0.229557
threshold=1.0500000000000003 2.6500000000000017 771.16666666667118 0.55000000000000004
decision_type=2 2 2 2
left_child=2 -2 3 -1
right_child=1 -3 -4 -5
leaf_value=-0.016027680741851635 -0.034256099195897775 0.015872770152683933 0.038501733340421673 0.011338361925416126
leaf_weight=6.8972708843648487 4.665518179535864 3.8634256422519684 3.8596571981906882 5.5171636678278446
leaf_count=35 23 21 23 30
internal_value=0 -0.0115488 0.00618233 -0.00386579
internal_weight=0 8.52894 16.2741 12.4144
internal_count=132 44 88 65
is_linear=0
shrinkage=0.1


Tree=93
num_leaves=5
num_cat=0
split_feature=10 0 10 10
split_gain=0.286163 0.472706 0.926046 1.07171
threshold=348.83333333333337 1.9500000000000008 659.66666666667163 401.50000000000006
decision_type=2 2 2 2
left_child=-1 2 3 -2
right_child=1 -3 -4 -5
leaf_value=0.018882248646193048 -0.0056083409718824711 -0.033806114215045334 -0.041913822017669113 0.061156681502866683
leaf_weight=6.099749784916642 6.8700483702123183 4.6215035170316687 3.4497677087783805 3.6986315734684467
leaf_count=32 36 23 17 24
internal_value=0 -0.00607092 0.00307263 0.0177568
internal_weight=0 18.64 14.0184 10.5687
internal_count=132 100 77 60
is_linear=0
shrinkage=0.1


Tree=94
num_leaves=5
num_cat=0
split_feature=10 0 7 11
split_gain=0.232768 0.38243 0.801516 0.548018
threshold=348.83333333333337 1.9500000000000008 51.500000000000007 0.55000000000000004
decision_type=2 2 2 2
left_child=-1 2 -2 -4
right_child=1 -3 3 -5
leaf_value=0.017089980035438986 0.035861841945430066 -0.030372939667841926 0.014623823205536774 -0.035187984995560063
leaf_weight=6.0672887824475792 4.8036205656826523 4.6290669888257971 3.7622328661382181 5.3486767560243607
leaf_count=32 25 23 21 31
internal_value=0 -0.00547481 0.00280827 -0.0146188
internal_weight=0 18.5436 13.9145 9.11091
internal_count=132 100 77 52
is_linear=0
shrinkage=0.1


Tree=95
num_leaves=5
num_cat=0
split_feature=11 10 4 7
split_gain=0.22647 0.865746 0.516962 0.594918
threshold=1.5000000000000002 382.33333333333036 1.0000000180025095e-35 105.50000000000001
decision_type=2 2 2 2
left_child=2 -2 3 -1
right_child=1 -3 -4 -5
leaf_value=0.030472746278310175 0.04957240415751725 -0.01500105901260008 -0.030976178154469326 -0.017330814165156076
leaf_weight=5.1746152937412315 3.7035757005214673 4.7253285348415375 5.7297131568193427 5.2392904832959175
leaf_count=30 22 26 27 27
internal_value=0 0.0133719 -0.00685107 0.00642252
internal_weight=0 8.4289 16.1436 10.4139
internal_count=132 48 84 57
is_linear=0
shrinkage=0.1


Tree=96
num_leaves=5
num_cat=0
split_feature=11 10 4 11
split_gain=0.183815 0.706955 0.417295 0.541443
threshold=1.5000000000000002 382.33333333333036 1.0000000180025095e-35 1.0000000180025095e-35
decision_type=2 2 2 2
left_child=2 -2 3 -1
right_child=1 -3 -4 -5
leaf_value=-0.014923493096672989 0.044983050841375299 -0.013457620439234406 -0.027774864129555127 0.031010125809678935
leaf_weight=5.6831956729292923 3.6748560182750207 4.739738255739212 5.7499579750001422 4.6789513863623142
leaf_count=29 22 26 27 28
internal_value=0 0.0120648 -0.00617067 0.0058175
internal_weight=0 8.41459 16.1121 10.3621
internal_count=132 48 84 57
is_linear=0
shrinkage=0.1


Tree=97
num_leaves=5
num_cat=0
split_feature=7 11 7 7
split_gain=0.198781 0.35315 0.684333 0.280342
threshold=30.500000000000004 1.5000000000000002 69.500000000000014 105.50000000000001
decision_type=2 2 2 2
left_child=-1 2 -2 -4
right_child=1 -3 3 -5
leaf_value=0.016939205485228138 -0.049685881764013985 0.018642690455132681 0.016501941982972796 -0.016136574116784031
leaf_weight=5.4421395435929325 3.6953884735703495 4.8261866010725489 5.3122673816978914 5.2152077481150627
leaf_count=30 17 28 30 27
internal_value=0 -0.00473138 -0.0126628 0.000333142
internal_weight=0 19.0491 14.2229 10.5275
internal_count=132 102 74 57
is_linear=0
shrinkage=0.1


Tree=98
num_leaves=4
num_cat=0
split_feature=7 0 5
split_gain=0.195035 0.433611 0.547426
threshold=96.500000000000014 0.55000000000000016 279.75243147657073
decision_type=2 2 2
left_child=1 -1 -3
right_child=-2 2 -4
leaf_value=-0.025998381740313034 0.014939763117528579 -0.010375161113037264 0.034855967450921364
leaf_weight=6.4684879034757676 6.4860357716679564 7.2240881063044053 4.2499470375478268
leaf_count=35 36 37 24
internal_value=0 -0.00529386 0.00637831
internal_weight=0 17.9425 11.474
internal_count=132 96 61
is_linear=0
shrinkage=0.1


Tree=99
num_leaves=5
num_cat=0
split_feature=7 0 0 7
split_gain=0.192883 0.536705 1.1217 0.358527
threshold=36.500000000000007 0.25000000000000006 0.84999999999999998 108.50000000000001
decision_type=2 2 2 2
left_child=-1 3 -3 -2
right_child=1 2 -4 -5
leaf_value=-0.01448686357632274 -0.034352464096312561 0.064484764191151775 -0.0062677574152735782 0.0068686711354988472
leaf_weight=6.6269463971257236 4.0252722203731555 3.7342309243977052 5.6026525050401688 4.4345140233635902
leaf_count=36 20 25 28 23
internal_value=0 0.00549913 0.0220293 -0.0127449
internal_weight=0 17.7967 9.33688 8.45979
internal_count=132 96 53 43
is_linear=0
shrinkage=0.1


end of trees

feature_importances:
taskNum=100
s_view_position=94
response_time=74
scroll_time=65
s_scroll_speed=40
scroll_length=20
event_scroll=9

parameters:
[boosting: gbdt]
[objective: binary]
[metric: binary_error]
[tree_learner: serial]
[device_type: cpu]
[data_sample_strategy: bagging]
[data: ]
[valid: ]
[num_iterations: 100]
[learning_rate: 0.1]
[num_leaves: 31]
[num_threads: 0]
[seed: 0]
[deterministic: 0]
[force_col_wise: 0]
[force_row_wise: 0]
[histogram_pool_size: -1]
[max_depth: -1]
[min_data_in_leaf: 20]
[min_sum_hessian_in_leaf: 0.001]
[bagging_fraction: 1]
[pos_bagging_fraction: 1]
[neg_bagging_fraction: 1]
[bagging_freq: 0]
[bagging_seed: 3]
[feature_fraction: 0.7]
[feature_fraction_bynode: 1]
[feature_fraction_seed: 2]
[extra_trees: 0]
[extra_seed: 6]
[early_stopping_round: 0]
[first_metric_only: 0]
[max_delta_step: 0]
[lambda_l1: 0]
[lambda_l2: 0]
[linear_lambda: 0]
[min_gain_to_split: 0]
[drop_rate: 0.1]
[max_drop: 50]
[skip_drop: 0.5]
[xgboost_dart_mode: 0]
[uniform_drop: 0]
[drop_seed: 4]
[top_rate: 0.2]
[other_rate: 0.1]
[min_data_per_group: 100]
[max_cat_threshold: 32]
[cat_l2: 10]
[cat_smooth: 10]
[max_cat_to_onehot: 4]
[top_k: 20]
[monotone_constraints: ]
[monotone_constraints_method: basic]
[monotone_penalty: 0]
[feature_contri: ]
[forcedsplits_filename: ]
[refit_decay_rate: 0.9]
[cegb_tradeoff: 1]
[cegb_penalty_split: 0]
[cegb_penalty_feature_lazy: ]
[cegb_penalty_feature_coupled: ]
[path_smooth: 0]
[interaction_constraints: ]
[verbosity: -1]
[saved_feature_importance_type: 0]
[use_quantized_grad: 0]
[num_grad_quant_bins: 4]
[quant_train_renew_leaf: 0]
[stochastic_rounding: 1]
[linear_tree: 0]
[max_bin: 255]
[max_bin_by_feature: ]
[min_data_in_bin: 3]
[bin_construct_sample_cnt: 200000]
[data_random_seed: 1]
[is_enable_sparse: 1]
[enable_bundle: 1]
[use_missing: 1]
[zero_as_missing: 0]
[feature_pre_filter: 0]
[pre_partition: 0]
[two_round: 0]
[header: 0]
[label_column: ]
[weight_column: ]
[group_column: ]
[ignore_column: ]
[categorical_feature: ]
[forcedbins_filename: ]
[precise_float_parser: 0]
[parser_config_file: ]
[objective_seed: 5]
[num_class: 1]
[is_unbalance: 0]
[scale_pos_weight: 1]
[sigmoid: 1]
[boost_from_average: 1]
[reg_sqrt: 0]
[alpha: 0.9]
[fair_c: 1]
[poisson_max_delta_step: 0.7]
[tweedie_variance_power: 1.5]
[lambdarank_truncation_level: 30]
[lambdarank_norm: 1]
[label_gain: ]
[lambdarank_position_bias_regularization: 0]
[eval_at: ]
[multi_error_top_k: 1]
[auc_mu_weights: ]
[num_machines: 1]
[local_listen_port: 12400]
[time_out: 120]
[machine_list_filename: ]
[machines: ]
[gpu_platform_id: -1]
[gpu_device_id: -1]
[gpu_use_dp: 0]
[num_gpu: 1]

end of parameters

pandas_categorical:[]
