tree
version=v4
num_class=1
num_tree_per_iteration=1
label_index=0
max_feature_idx=15
objective=binary sigmoid:1
feature_names=response_time s_tap_count ratio_tap_position_y scroll_length event_scroll s_scroll_speed tap_position_x taskNum tap_position_y screen_width s_view_position predicted_isAnswerCorrect scroll_time ratio_tap_position_x s_choice_left screen_height
feature_infos=[0:10.399999999999981] [1:1] none [0:14300.666666666672] [0:6] [-3503.3333333333576:6900.0000000000018] none [1:146] none [390:390] [-343.99999999999989:1145.6666666666642] [0:1] [-0.5:18.799999999999962] none [0:1] [844:844]
tree_sizes=649 747 649 750 653 645 650 748 750 649 751 653 741 652 754 650 655 758 642 756 751 654 650 757 654 658 655 752 654 744 753 744 654 759 759 658 550 654 658 653 750 760 659 653 752 650 754 655 546 756 756 659 658 762 755 754 662 651 757 752 655 655 758 654 753 756 756 755 753 655 757 654 757 758 651 753 753 656 753 651 759 755 655 650 763 858 759 654 756 664 758 760 761 757 654 756 753 757 655 656

Tree=0
num_leaves=5
num_cat=0
split_feature=11 4 0 0
split_gain=54.0934 1.99905 1.68074 0.289783
threshold=1.0000000180025095e-35 1.0000000180025095e-35 0.15000000000000005 1.3500000000000003
decision_type=2 2 2 2
left_child=-1 2 -2 -3
right_child=1 3 -4 -5
leaf_value=0.18944475475517664 0.50458372160530829 0.46473856487713072 0.57461460312755985 0.4937168606794417
leaf_weight=6.6637268662452689 8.5676488280296343 6.9017171114683133 5.7117658853530875 6.9017171114683151
leaf_count=28 36 29 24 29
internal_value=0.445585 0.506364 0.532596 0.479228
internal_weight=0 28.0828 14.2794 13.8034
internal_count=146 118 60 58
is_linear=0
shrinkage=1


Tree=1
num_leaves=6
num_cat=0
split_feature=3 10 7 12 10
split_gain=4.11267 3.81027 4.01694 3.50565 1.59603
threshold=832.3333333333386 348.33333333334127 114.50000000000001 2.4000000000000008 399.33333333333036
decision_type=2 2 2 2 2
left_child=1 -1 3 4 -3
right_child=-2 2 -4 -5 -6
leaf_value=0.043232663530207729 0.082565882957244804 -0.019489854548918821 -0.11683349851929137 -0.085246098540679216 0.05480129424341848
leaf_weight=8.2865509092807788 5.1547662913799277 5.9435357302427345 4.8338322192430487 4.7659969478845587 5.6319894343614578
leaf_count=35 22 25 20 20 24
internal_value=0 -0.0142552 -0.0367519 -0.0130637 0.016656
internal_weight=0 29.4619 21.1754 16.3415 11.5755
internal_count=146 124 89 69 49
is_linear=0
shrinkage=0.1


Tree=2
num_leaves=5
num_cat=0
split_feature=11 7 10 7
split_gain=40.3109 2.20119 0.742607 1.44939
threshold=1.0000000180025095e-35 93.500000000000014 399.00000000000369 54.500000000000007
decision_type=2 2 2 2
left_child=-1 2 3 -2
right_child=1 -3 -4 -5
leaf_value=-0.21484230165847418 0.022215054988755926 0.098089750729215927 0.013639818866952692 0.095490416397240388
leaf_weight=6.9598580151796332 6.3920233100652748 8.1566955447196943 8.3374283909797651 4.6727509796619415
leaf_count=28 27 35 36 20
internal_value=0 0.0545019 0.0361775 0.0531599
internal_weight=0 27.5589 19.4022 11.0648
internal_count=146 118 83 47
is_linear=0
shrinkage=0.1


Tree=3
num_leaves=6
num_cat=0
split_feature=11 10 10 5 10
split_gain=32.6668 1.18551 2.38964 1.23162 0.37211
threshold=1.0000000180025095e-35 616.50000000000011 366.50000000000733 150.81410825199643 268.83333333332854
decision_type=2 2 2 2 2
left_child=-1 2 4 -4 -2
right_child=1 -3 3 -5 -6
leaf_value=-0.19268472197031761 0.057369261148740226 0.093855489046560922 0.045871511841520968 -0.018397920655060289 0.095848674751033619
leaf_weight=6.9814841747283927 5.2126532644033485 4.9948484450578681 5.3371324688196164 6.756302610039711 4.8527337610721588
leaf_count=28 23 22 23 29 21
internal_value=0 0.0498455 0.0399252 0.00996577 0.075921
internal_weight=0 27.1537 22.1588 12.0934 10.0654
internal_count=146 118 96 52 44
is_linear=0
shrinkage=0.1


Tree=4
num_leaves=5
num_cat=0
split_feature=11 4 12 0
split_gain=26.9467 1.29775 2.03786 1.47012
threshold=1.0000000180025095e-35 1.0000000180025095e-35 1.5000000000000002 0.15000000000000005
decision_type=2 2 2 2
left_child=-1 3 -3 -2
right_child=1 2 -4 -5
leaf_value=-0.17647423082380334 0.041047283626195342 -0.022736974575314223 0.056385422123587908 0.10909636185353398
leaf_weight=6.8656895309686652 8.0954589098691958 5.5494227707385999 7.8738313317298889 5.2230243682861319
leaf_count=28 36 24 34 24
internal_value=0 0.0456179 0.0236748 0.0677337
internal_weight=0 26.7417 13.4233 13.3185
internal_count=146 118 58 60
is_linear=0
shrinkage=0.1


Tree=5
num_leaves=5
num_cat=0
split_feature=11 7 7 7
split_gain=22.5177 1.74361 0.693539 1.1231
threshold=1.0000000180025095e-35 93.500000000000014 30.500000000000004 57.500000000000007
decision_type=2 2 2 2
left_child=-1 2 -2 -4
right_child=1 -3 3 -5
leaf_value=-0.16412728148596142 0.051266432177618705 0.08211782713280133 -0.025213354291580767 0.036721970626066511
leaf_weight=6.654466673731803 6.6561798155307832 7.6111704856157294 4.9994921982288343 7.0654918253421783
leaf_count=28 29 35 22 32
internal_value=0 0.0417607 0.0253533 0.0110572
internal_weight=0 26.3323 18.7212 12.065
internal_count=146 118 83 54
is_linear=0
shrinkage=0.1


Tree=6
num_leaves=5
num_cat=0
split_feature=11 7 10 7
split_gain=18.999 1.50061 0.615186 1.29147
threshold=1.0000000180025095e-35 93.500000000000014 399.00000000000369 48.500000000000007
decision_type=2 2 2 2
left_child=-1 2 3 -2
right_child=1 -3 -4 -5
leaf_value=-0.15443970039986465 0.0038617614133931279 0.076328607078140223 0.0021750758307678519 0.073869266072427206
leaf_weight=6.3787266463041297 5.2628179788589531 7.3818098604679099 8.0297345221042615 5.2775530219078064
leaf_count=28 23 35 36 24
internal_value=0 0.0381891 0.0230283 0.0389144
internal_weight=0 25.9519 18.5701 10.5404
internal_count=146 118 83 47
is_linear=0
shrinkage=0.1


Tree=7
num_leaves=6
num_cat=0
split_feature=3 10 7 7 7
split_gain=2.09637 1.73629 1.62448 2.09925 0.707096
threshold=832.3333333333386 348.33333333334127 114.50000000000001 72.500000000000014 45.500000000000007
decision_type=2 2 2 2 2
left_child=1 -1 3 4 -3
right_child=-2 2 -4 -5 -6
leaf_value=0.030655125776036976 0.061692999934368442 -0.010467821563091602 -0.08064630907616184 0.049140834404049497 -0.061225765166493244
leaf_weight=7.3918740600347581 4.7090908437967292 5.9555154293775576 4.2851135283708564 4.2081657201051703 5.090412437915802
leaf_count=35 22 26 20 20 23
internal_value=0 -0.0106269 -0.0262442 -0.0109618 -0.0338591
internal_weight=0 26.9311 19.5392 15.2541 11.0459
internal_count=146 124 89 69 49
is_linear=0
shrinkage=0.1


Tree=8
num_leaves=6
num_cat=0
split_feature=3 7 7 0 7
split_gain=1.7366 0.669231 1.00361 2.28174 1.71872
threshold=832.3333333333386 120.50000000000001 63.500000000000007 0.15000000000000005 30.500000000000004
decision_type=2 2 2 2 2
left_child=1 2 4 -4 -1
right_child=-2 -3 3 -5 -6
leaf_value=0.021808775738601367 0.056915287664558611 -0.040775899554348932 -0.019856965458302914 0.076468751870001198 -0.056659344751235158
leaf_weight=4.9990894645452588 4.5998305082321158 5.4757932871580115 5.7383765429258329 4.3032553344964981 6.3207472413778305
leaf_count=22 22 26 27 21 28
internal_value=0 -0.00958622 -0.00159107 0.0214226 -0.0220061
internal_weight=0 26.8373 21.3615 10.0416 11.3198
internal_count=146 124 98 48 50
is_linear=0
shrinkage=0.1


Tree=9
num_leaves=5
num_cat=0
split_feature=11 7 7 7
split_gain=15.2233 1.3913 0.552538 0.625696
threshold=1.0000000180025095e-35 93.500000000000014 30.500000000000004 57.500000000000007
decision_type=2 2 2 2
left_child=-1 2 -2 -4
right_child=1 -3 3 -5
leaf_value=-0.14432611534751122 0.042759983569349964 0.071350978314949007 -0.020289957026140136 0.026259513963394845
leaf_weight=5.9134989678859737 6.4474220573902192 7.1162322461605063 5.0447186827659589 6.752944752573967
leaf_count=28 29 35 22 32
internal_value=0 0.0338474 0.0192196 0.00635481
internal_weight=0 25.3613 18.2451 11.7977
internal_count=146 118 83 54
is_linear=0
shrinkage=0.1


Tree=10
num_leaves=6
num_cat=0
split_feature=0 7 0 7 12
split_gain=1.07102 2.93954 1.52116 2.93126 0.788859
threshold=0.15000000000000005 72.500000000000014 2.6500000000000017 45.500000000000007 0.55000000000000004
decision_type=2 2 2 2 2
left_child=4 2 3 -2 -1
right_child=1 -3 -4 -5 -6
leaf_value=-0.050758475450570543 0.014743636408243714 0.086924817179364511 0.041523401828475963 -0.091300358631921694 0.0037398656966997888
leaf_weight=5.7191928178071993 6.6615976095199603 4.3082581907510749 4.6498378962278357 4.2822898179292679 4.9590422809123993
leaf_count=28 30 23 21 20 24
internal_value=0 0.0138083 -0.0063924 -0.0267509 -0.0254491
internal_weight=0 19.902 15.5937 10.9439 10.6782
internal_count=146 94 71 50 52
is_linear=0
shrinkage=0.1


Tree=11
num_leaves=5
num_cat=0
split_feature=10 10 10 5
split_gain=1.70244 1.9333 1.88194 0.744012
threshold=659.66666666667163 466.00000000000006 379.83333333333582 102.95752895752945
decision_type=2 2 2 2
left_child=1 2 3 -1
right_child=-2 -3 -4 -5
leaf_value=0.00066006803833276609 -0.061371204994477846 0.057206148328599563 -0.042341191560435698 0.052820044189050057
leaf_weight=7.4770269989967435 3.9213860332965842 6.3769673854112616 8.3369973003864271 4.3116167187690735
leaf_count=37 20 31 38 20
internal_value=0 0.00922469 -0.00597861 0.0197372
internal_weight=0 26.5026 20.1256 11.7886
internal_count=146 126 95 57
is_linear=0
shrinkage=0.1


Tree=12
num_leaves=6
num_cat=0
split_feature=11 7 12 12 0
split_gain=12.5082 1.17216 0.956851 1.61602 0.648427
threshold=1.0000000180025095e-35 93.500000000000014 1.25 2.7499999999999996 0.45000000000000007
decision_type=2 2 2 2 2
left_child=-1 2 4 -4 -2
right_child=1 -3 3 -5 -6
leaf_value=-0.1369746975885425 0.022512752929128965 0.065488586333643406 0.082189324246640549 -0.0020680310611226678 -0.03154096321245925
leaf_weight=5.4562274515628841 4.1461049318313652 6.8347947895526877 4.509618476033209 4.5964189469814301 4.7753572314977646
leaf_count=28 20 35 21 21 21
internal_value=0 0.0302248 0.0168552 0.0396591 -0.00642037
internal_weight=0 24.8623 18.0275 9.10604 8.92146
internal_count=146 118 83 42 41
is_linear=0
shrinkage=0.1


Tree=13
num_leaves=5
num_cat=0
split_feature=11 7 0 7
split_gain=10.8009 1.00312 0.674054 0.800761
threshold=1.0000000180025095e-35 93.500000000000014 0.65000000000000002 42.500000000000007
decision_type=2 2 2 2
left_child=-1 2 -2 -4
right_child=1 -3 3 -5
leaf_value=-0.13227659909855394 -0.0067636062540532872 0.06084556710282514 0.057693550240101171 0.0010565515339094307
leaf_weight=5.1031775474548366 7.8013142347335878 6.6316024959087363 5.5833501964807493 4.5150036811828613
leaf_count=28 37 35 26 20
internal_value=0 0.0276232 0.0153147 0.032371
internal_weight=0 24.5313 17.8997 10.0984
internal_count=146 118 83 46
is_linear=0
shrinkage=0.1


Tree=14
num_leaves=6
num_cat=0
split_feature=11 10 7 0 10
split_gain=9.36381 0.858702 1.96972 1.29823 0.268944
threshold=1.0000000180025095e-35 616.50000000000011 57.500000000000007 0.15000000000000005 382.66666666665884
decision_type=2 2 2 2 2
left_child=-1 2 4 -4 -2
right_child=1 -3 3 -5 -6
leaf_value=-0.12830507892087617 0.00029746883191370129 0.06634003353650296 0.018698802851034937 0.090576541155190538 -0.033593381163479062
leaf_weight=4.7530286908149746 4.6211113333702141 4.1955363899469367 6.6257977485656721 4.0480354875326157 4.7466424852609634
leaf_count=28 21 22 33 21 21
internal_value=0 0.0252011 0.016589 0.0459583 -0.016875
internal_weight=0 24.2371 20.0416 10.6738 9.36775
internal_count=146 118 96 54 42
is_linear=0
shrinkage=0.1


Tree=15
num_leaves=5
num_cat=0
split_feature=3 10 10 3
split_gain=0.723582 1.11252 0.884634 0.96214
threshold=832.3333333333386 348.33333333334127 466.00000000000006 699.33333333333223
decision_type=2 2 2 2
left_child=1 -1 3 -3
right_child=-2 2 -4 -5
leaf_value=0.028083479623601717 0.038763754281953007 -0.06351578445953758 0.010928921658406912 -0.0053903448842834616
leaf_weight=6.6972510665655198 4.1159646064043036 6.0674635618925112 6.0979603230953208 5.3665989935398102
leaf_count=35 22 30 34 25
internal_value=0 -0.0065863 -0.0198302 -0.0362345
internal_weight=0 24.2293 17.532 11.4341
internal_count=146 124 89 55
is_linear=0
shrinkage=0.1


Tree=16
num_leaves=5
num_cat=0
split_feature=11 7 12 7
split_gain=8.10931 0.773996 0.789122 0.634568
threshold=1.0000000180025095e-35 93.500000000000014 1.5000000000000002 63.500000000000007
decision_type=2 2 2 2
left_child=-1 2 3 -2
right_child=1 -3 -4 -5
leaf_value=-0.12484650800522157 -0.033271627569133828 0.053167113106582377 0.035392614436104079 0.018198215823746686
leaf_weight=4.3930720090866116 4.7144608497619682 6.2684365659952155 8.0197442471981031 4.8695224225521088
leaf_count=28 21 35 38 24
internal_value=0 0.0229922 0.0122473 -0.00712033
internal_weight=0 23.8722 17.6037 9.58398
internal_count=146 118 83 45
is_linear=0
shrinkage=0.1


Tree=17
num_leaves=6
num_cat=0
split_feature=11 10 7 7 10
split_gain=7.08175 0.681244 1.44954 0.580285 0.215742
threshold=1.0000000180025095e-35 616.50000000000011 57.500000000000007 105.50000000000001 382.66666666665884
decision_type=2 2 2 2 2
left_child=-1 2 4 -4 -2
right_child=1 -3 3 -5 -6
leaf_value=-0.12195085302995351 0.00036275853171435676 0.058726411809587556 0.058521524489689253 0.0098173964412508665 -0.029965917298194825
leaf_weight=4.0645105987787273 4.6082261651754433 3.9726162105798712 6.2072904109954816 4.0374684631824493 4.7766415178775787
leaf_count=28 21 22 32 22 21
internal_value=0 0.0209612 0.0133183 0.0393272 -0.0150737
internal_weight=0 23.6022 19.6296 10.2448 9.38487
internal_count=146 118 96 54 42
is_linear=0
shrinkage=0.1


Tree=18
num_leaves=5
num_cat=0
split_feature=12 12 12 12
split_gain=0.639951 0.875048 1.44905 0.353275
threshold=0.55000000000000004 2.4000000000000008 1.25 0.75000000000000011
decision_type=2 2 2 2
left_child=-1 2 3 -2
right_child=1 -3 -4 -5
leaf_value=-0.022212012291973469 0.021821799152644646 -0.022035112399013707 0.070238805429799378 -0.020150839320207708
leaf_weight=8.8083994239568728 3.8083107918500918 5.6687265485525122 4.5691178515553466 4.2356138974428177
leaf_count=48 23 29 25 21
internal_value=0 0.0105992 0.0252661 -0.000279339
internal_weight=0 18.2818 12.613 8.04392
internal_count=146 98 69 44
is_linear=0
shrinkage=0.1


Tree=19
num_leaves=6
num_cat=0
split_feature=0 0 0 0 7
split_gain=0.781397 1.09749 1.36019 0.345544 0.125215
threshold=2.6500000000000017 1.0500000000000003 0.55000000000000016 0.15000000000000005 117.50000000000001
decision_type=2 2 2 2 2
left_child=1 2 3 4 -1
right_child=-2 -3 -4 -5 -6
leaf_value=-0.010748761317640444 0.038671284021292392 -0.051953279992168866 0.058272340526058966 0.0095722901161406759 -0.034207798755258326
leaf_weight=4.674194648861894 4.3712868988513938 4.4620116353034964 3.618082493543624 5.5018888413906089 4.4333295375108719
leaf_count=25 21 23 18 32 27
internal_value=0 -0.00750182 0.00337971 -0.0102147 -0.0221681
internal_weight=0 22.6895 18.2275 14.6094 9.10752
internal_count=146 125 102 84 52
is_linear=0
shrinkage=0.1


Tree=20
num_leaves=6
num_cat=0
split_feature=7 12 7 7 12
split_gain=0.62708 0.845554 1.91701 0.634811 2.3929
threshold=30.500000000000004 1.5000000000000002 69.500000000000014 105.50000000000001 0.55000000000000004
decision_type=2 2 2 2 2
left_child=-1 2 -2 -4 -5
right_child=1 -3 3 4 -6
leaf_value=0.027767824115879622 -0.083362785041235121 0.027432520056937162 0.02450374447093568 -0.080281564299167427 0.04008592129053927
leaf_weight=6.2415723353624371 3.6427473872900036 5.0023188441991797 5.492930203676222 3.3818292394280434 3.2281548902392387
leaf_count=30 17 28 30 21 20
internal_value=0 -0.00838351 -0.0197621 -0.000619489 -0.021497
internal_weight=0 20.748 15.7457 12.1029 6.60998
internal_count=146 116 88 71 41
is_linear=0
shrinkage=0.1


Tree=21
num_leaves=5
num_cat=0
split_feature=10 10 12 12
split_gain=0.608625 0.943357 0.88432 0.682254
threshold=379.83333333333582 466.00000000000006 0.75000000000000011 1.0000000180025095e-35
decision_type=2 2 2 2
left_child=3 -2 -3 -1
right_child=1 2 -4 -5
leaf_value=-0.015173872429609837 -0.037140301181541602 0.041736292981216061 -0.02204442778139112 0.038271473361358777
leaf_weight=3.7354798093438166 7.8141332864761379 4.4712823182344419 4.2307807207107544 6.6239003688097
leaf_count=21 38 28 23 36
internal_value=0 -0.0119198 0.0107273 0.0189997
internal_weight=0 16.5162 8.70206 10.3594
internal_count=146 89 51 57
is_linear=0
shrinkage=0.1


Tree=22
num_leaves=5
num_cat=0
split_feature=11 7 0 12
split_gain=6.0503 0.693934 0.715218 1.7929
threshold=1.0000000180025095e-35 93.500000000000014 0.65000000000000002 2.4000000000000008
decision_type=2 2 2 2
left_child=-1 2 -2 -4
right_child=1 -3 3 -5
leaf_value=-0.11907420796726516 -0.014581847305064472 0.048219244367403255 0.069607912271108865 -0.016255720047912349
leaf_weight=3.6816535964608219 7.4625136554241243 5.9947449639439574 4.8519908338785154 4.875497967004776
leaf_count=28 37 35 23 23
internal_value=0 0.0189231 0.00870651 0.0265723
internal_weight=0 23.1847 17.19 9.72749
internal_count=146 118 83 46
is_linear=0
shrinkage=0.1


Tree=23
num_leaves=6
num_cat=0
split_feature=0 0 0 0 7
split_gain=0.594483 0.959077 1.15647 0.302381 0.287609
threshold=2.6500000000000017 1.0500000000000003 0.55000000000000016 0.15000000000000005 105.50000000000001
decision_type=2 2 2 2 2
left_child=1 2 3 4 -1
right_child=-2 -3 -4 -5 -6
leaf_value=0.0022105396196223188 0.034214409141937199 -0.048456571043905855 0.055181346489346854 0.0096919533406213607 -0.034807273681887005
leaf_weight=3.4443775713443845 4.2534250169992438 4.3894872590899459 3.5075352266430846 5.4058492034673682 5.3727726340293884
leaf_count=18 21 23 18 32 34
internal_value=0 -0.00660729 0.00375319 -0.00892951 -0.0203464
internal_weight=0 22.12 17.7305 14.223 8.81715
internal_count=146 125 102 84 52
is_linear=0
shrinkage=0.1


Tree=24
num_leaves=5
num_cat=0
split_feature=10 0 4 10
split_gain=0.599908 0.975364 1.33818 0.894818
threshold=348.33333333334127 0.15000000000000005 1.0000000180025095e-35 382.33333333333491
decision_type=2 2 2 2
left_child=-1 -2 -3 -4
right_child=1 2 3 -5
leaf_value=0.027312562913335 -0.04962961206930179 0.054092915016284687 -0.051525691970835744 0.0065106940136148419
leaf_weight=6.1560918912291553 4.4584477916359928 3.9065037071704856 4.0494174808263761 7.7240852415561676
leaf_count=35 27 26 20 38
internal_value=0 -0.00835798 0.00337719 -0.0134505
internal_weight=0 20.1385 15.68 11.7735
internal_count=146 111 84 58
is_linear=0
shrinkage=0.1


Tree=25
num_leaves=5
num_cat=0
split_feature=0 0 12 12
split_gain=0.50196 0.72596 0.875752 0.263886
threshold=2.6500000000000017 1.0500000000000003 0.90000000000000013 0.55000000000000004
decision_type=2 2 2 2
left_child=1 2 3 -1
right_child=-2 -3 -4 -5
leaf_value=-0.020252012758390135 0.031674502338576334 -0.042202171712923682 0.047173079963004232 0.0075048380993271149
leaf_weight=7.9114360362291425 4.2029651999473563 4.4326405748724929 3.5856776535511008 6.0400515198707581
leaf_count=45 21 23 21 36
internal_value=0 -0.00604523 0.00309369 -0.00823517
internal_weight=0 21.9698 17.5372 13.9515
internal_count=146 125 102 81
is_linear=0
shrinkage=0.1


Tree=26
num_leaves=5
num_cat=0
split_feature=10 10 12 12
split_gain=0.604002 0.842227 0.979565 0.5707
threshold=379.83333333333582 466.00000000000006 0.75000000000000011 1.0000000180025095e-35
decision_type=2 2 2 2
left_child=3 -2 -3 -1
right_child=1 2 -4 -5
leaf_value=-0.012194166017609795 -0.03583898836353358 0.043683019458200335 -0.024741635509791748 0.037350207327510848
leaf_weight=3.6601931825280207 7.7087438777089146 4.246775731444357 4.1239210069179535 6.3734062239527702
leaf_count=21 38 28 23 36
internal_value=0 -0.0119901 0.00997282 0.0192767
internal_weight=0 16.0794 8.3707 10.0336
internal_count=146 89 51 57
is_linear=0
shrinkage=0.1


Tree=27
num_leaves=6
num_cat=0
split_feature=7 12 7 0 10
split_gain=0.524578 0.664147 2.68058 1.53006 0.702761
threshold=30.500000000000004 1.5000000000000002 63.500000000000007 0.15000000000000005 357.33333333333218
decision_type=2 2 2 2 2
left_child=-1 2 -2 4 -4
right_child=1 -3 3 -5 -6
leaf_value=0.025703009960102399 -0.10607582060971579 0.024893258890275553 0.0061862169771184864 0.054263456314943975 -0.051068042299855392
leaf_weight=6.1014271676540401 2.815006390213969 4.7423352897167197 4.4278916716575605 3.8610226958990088 4.1560671329498291
leaf_count=30 13 28 26 24 25
internal_value=0 -0.00779359 -0.0179517 0.00198169 -0.0215344
internal_weight=0 20.0023 15.26 12.445 8.58396
internal_count=146 116 88 75 51
is_linear=0
shrinkage=0.1


Tree=28
num_leaves=5
num_cat=0
split_feature=7 14 7 7
split_gain=0.428047 0.70713 0.983543 2.22837
threshold=30.500000000000004 1.0000000180025095e-35 63.500000000000007 105.50000000000001
decision_type=2 2 2 2
left_child=-1 -2 -3 -4
right_child=1 2 3 -5
leaf_value=0.02335815059681055 0.025279163473045221 -0.05710851776124283 0.038978397034067476 -0.054725024322395371
leaf_weight=6.0456009656190899 5.056683719158177 4.4904860928654644 5.9360703676938993 4.4333557561039925
leaf_count=30 30 23 34 29
internal_value=0 -0.00702195 -0.0180137 -0.00108367
internal_weight=0 19.9166 14.8599 10.3694
internal_count=146 116 86 63
is_linear=0
shrinkage=0.1


Tree=29
num_leaves=6
num_cat=0
split_feature=12 12 5 0 12
split_gain=0.437136 1.5335 0.842549 1.17083 0.342956
threshold=2.4000000000000008 1.25 781.33333333333405 0.15000000000000005 0.55000000000000004
decision_type=2 2 2 2 2
left_child=1 2 3 4 -1
right_child=-2 -3 -4 -5 -6
leaf_value=-0.032850182532583642 -0.025185013103874616 0.061263890328737317 -0.04896570933410696 0.051501379949429438 0.0068801930352691085
leaf_weight=4.7890579029917806 5.4182654097676268 4.1209612786769858 3.7007284238934508 3.8217210024595252 3.9768548905849457
leaf_count=28 29 25 18 22 24
internal_value=0 0.00676756 -0.00702003 0.00531188 -0.0148256
internal_weight=0 20.4093 16.2884 12.5876 8.76591
internal_count=146 117 92 74 52
is_linear=0
shrinkage=0.1


Tree=30
num_leaves=6
num_cat=0
split_feature=7 7 7 3 7
split_gain=0.383284 0.38743 0.560228 0.436382 0.0971841
threshold=30.500000000000004 72.500000000000014 105.50000000000001 730.3333333333286 126.50000000000001
decision_type=2 2 2 2 2
left_child=-1 3 -3 -2 -4
right_child=1 2 4 -5 -6
leaf_value=0.022180993221678033 -0.00113733036208293 0.028389676758908564 -0.027668454288364147 -0.047661594369182034 -0.0026450948519034668
leaf_weight=6.0162482261657741 4.196948781609537 5.455088831484316 3.198510654270649 3.8798204436898232 3.0150818452239037
leaf_count=30 22 33 21 20 20
internal_value=0 -0.00664946 0.00500444 -0.0234861 -0.0155261
internal_weight=0 19.7455 11.6687 8.07677 6.21359
internal_count=146 116 74 42 41
is_linear=0
shrinkage=0.1


Tree=31
num_leaves=6
num_cat=0
split_feature=12 12 5 0 12
split_gain=0.382796 1.29872 0.6532 0.978388 0.277328
threshold=2.4000000000000008 1.25 781.33333333333405 0.15000000000000005 0.55000000000000004
decision_type=2 2 2 2 2
left_child=1 2 3 4 -1
right_child=-2 -3 -4 -5 -6
leaf_value=-0.029744384633715898 -0.023538213457485413 0.057177117288371972 -0.042983135393154091 0.047494654737329278 0.0059844704886710606
leaf_weight=4.7953907176852315 5.4137875735759726 4.0337723121047011 3.7247794046998015 3.7465065643191329 3.9718658998608589
leaf_count=28 29 25 18 22 24
internal_value=0 0.00639342 -0.00622162 0.00472061 -0.013558
internal_weight=0 20.2723 16.2385 12.5138 8.76726
internal_count=146 117 92 74 52
is_linear=0
shrinkage=0.1


Tree=32
num_leaves=5
num_cat=0
split_feature=10 3 10 10
split_gain=0.515374 0.622664 1.24574 1.06172
threshold=348.33333333334127 771.16666666667118 466.00000000000006 379.83333333333582
decision_type=2 2 2 2
left_child=-1 2 3 -2
right_child=1 -3 -4 -5
leaf_value=0.025838080430040364 -0.0029761614564111417 0.017273956244950164 0.020274602390365368 -0.075290962516033164
leaf_weight=5.9668682590127018 3.5885732322931307 6.6140980571508399 4.7737749740481368 4.6754837706685066
leaf_count=35 20 37 32 22
internal_value=0 -0.0077175 -0.0203957 -0.0438891
internal_weight=0 19.6519 13.0378 8.26406
internal_count=146 111 74 42
is_linear=0
shrinkage=0.1


Tree=33
num_leaves=6
num_cat=0
split_feature=10 10 3 10 12
split_gain=0.428601 0.530393 1.63189 1.03708 0.447133
threshold=366.50000000000733 466.00000000000006 764.66666666666515 639.66666666666799 1.0000000180025095e-35
decision_type=2 2 2 2 2
left_child=4 2 -2 -3 -1
right_child=1 3 -4 -5 -6
leaf_value=-0.0097778411819864092 -0.072716341580540703 0.038292963217464997 0.01599466810106985 -0.034088182375466673 0.035540475445603736
leaf_weight=3.6128086373209971 4.052695609629156 4.8186327144503576 4.2464475184679031 3.3597497418522835 5.4787696376442909
leaf_count=21 19 28 22 23 33
internal_value=0 -0.00951506 -0.0273253 0.00855817 0.0175319
internal_weight=0 16.4775 8.29914 8.17838 9.09158
internal_count=146 92 41 51 54
is_linear=0
shrinkage=0.1


Tree=34
num_leaves=6
num_cat=0
split_feature=0 0 3 7 7
split_gain=0.411062 0.636961 0.758992 0.167452 0.333592
threshold=2.6500000000000017 1.0500000000000003 771.16666666667118 90.500000000000014 117.50000000000001
decision_type=2 2 2 2 2
left_child=1 2 3 -1 -5
right_child=-2 -3 -4 4 -6
leaf_value=-0.022825978531772699 0.029059858044254594 -0.039351051469653335 0.041694336432384016 0.023031340271593363 -0.017807239936351745
leaf_weight=4.9399769455194571 4.1137527972459784 4.4030694663524619 3.9556670933961859 3.6323802247643453 4.4514325559139252
leaf_count=26 21 23 23 24 29
internal_value=0 -0.00545798 0.00333108 -0.00832085 0.000543167
internal_weight=0 21.3825 16.9795 13.0238 8.08381
internal_count=146 125 102 79 53
is_linear=0
shrinkage=0.1


Tree=35
num_leaves=5
num_cat=0
split_feature=0 0 12 12
split_gain=0.335697 0.513236 0.612751 0.151797
threshold=2.6500000000000017 1.0500000000000003 0.90000000000000013 0.55000000000000004
decision_type=2 2 2 2
left_child=1 2 3 -1
right_child=-2 -3 -4 -5
leaf_value=-0.015398368131368127 0.02641574195892131 -0.035228628320656985 0.041911895331241948 0.0058903081632329796
leaf_weight=7.8195718526840299 4.0750918239355078 4.4252278283238402 3.2689358592033377 5.859005868434906
leaf_count=45 21 23 21 36
internal_value=0 -0.00490273 0.00301578 -0.00627969
internal_weight=0 21.3727 16.9475 13.6786
internal_count=146 125 102 81
is_linear=0
shrinkage=0.1


Tree=36
num_leaves=4
num_cat=0
split_feature=5 5 0
split_gain=0.280754 1.13577 0.285942
threshold=912.78571428571411 279.75243147657073 1.0500000000000003
decision_type=2 2 2
left_child=1 2 -1
right_child=-2 -3 -4
leaf_value=0.0029029814133881039 -0.025949474230268523 0.053348926970940617 -0.023644691123079885
leaf_weight=11.751833669841298 3.5552744194865218 3.8886939808726302 6.1964398473501197
leaf_count=72 20 21 33
internal_value=0 0.00435317 -0.0062623
internal_weight=0 21.837 17.9483
internal_count=146 126 105
is_linear=0
shrinkage=0.1


Tree=37
num_leaves=5
num_cat=0
split_feature=0 0 3 12
split_gain=0.303859 0.41488 0.558688 0.107053
threshold=2.6500000000000017 1.0500000000000003 771.16666666667118 0.55000000000000004
decision_type=2 2 2 2
left_child=1 2 3 -1
right_child=-2 -3 -4 -5
leaf_value=-0.015588277696214601 0.025165753462342767 -0.031951913881344329 0.035846361644322138 0.002644344906122793
leaf_weight=7.2066435292363256 4.064610242843627 4.418367773294448 3.8664314374327651 5.8218504041433334
leaf_count=42 21 23 23 37
internal_value=0 -0.00466948 0.00246543 -0.00744094
internal_weight=0 21.3133 16.8949 13.0285
internal_count=146 125 102 79
is_linear=0
shrinkage=0.1


Tree=38
num_leaves=5
num_cat=0
split_feature=12 0 3 12
split_gain=0.30523 1.02453 0.351677 0.178625
threshold=2.4000000000000008 0.65000000000000002 730.3333333333286 1.0000000180025095e-35
decision_type=2 2 2 2
left_child=1 2 3 -1
right_child=-2 -3 -4 -5
leaf_value=-0.0099163856803598498 -0.021046955848666071 0.044709462304016574 -0.034211768735841967 0.015468882090337236
leaf_weight=6.2142063528299385 5.3743469268083564 5.0539670735597602 3.6816742569208136 5.0040040761232376
leaf_count=37 29 27 20 33
internal_value=0 0.00580276 -0.0073942 0.00140699
internal_weight=0 19.9539 14.8999 11.2182
internal_count=146 117 90 70
is_linear=0
shrinkage=0.1


Tree=39
num_leaves=5
num_cat=0
split_feature=10 10 10 10
split_gain=0.521422 0.521063 0.80681 0.211635
threshold=379.83333333333582 466.00000000000006 639.66666666666799 268.83333333332854
decision_type=2 2 2 2
left_child=3 -2 -3 -1
right_child=1 2 -4 -5
leaf_value=0.0022548227272353115 -0.029993958810677897 0.033316745333859484 -0.030943361252701869 0.03188867206813762
leaf_weight=4.4489206001162547 7.5894013419747344 4.6890120580792409 3.3495333641767502 5.2584640979766846
leaf_count=26 38 28 23 31
internal_value=0 -0.0112017 0.00654059 0.0183074
internal_weight=0 15.6279 8.03855 9.70738
internal_count=146 89 51 57
is_linear=0
shrinkage=0.1


Tree=40
num_leaves=6
num_cat=0
split_feature=10 7 7 7 7
split_gain=0.490033 1.78361 1.23344 0.451758 1.09511
threshold=399.00000000000369 45.500000000000007 96.500000000000014 48.500000000000007 84.500000000000014
decision_type=2 2 2 2 2
left_child=3 -2 -3 -1 -5
right_child=1 2 -4 4 -6
leaf_value=-0.010675424937556674 0.03783760276410806 -0.088932998866828109 -0.0048279314671455936 0.062637858866931906 -0.0072977390828081945
leaf_weight=5.37517271190882 3.9504388421773893 3.4363335818052292 3.5400527268648148 4.2717238366603834 4.7053655609488487
leaf_count=26 21 17 27 26 29
internal_value=0 -0.0158527 -0.0462553 0.0122525 0.0259809
internal_weight=0 10.9268 6.97639 14.3523 8.97709
internal_count=146 65 44 81 55
is_linear=0
shrinkage=0.1


Tree=41
num_leaves=6
num_cat=0
split_feature=7 14 7 7 12
split_gain=0.311823 0.624031 0.910731 1.92469 0.264542
threshold=30.500000000000004 1.0000000180025095e-35 63.500000000000007 117.50000000000001 0.40000000000000013
decision_type=2 2 2 2 2
left_child=-1 -2 -3 4 -4
right_child=1 2 3 -5 -6
leaf_value=0.020351742650302946 0.025069150023290507 -0.054157513591382336 0.047774776916632684 -0.064897575364113905 0.008812561773039929
leaf_weight=5.8539635315537479 4.8545391708612486 4.4289333820342991 3.6943557709455472 3.1351994574069977 3.2985997125506401
leaf_count=30 30 23 21 21 21
internal_value=0 -0.00597897 -0.016333 0.000207273 0.0293962
internal_weight=0 19.4116 14.5571 10.1282 6.99296
internal_count=146 116 86 63 42
is_linear=0
shrinkage=0.1


Tree=42
num_leaves=5
num_cat=0
split_feature=10 4 10 10
split_gain=0.405581 0.478676 0.490362 0.281397
threshold=348.33333333334127 1.5000000000000002 600.83333333333951 399.33333333333036
decision_type=2 2 2 2
left_child=-1 2 3 -2
right_child=1 -3 -4 -5
leaf_value=0.023330067458060714 -0.00086265077403216038 -0.040968912236082657 -0.026665219210487062 0.031589013159761023
leaf_weight=5.7945723459124592 6.8631665706634539 3.3877633586525908 4.7100419104099265 4.3756423890590668
leaf_count=35 39 17 32 23
internal_value=0 -0.00683085 0.000420558 0.0117719
internal_weight=0 19.3366 15.9489 11.2388
internal_count=146 111 94 62
is_linear=0
shrinkage=0.1


Tree=43
num_leaves=5
num_cat=0
split_feature=0 0 0 5
split_gain=0.261306 0.404748 0.375541 0.356637
threshold=2.6500000000000017 1.0500000000000003 0.15000000000000005 781.33333333333405
decision_type=2 2 2 2
left_child=1 2 -1 -4
right_child=-2 -3 3 -5
leaf_value=-0.011758457160320774 0.023536653202738313 -0.031302459495905571 0.040160879538941811 -0.0018686289737471309
leaf_weight=8.6027653887868016 4.0050477832555762 4.4012702181935301 3.87332935631275 4.2169245555996895
leaf_count=52 21 23 26 24
internal_value=0 -0.00432579 0.00278687 0.0182536
internal_weight=0 21.0943 16.693 8.09025
internal_count=146 125 102 50
is_linear=0
shrinkage=0.1


Tree=44
num_leaves=6
num_cat=0
split_feature=10 7 7 7 7
split_gain=0.360334 1.51907 1.03122 0.392179 0.840625
threshold=399.00000000000369 45.500000000000007 96.500000000000014 42.500000000000007 84.500000000000014
decision_type=2 2 2 2 2
left_child=3 -2 -3 -1 -5
right_child=1 2 -4 4 -6
leaf_value=-0.01295930668114784 0.036400625092249936 -0.079881801070400507 -0.0029805773427748622 0.051795765920896741 -0.0078428805736442328
leaf_weight=4.7057485878467586 3.9010584205389005 3.4957154840230942 3.4793068543076515 4.7901425212621671 4.665312260389328
leaf_count=23 21 17 27 29 29
internal_value=0 -0.0135723 -0.0415216 0.0106302 0.0223701
internal_weight=0 10.8761 6.97502 14.1612 9.45545
internal_count=146 65 44 81 58
is_linear=0
shrinkage=0.1


Tree=45
num_leaves=5
num_cat=0
split_feature=10 5 7 7
split_gain=0.34778 0.406775 0.714603 1.31181
threshold=348.33333333334127 279.75243147657073 57.500000000000007 114.50000000000001
decision_type=2 2 2 2
left_child=-1 2 -2 -4
right_child=1 -3 3 -5
leaf_value=0.021743226109351789 -0.045280885293475445 0.012361833304781066 0.042028045355159908 -0.047019824381946497
leaf_weight=5.7364174053072956 5.2508665546774882 7.2714150995016089 3.8634876981377602 2.8932135924696922
leaf_count=35 26 40 25 20
internal_value=0 -0.00630424 -0.0176078 0.00389783
internal_weight=0 19.279 12.0076 6.7567
internal_count=146 111 71 45
is_linear=0
shrinkage=0.1


Tree=46
num_leaves=6
num_cat=0
split_feature=7 12 0 7 7
split_gain=0.289701 0.393922 1.58986 0.403538 0.165722
threshold=30.500000000000004 1.5000000000000002 0.45000000000000007 105.50000000000001 126.50000000000001
decision_type=2 2 2 2 2
left_child=-1 2 3 -2 -5
right_child=1 -3 -4 4 -6
leaf_value=0.019659196482128549 0.028128417329422974 0.020439994689623812 -0.067610109872876037 -0.02709023340945459 0.0061887609424668318
leaf_weight=5.8203199282288578 4.7474613189697283 4.3980285301804534 3.9847777262330046 3.076954610645771 2.9130071103572845
leaf_count=30 28 28 19 21 20
internal_value=0 -0.0058213 -0.0136664 0.00635265 -0.0109062
internal_weight=0 19.1202 14.7222 10.7374 5.98996
internal_count=146 116 88 69 41
is_linear=0
shrinkage=0.1


Tree=47
num_leaves=5
num_cat=0
split_feature=10 10 10 0
split_gain=0.283861 0.409715 0.526207 0.43913
threshold=348.33333333334127 466.00000000000006 639.66666666666799 1.6500000000000006
decision_type=2 2 2 2
left_child=-1 3 -3 -2
right_child=1 2 -4 -5
leaf_value=0.019815483591870429 -0.0026385615080753693 0.033581835584327861 -0.018492507044007706 -0.043436045357777231
leaf_weight=5.6556103378534344 7.0261985063552874 4.6146849170327178 3.348550520837307 4.2246619090437889
leaf_count=35 38 28 23 22
internal_value=0 -0.00567267 0.0116845 -0.0179579
internal_weight=0 19.2141 7.96324 11.2509
internal_count=146 111 51 60
is_linear=0
shrinkage=0.1


Tree=48
num_leaves=4
num_cat=0
split_feature=0 3 3
split_gain=0.223086 0.392435 0.914175
threshold=2.6500000000000017 771.16666666667118 196.00000000000003
decision_type=2 2 2
left_child=1 2 -1
right_child=-2 -3 -4
leaf_value=0.0045546751108669582 0.02189307019722276 0.0199279400848347 -0.04732476374519333
leaf_weight=10.727588657289749 3.9555909782648078 5.1554687097668639 4.970222979784011
leaf_count=68 21 31 26
internal_value=0 -0.00400973 -0.0118713
internal_weight=0 20.8533 15.6978
internal_count=146 125 94
is_linear=0
shrinkage=0.1


Tree=49
num_leaves=6
num_cat=0
split_feature=10 10 10 0 0
split_gain=0.300993 0.692273 0.489712 0.124697 0.267732
threshold=399.00000000000369 519.00000000000011 639.66666666666799 0.25000000000000006 1.6500000000000006
decision_type=2 2 2 2 2
left_child=3 -2 -3 -1 -5
right_child=1 2 -4 4 -6
leaf_value=-0.0032536552747874379 -0.042622641833532676 0.038396620778332599 -0.017372151784714015 0.03452145589693905 0.00032538449482570836
leaf_weight=4.807900536805394 4.4576227441430074 2.9707517996430397 3.3502660393714905 4.3751590028405172 4.8029317259788513
leaf_count=29 23 19 23 26 26
internal_value=0 -0.0124441 0.00883805 0.0097924 0.0166265
internal_weight=0 10.7786 6.32102 13.986 9.17809
internal_count=146 65 42 81 52
is_linear=0
shrinkage=0.1


Tree=50
num_leaves=6
num_cat=0
split_feature=10 12 12 10 12
split_gain=0.270249 0.841592 0.796499 1.20895 0.487796
threshold=379.83333333333582 2.0500000000000003 0.75000000000000011 510.50000000000006 1.5000000000000002
decision_type=2 2 2 2 2
left_child=4 2 3 -2 -1
right_child=1 -3 -4 -5 -6
leaf_value=-0.0033831744397696453 -0.059888076040623288 -0.050071679693387251 0.03428506024600534 0.026108230526409804 0.04429863635337361
leaf_weight=6.0658415891230124 3.3724147602915746 3.6381970569491378 5.178896926343441 3.1726622134447098 3.3197222650051117
leaf_count=37 17 20 29 23 20
internal_value=0 -0.00805529 0.00498329 -0.0182022 0.0134821
internal_weight=0 15.3622 11.724 6.54508 9.38556
internal_count=146 89 69 40 57
is_linear=0
shrinkage=0.1


Tree=51
num_leaves=5
num_cat=0
split_feature=12 0 3 12
split_gain=0.247378 0.995001 0.246944 0.170601
threshold=2.4000000000000008 0.65000000000000002 730.3333333333286 1.0000000180025095e-35
decision_type=2 2 2 2
left_child=1 2 3 -1
right_child=-2 -3 -4 -5
leaf_value=-0.011392379755042809 -0.018933403152297561 0.044584334959594726 -0.030157884876576876 0.013838769839968935
leaf_weight=6.0114008896052891 5.3421590551733962 4.8505639210343352 3.6685586124658576 4.8354174792766571
leaf_count=37 29 27 20 33
internal_value=0 0.00537311 -0.00773 -0.000144552
internal_weight=0 19.3659 14.5154 10.8468
internal_count=146 117 90 70
is_linear=0
shrinkage=0.1


Tree=52
num_leaves=5
num_cat=0
split_feature=7 14 10 7
split_gain=0.290324 0.546742 0.762086 0.429733
threshold=30.500000000000004 1.0000000180025095e-35 466.00000000000006 72.500000000000014
decision_type=2 2 2 2
left_child=-1 -2 3 -3
right_child=1 2 -4 -5
leaf_value=0.019789112843469864 0.023528776565051382 -0.060059250179348572 0.014887477591410606 -0.015484644450460938
leaf_weight=5.753843471407893 4.7465186491608664 3.5916795134544319 5.1843561977148065 5.4367257803678513
leaf_count=30 30 20 32 34
internal_value=0 -0.00585663 -0.0156702 -0.0332173
internal_weight=0 18.9593 14.2128 9.02841
internal_count=146 116 86 54
is_linear=0
shrinkage=0.1


Tree=53
num_leaves=6
num_cat=0
split_feature=7 14 7 7 12
split_gain=0.236404 0.443305 0.586611 1.45805 0.336316
threshold=30.500000000000004 1.0000000180025095e-35 63.500000000000007 117.50000000000001 0.55000000000000004
decision_type=2 2 2 2 2
left_child=-1 -2 -3 4 -4
right_child=1 2 3 -5 -6
leaf_value=0.017938478767635872 0.021282492381297674 -0.044590890069437152 0.045699024014103598 -0.057610184609916459 0.0010256851420972176
leaf_weight=5.714844889938834 4.7239886075258299 4.3662215396761868 3.6928069144487363 3.0827877819538116 3.0997646376490593
leaf_count=30 30 23 22 21 20
internal_value=0 -0.00526314 -0.0140684 -0.000573439 0.0253125
internal_weight=0 18.9656 14.2416 9.87536 6.79257
internal_count=146 116 86 63 42
is_linear=0
shrinkage=0.1


Tree=54
num_leaves=6
num_cat=0
split_feature=10 7 7 12 3
split_gain=0.276561 1.18522 0.930643 0.499377 0.199112
threshold=399.00000000000369 45.500000000000007 96.500000000000014 0.55000000000000004 412.50000000000119
decision_type=2 2 2 2 2
left_child=3 -2 -3 -1 -5
right_child=1 2 -4 4 -6
leaf_value=-0.015573047383990804 0.033183675909726339 -0.072794885751519531 0.0005013114700556493 0.0047805270211397841 0.035724055849648322
leaf_weight=5.0664307735860374 3.7661459743976575 3.4993452429771423 3.4304954931139946 3.3754854351282102 5.4161969162523746
leaf_count=29 21 17 27 22 30
internal_value=0 -0.0119709 -0.0365109 0.00943313 0.0238436
internal_weight=0 10.696 6.92984 13.8581 8.79168
internal_count=146 65 44 81 52
is_linear=0
shrinkage=0.1


Tree=55
num_leaves=6
num_cat=0
split_feature=10 4 0 3 10
split_gain=0.258631 0.434603 0.491437 1.03841 0.317795
threshold=348.33333333334127 1.5000000000000002 0.15000000000000005 730.3333333333286 399.00000000000369
decision_type=2 2 2 2 2
left_child=-1 2 -2 -4 -5
right_child=1 -3 3 4 -6
leaf_value=0.019074538191929807 -0.026932598762138195 -0.038153937845256738 0.053367665152710742 0.011755504241915642 -0.030153395418765157
leaf_weight=5.563025280833247 4.3642694354057339 3.345918469130992 4.0181812644004804 3.4837733581662178 3.7647101283073425
leaf_count=35 27 17 26 20 21
internal_value=0 -0.00544481 0.00155682 0.0125925 -0.0100111
internal_weight=0 18.9769 15.6309 11.2667 7.24848
internal_count=146 111 94 67 41
is_linear=0
shrinkage=0.1


Tree=56
num_leaves=5
num_cat=0
split_feature=12 0 5 12
split_gain=0.259838 0.778943 0.247539 0.0751927
threshold=2.4000000000000008 0.65000000000000002 346.36363636363666 1.0000000180025095e-35
decision_type=2 2 2 2
left_child=1 2 3 -1
right_child=-2 -3 -4 -5
leaf_value=-0.0051422300931787566 -0.019520103835848662 0.040605978196443224 -0.027424058403359059 0.012018856728984647
leaf_weight=6.1612862758338505 5.2857725843787184 4.7593550011515608 3.9373788386583319 4.3599478751420975
leaf_count=38 29 27 22 30
internal_value=0 0.00551558 -0.00603516 0.00196924
internal_weight=0 19.218 14.4586 10.5212
internal_count=146 117 90 68
is_linear=0
shrinkage=0.1


Tree=57
num_leaves=5
num_cat=0
split_feature=7 0 0 7
split_gain=0.2123 0.53572 0.947681 0.343793
threshold=36.500000000000007 0.15000000000000005 0.84999999999999998 111.50000000000001
decision_type=2 2 2 2
left_child=-1 3 -3 -2
right_child=1 2 -4 -5
leaf_value=-0.014844349710720822 -0.03593022161122774 0.056934428156151289 -0.0068684497891700865 0.0051905970042120161
leaf_weight=6.8421460017561939 3.5892694965004939 4.2840834781527501 5.0985980629920959 4.6896539367735386
leaf_count=36 20 31 28 31
internal_value=0 0.00590384 0.0222636 -0.012637
internal_weight=0 17.6616 9.38268 8.27892
internal_count=146 110 59 51
is_linear=0
shrinkage=0.1


Tree=58
num_leaves=6
num_cat=0
split_feature=5 3 7 10 10
split_gain=0.236843 0.803322 0.541196 0.494229 0.733719
threshold=228.64923747276717 412.50000000000119 36.500000000000007 466.00000000000006 219.33333333333943
decision_type=2 2 2 2 2
left_child=1 3 -2 4 -1
right_child=2 -3 -4 -5 -6
leaf_value=0.018924727388392446 -0.041777507090318876 0.047351882900435245 0.0098261637818684577 0.022545464694370972 -0.042704350863473663
leaf_weight=3.1007532849907928 3.7423508018255216 3.7996539622545233 4.4476937167346478 4.2443144917488089 5.1241642832756042
leaf_count=19 20 19 27 30 31
internal_value=0 0.00709745 -0.0137536 -0.00516898 -0.0194705
internal_weight=0 16.2689 8.19004 12.4692 8.22492
internal_count=146 99 47 80 50
is_linear=0
shrinkage=0.1


Tree=59
num_leaves=6
num_cat=0
split_feature=7 12 7 7 7
split_gain=0.222535 0.357677 0.97669 0.20862 0.169267
threshold=30.500000000000004 1.5000000000000002 69.500000000000014 105.50000000000001 126.50000000000001
decision_type=2 2 2 2 2
left_child=-1 2 -2 -4 -5
right_child=1 -3 3 4 -6
leaf_value=0.017421074866938703 -0.05863160158562894 0.020293883056036827 0.016894337680552696 -0.027362017126420165 0.0065995619114420159
leaf_weight=5.6969261616468456 3.5018479377031353 4.2651404999196521 5.0738155916333181 3.0072896033525467 2.866332434117794
leaf_count=30 17 28 30 21 20
internal_value=0 -0.0051518 -0.0126629 0.00204155 -0.0107887
internal_weight=0 18.7144 14.4493 10.9474 5.87362
internal_count=146 116 88 71 41
is_linear=0
shrinkage=0.1


Tree=60
num_leaves=5
num_cat=0
split_feature=10 4 10 10
split_gain=0.24643 0.370001 0.45269 0.365925
threshold=348.33333333334127 1.5000000000000002 600.83333333333951 399.33333333333036
decision_type=2 2 2 2
left_child=-1 2 3 -2
right_child=1 -3 -4 -5
leaf_value=0.018706184932877842 -0.0023816107507762998 -0.035455451623813326 -0.025038333568939131 0.035222684994405166
leaf_weight=5.5125481151044395 6.6105889864265936 3.3519929721951476 4.6178390420973292 4.2522846907377243
leaf_count=35 39 17 32 23
internal_value=0 -0.00533308 0.00118922 0.0123386
internal_weight=0 18.8327 15.4807 10.8629
internal_count=146 111 94 62
is_linear=0
shrinkage=0.1


Tree=61
num_leaves=5
num_cat=0
split_feature=12 3 10 10
split_gain=0.214437 0.708124 0.582208 1.33416
threshold=2.4000000000000008 771.16666666667118 466.00000000000006 366.50000000000733
decision_type=2 2 2 2
left_child=1 2 3 -1
right_child=-2 -3 -4 -5
leaf_value=0.010582875603411576 -0.017699352653301543 0.038838240208938134 0.024530596402246502 -0.064033786820078709
leaf_weight=5.9885878227651173 5.2915010303258887 4.6794886440038672 4.3588621839880934 3.9947347268462181
leaf_count=39 29 28 31 19
internal_value=0 0.00505986 -0.00596116 -0.0192743
internal_weight=0 19.0217 14.3422 9.98332
internal_count=146 117 89 58
is_linear=0
shrinkage=0.1


Tree=62
num_leaves=6
num_cat=0
split_feature=10 10 10 3 10
split_gain=0.254484 0.401113 0.471247 0.372119 0.116116
threshold=399.00000000000369 519.00000000000011 639.66666666666799 412.50000000000119 256.16666666667157
decision_type=2 2 2 2 2
left_child=3 -2 -3 4 -1
right_child=1 2 -4 -5 -6
leaf_value=0.0060469127799086426 -0.034599794493976668 0.034687358632211111 -0.020670004734949156 0.026412453405628495 -0.01946952931653198
leaf_weight=3.5848579630255717 4.4024861082434636 2.8568192012608051 3.3306419774889946 6.5134605281054974 3.5489513389766216
leaf_count=22 23 19 23 36 23
internal_value=0 -0.0115273 0.0048891 0.00913131 -0.00664709
internal_weight=0 10.5899 6.18746 13.6473 7.13381
internal_count=146 65 42 81 45
is_linear=0
shrinkage=0.1


Tree=63
num_leaves=5
num_cat=0
split_feature=0 0 12 0
split_gain=0.20954 0.345221 0.275569 0.185574
threshold=2.6500000000000017 1.0500000000000003 0.55000000000000004 0.45000000000000007
decision_type=2 2 2 2
left_child=1 2 -1 -4
right_child=-2 -3 3 -5
leaf_value=-0.011280940093775173 0.021453468580716131 -0.029184939646390212 0.003140162432920398 0.03321953159348421
leaf_weight=7.4643186107277968 3.8627877235412589 4.2810339629650107 5.2084717974066717 3.3834524601697922
leaf_count=45 21 23 37 20
internal_value=0 -0.00395304 0.00277447 0.0149853
internal_weight=0 20.3373 16.0562 8.59192
internal_count=146 125 102 57
is_linear=0
shrinkage=0.1


Tree=64
num_leaves=6
num_cat=0
split_feature=10 7 7 3 7
split_gain=0.221309 1.01367 0.60279 0.289969 0.396001
threshold=399.00000000000369 45.500000000000007 96.500000000000014 412.50000000000119 93.500000000000014
decision_type=2 2 2 2 2
left_child=3 -2 -3 4 -1
right_child=1 2 -4 -5 -6
leaf_value=-0.030129588271083668 0.031335266875170943 -0.062462240068491152 -0.003138195798493346 0.023858879817257071 0.017082092388727529
leaf_weight=3.3897523805499095 3.7115329280495626 3.5140990540385246 3.3414213061332703 6.4707023948431015 3.7333517968654633
leaf_count=21 21 17 27 36 24
internal_value=0 -0.0107582 -0.0335473 0.00853516 -0.00538507
internal_weight=0 10.5671 6.85552 13.5938 7.1231
internal_count=146 65 44 81 45
is_linear=0
shrinkage=0.1


Tree=65
num_leaves=6
num_cat=0
split_feature=12 0 7 7 7
split_gain=0.22767 0.768215 0.53578 0.333629 0.139511
threshold=2.4000000000000008 0.65000000000000002 72.500000000000014 105.50000000000001 126.50000000000001
decision_type=2 2 2 2 2
left_child=1 2 -1 -4 -5
right_child=-2 -3 3 4 -6
leaf_value=-0.040408319986278377 -0.018324996220030514 0.040603569843119691 0.023706080504515167 -0.026696060226119884 0.004352964466244503
leaf_weight=3.4771838188171449 5.2483653724193564 4.6311012357473365 4.9836137518286687 2.9733198173344135 2.8193663582205772
leaf_count=17 29 27 32 21 20
internal_value=0 0.00521964 -0.00627696 0.00473619 -0.0115841
internal_weight=0 18.8846 14.2535 10.7763 5.79269
internal_count=146 117 90 73 41
is_linear=0
shrinkage=0.1


Tree=66
num_leaves=6
num_cat=0
split_feature=5 7 7 7 12
split_gain=0.226896 0.604845 0.501981 0.19876 0.559676
threshold=228.64923747276717 51.500000000000007 36.500000000000007 90.500000000000014 0.55000000000000004
decision_type=2 2 2 2 2
left_child=1 -1 -2 -3 -5
right_child=2 3 -4 4 -6
leaf_value=0.037681483780896662 -0.040588401944433784 -0.023863222600733168 0.0093877371778454052 -0.019974807884072597 0.034784111996640707
leaf_weight=4.5845564231276574 3.714145712554453 3.8373897522687894 4.3799919784069061 4.2508306466042995 3.3276217021048069
leaf_count=23 20 24 27 28 24
internal_value=0 0.00700103 -0.0135447 -0.00532012 0.00406928
internal_weight=0 16.0004 8.09414 11.4158 7.57845
internal_count=146 99 47 76 52
is_linear=0
shrinkage=0.1


Tree=67
num_leaves=6
num_cat=0
split_feature=10 7 7 12 0
split_gain=0.218003 0.842456 0.499474 0.320297 0.587196
threshold=399.00000000000369 45.500000000000007 96.500000000000014 0.55000000000000004 1.6500000000000006
decision_type=2 2 2 2 2
left_child=3 -2 -3 -1 -5
right_child=1 2 -4 4 -6
leaf_value=-0.011571077320738277 0.02815699651383163 -0.057421360141997037 -0.003507769607180967 0.048801339192291043 -0.003865959672654122
leaf_weight=5.0113074779510525 3.6475904583930951 3.5455133095383644 3.3344419524073601 3.9097480550408346 4.6164406128227711
leaf_count=29 21 17 27 26 26
internal_value=0 -0.0106938 -0.0312916 0.00849254 0.020285
internal_weight=0 10.5275 6.87996 13.5375 8.52619
internal_count=146 65 44 81 52
is_linear=0
shrinkage=0.1


Tree=68
num_leaves=6
num_cat=0
split_feature=7 7 10 3 7
split_gain=0.200606 0.249562 0.38597 0.524176 0.106922
threshold=36.500000000000007 105.50000000000001 357.33333333333218 730.3333333333286 126.50000000000001
decision_type=2 2 2 2 2
left_child=-1 2 -2 -4 -3
right_child=1 4 3 -5 -6
leaf_value=-0.01451224548001309 -0.012565338557954556 -0.024465158541984649 0.05085080487802951 -0.00087275808382252613 0.0028186258914729492
leaf_weight=6.7537784352898624 3.6525940522551554 2.9550589360296717 4.2075064927339554 3.6668101474642754 2.7947916276752949
leaf_count=36 25 21 22 22 20
internal_value=0 0.0058136 0.0143021 0.0267648 -0.0112035
internal_weight=0 17.2768 11.5269 7.87432 5.74985
internal_count=146 110 69 44 41
is_linear=0
shrinkage=0.1


Tree=69
num_leaves=5
num_cat=0
split_feature=10 12 0 12
split_gain=0.217436 0.677039 0.657338 0.39554
threshold=348.33333333334127 2.4000000000000008 0.55000000000000016 0.55000000000000004
decision_type=2 2 2 2
left_child=-1 2 3 -2
right_child=1 -3 -4 -5
leaf_value=0.01769409995043102 0.014077515215114392 -0.03836501609752594 0.033006872413923229 -0.029569405159523006
leaf_weight=5.4344375059008625 3.5535335727036017 4.5920657888054839 5.4543865844607344 4.9944108575582504
leaf_count=35 23 25 31 32
internal_value=0 -0.00504449 0.00588298 -0.0114246
internal_weight=0 18.5944 14.0023 8.54794
internal_count=146 111 86 55
is_linear=0
shrinkage=0.1


Tree=70
num_leaves=6
num_cat=0
split_feature=7 7 7 5 7
split_gain=0.206643 0.336933 0.336005 0.267778 0.0883448
threshold=30.500000000000004 72.500000000000014 105.50000000000001 228.64923747276717 126.50000000000001
decision_type=2 2 2 2 2
left_child=-1 3 -3 -2 -4
right_child=1 2 4 -5 -6
leaf_value=0.016879168826381238 -0.0012362619840017733 0.02501365831714647 -0.022291820629519125 -0.038992658758281729 0.0024991647526463635
leaf_weight=5.6189171671867397 3.5411740466952351 5.0776767022907716 2.9664034321904182 4.0004966519773006 2.7888809069991112
leaf_count=30 20 33 21 22 20
internal_value=0 -0.00503483 0.00626372 -0.0212642 -0.0102787
internal_weight=0 18.3746 10.833 7.54167 5.75528
internal_count=146 116 74 42 41
is_linear=0
shrinkage=0.1


Tree=71
num_leaves=5
num_cat=0
split_feature=10 10 10 10
split_gain=0.177838 0.355688 0.643368 0.340475
threshold=366.50000000000733 446.00000000000006 600.83333333333951 268.83333333332854
decision_type=2 2 2 2
left_child=3 -2 -3 -1
right_child=1 2 -4 -5
leaf_value=-0.0088005206205245146 -0.022208229410196886 0.044135319740648715 -0.013594648121440504 0.031593718404161086
leaf_weight=4.077868580818178 7.3492534086108199 3.088724382221697 5.1477986723184586 4.2732334211468697
leaf_count=26 38 18 36 28
internal_value=0 -0.00621558 0.00805429 0.0118691
internal_weight=0 15.5858 8.23652 8.3511
internal_count=146 92 54 54
is_linear=0
shrinkage=0.1


Tree=72
num_leaves=6
num_cat=0
split_feature=7 7 0 7 7
split_gain=0.182143 0.247308 0.811229 0.284051 0.0648481
threshold=30.500000000000004 72.500000000000014 1.3500000000000003 105.50000000000001 126.50000000000001
decision_type=2 2 2 2 2
left_child=-1 2 -2 -3 -5
right_child=1 3 -4 4 -6
leaf_value=0.015895793376726929 -0.049206744503662872 0.022388011420950524 0.016436093241605131 -0.020466790844079451 0.00079935247243674123
leaf_weight=5.5885343551635769 4.0355155020952251 5.0197272934019548 3.5289884135127068 2.9639584720134735 2.7776929400861263
leaf_count=30 21 33 21 21 20
internal_value=0 -0.00472733 -0.0185831 0.00501231 -0.0101787
internal_weight=0 18.3259 7.5645 10.7614 5.74165
internal_count=146 116 42 74 41
is_linear=0
shrinkage=0.1


Tree=73
num_leaves=6
num_cat=0
split_feature=12 0 7 10 12
split_gain=0.192311 0.57625 0.30585 0.337393 1.40844
threshold=2.4000000000000008 0.65000000000000002 72.500000000000014 510.50000000000006 1.0000000180025095e-35
decision_type=2 2 2 2 2
left_child=1 2 -1 4 -4
right_child=-2 -3 3 -5 -6
leaf_value=-0.030763685552025133 -0.01687243507582353 0.035935990325539645 -0.021158291042776761 -0.02093267913609631 0.070819281184550692
leaf_weight=3.4956153333187165 5.2212530858814707 4.5153206363320342 4.0719791054725629 3.7180292904376984 2.8163173943758011
leaf_count=17 29 27 24 27 22
internal_value=0 0.00484441 -0.00511085 0.00334377 0.0164472
internal_weight=0 18.6173 14.1019 10.6063 6.8883
internal_count=146 117 90 73 46
is_linear=0
shrinkage=0.1


Tree=74
num_leaves=5
num_cat=0
split_feature=12 12 12 12
split_gain=0.155854 0.416222 0.0900226 0.0157637
threshold=2.4000000000000008 1.25 0.75000000000000011 1.0000000180025095e-35
decision_type=2 2 2 2
left_child=1 2 3 -1
right_child=-2 -3 -4 -5
leaf_value=-0.0008603102114723599 -0.015123654012986263 0.036504682729649518 -0.015342959181620472 0.0069097801968958988
leaf_weight=6.9693417511880451 5.241373147815465 3.3167741559445849 4.0594327598810187 4.1752053871750832
leaf_count=42 29 25 21 29
internal_value=0 0.00440846 -0.00259338 0.00205068
internal_weight=0 18.5208 15.204 11.1445
internal_count=146 117 92 71
is_linear=0
shrinkage=0.1


Tree=75
num_leaves=6
num_cat=0
split_feature=7 12 7 10 7
split_gain=0.188571 0.29176 0.701219 0.287659 0.154749
threshold=30.500000000000004 1.5000000000000002 69.500000000000014 510.50000000000006 108.50000000000001
decision_type=2 2 2 2 2
left_child=-1 2 -2 4 -4
right_child=1 -3 3 -5 -6
leaf_value=0.016149151557974285 -0.050748742979005279 0.018841522686618876 -0.001010393179040089 -0.021718100416604578 0.028782510380427596
leaf_weight=5.5927027463912991 3.4599263444542911 4.0397451929748049 3.72643333673477 3.6431480757892132 3.2762156836688519
leaf_count=30 17 28 23 26 22
internal_value=0 -0.00485309 -0.011639 0.00107181 0.0129283
internal_weight=0 18.1455 14.1057 10.6458 7.00265
internal_count=146 116 88 71 45
is_linear=0
shrinkage=0.1


Tree=76
num_leaves=6
num_cat=0
split_feature=5 5 7 5 7
split_gain=0.157441 0.941166 1.25044 0.528404 0.326754
threshold=279.75243147657073 150.81410825199643 51.500000000000007 912.78571428571411 108.50000000000001
decision_type=2 2 2 2 2
left_child=1 2 -1 -2 -4
right_child=3 -3 4 -5 -6
leaf_value=0.059953015953008885 0.040698892386160215 -0.055224779476968022 -0.028556666167767267 -0.014662091847316185 0.0068272048494941937
leaf_weight=3.276644214987761 3.422337979078292 3.0661465264856806 5.2173042371869069 3.4743909649550915 5.2219753861427307
leaf_count=17 21 18 32 20 38
internal_value=0 -0.00513762 0.00605919 0.0128095 -0.0108568
internal_weight=0 16.7821 13.7159 6.89673 10.4393
internal_count=146 105 87 41 70
is_linear=0
shrinkage=0.1


Tree=77
num_leaves=5
num_cat=0
split_feature=7 0 0 7
split_gain=0.160617 0.502888 0.906062 0.226008
threshold=36.500000000000007 0.15000000000000005 0.84999999999999998 111.50000000000001
decision_type=2 2 2 2
left_child=-1 3 -3 -2
right_child=1 2 -4 -5
leaf_value=-0.013053395105579705 -0.031623070514186953 0.056217139637123673 -0.0077922558343047274 0.0020913942082808764
leaf_weight=6.6656450182199505 3.5668555721640605 4.0950050801038724 4.8077176325023174 4.4929241538047791
leaf_count=36 20 31 28 31
internal_value=0 0.00526739 0.0216503 -0.0128289
internal_weight=0 16.9625 8.90272 8.05978
internal_count=146 110 59 51
is_linear=0
shrinkage=0.1


Tree=78
num_leaves=6
num_cat=0
split_feature=5 7 7 10 10
split_gain=0.170613 0.423633 0.344706 0.134545 0.160022
threshold=228.64923747276717 51.500000000000007 36.500000000000007 399.00000000000369 268.83333333332854
decision_type=2 2 2 2 2
left_child=1 -1 -2 4 -3
right_child=2 3 -4 -5 -6
leaf_value=0.032267446520153009 -0.034201138090488248 -0.010034745555405556 0.0076722005612620582 -0.016398681107120616 0.022034286102438502
leaf_weight=4.4463661164045361 3.688406676054 3.1883922442793828 4.209828082472086 5.0094914846122265 3.0391667559742928
leaf_count=23 20 21 27 34 21
internal_value=0 0.00613992 -0.0118823 -0.00419842 0.00561555
internal_weight=0 15.6834 7.89823 11.2371 6.22756
internal_count=146 99 47 76 42
is_linear=0
shrinkage=0.1


Tree=79
num_leaves=5
num_cat=0
split_feature=10 10 3 10
split_gain=0.146136 0.287716 0.624613 0.35564
threshold=348.33333333334127 466.00000000000006 699.33333333333223 639.66666666666799
decision_type=2 2 2 2
left_child=-1 2 -2 -3
right_child=1 3 -4 -5
leaf_value=0.014725817611716003 -0.0375755284300308 0.029628387348896942 0.010832612453179416 -0.014152997501011745
leaf_weight=5.2951374575495747 5.6408192180097121 4.3094714060425749 5.0533445999026299 3.2580939866602421
leaf_count=35 30 28 30 23
internal_value=0 -0.00414227 -0.0147011 0.010779
internal_weight=0 18.2617 10.6942 7.56757
internal_count=146 111 60 51
is_linear=0
shrinkage=0.1


Tree=80
num_leaves=6
num_cat=0
split_feature=5 3 10 10 3
split_gain=0.156092 0.58637 0.409366 0.753268 0.147219
threshold=228.64923747276717 412.50000000000119 466.00000000000006 337.83333333333809 771.16666666667118
decision_type=2 2 2 2 2
left_child=1 2 3 -1 -2
right_child=4 -3 -4 -5 -6
leaf_value=0.0070436555964632471 -0.028402847428644757 0.041250256351134218 0.021096017483724097 -0.055931176947274897 -0.00041619975745936901
leaf_weight=4.7856230139732379 3.0875592455267897 3.6061115562915793 4.0581247769296169 3.1493716351687908 4.8041620515286922
leaf_count=31 16 19 30 19 31
internal_value=0 0.00589282 -0.00473851 -0.0179508 -0.0113657
internal_weight=0 15.5992 11.9931 7.93499 7.89172
internal_count=146 99 80 50 47
is_linear=0
shrinkage=0.1


Tree=81
num_leaves=6
num_cat=0
split_feature=7 7 0 7 7
split_gain=0.155886 0.223801 0.558933 0.352681 0.0788077
threshold=30.500000000000004 72.500000000000014 1.3500000000000003 105.50000000000001 123.50000000000001
decision_type=2 2 2 2 2
left_child=-1 2 -2 -3 -5
right_child=1 3 -4 4 -6
leaf_value=0.01482556069173447 -0.043304743014191106 0.024310806649259054 0.011921790119141124 -0.02494937319244411 -0.0011396244620143854
leaf_weight=5.4939590021967915 3.9672912880778339 4.9630080461502057 3.4058118090033531 2.6229908652603626 2.9576453901827335
leaf_count=30 21 33 21 18 23
internal_value=0 -0.00442921 -0.0177943 0.00491691 -0.0123306
internal_weight=0 17.9167 7.3731 10.5436 5.58064
internal_count=146 116 42 74 41
is_linear=0
shrinkage=0.1


Tree=82
num_leaves=5
num_cat=0
split_feature=0 0 0 0
split_gain=0.107592 0.449806 0.283162 0.0133214
threshold=2.6500000000000017 1.0500000000000003 0.15000000000000005 0.45000000000000007
decision_type=2 2 2 2
left_child=1 2 -1 -4
right_child=-2 -3 3 -5
leaf_value=-0.0079013798342988228 0.015735515595314862 -0.032482712495792258 0.024507288531094143 0.015757405693661738
leaf_weight=8.2092296145856434 3.6969034522771826 4.0651505328714839 2.818186827003955 4.5478988736867905
leaf_count=52 21 23 24 26
internal_value=0 -0.00286053 0.00487085 0.019105
internal_weight=0 19.6405 15.5753 7.36609
internal_count=146 125 102 50
is_linear=0
shrinkage=0.1


Tree=83
num_leaves=5
num_cat=0
split_feature=7 5 10 7
split_gain=0.159771 0.475021 0.356981 1.05483
threshold=36.500000000000007 135.79242636746184 446.00000000000006 96.500000000000014
decision_type=2 2 2 2
left_child=-1 2 3 -2
right_child=1 -3 -4 -5
leaf_value=-0.013105836615314545 -0.062404973765903496 0.0286930260004431 0.014808606899666874 0.018126173270028342
leaf_weight=6.5896339491009739 3.2286194413900393 5.7065200693905345 4.4953819774091244 3.2777768112719059
leaf_count=36 19 37 32 22
internal_value=0 0.00528117 -0.00686235 -0.0218352
internal_weight=0 16.7083 11.0018 6.5064
internal_count=146 110 73 41
is_linear=0
shrinkage=0.1


Tree=84
num_leaves=6
num_cat=0
split_feature=12 0 12 7 7
split_gain=0.181677 0.545252 0.372543 0.375963 0.0675392
threshold=2.4000000000000008 0.55000000000000016 0.75000000000000011 105.50000000000001 123.50000000000001
decision_type=2 2 2 2 2
left_child=1 2 3 -1 -5
right_child=-2 -3 -4 4 -6
leaf_value=0.028857618011650862 -0.016534904323011145 0.031367735271401014 -0.034344648567366937 -0.024019559285821473 -0.0019788706960252879
leaf_weight=3.6681539043784195 5.1301965042948714 5.4124161079525939 3.4924950227141371 2.6276033706963062 2.9524700343608856
leaf_count=21 29 33 22 18 23
internal_value=0 0.00477738 -0.00651853 0.00398971 -0.0123576
internal_weight=0 18.1531 12.7407 9.24823 5.58007
internal_count=146 117 84 62 41
is_linear=0
shrinkage=0.1


Tree=85
num_leaves=7
num_cat=0
split_feature=5 3 12 7 7 7
split_gain=0.173853 0.481974 0.294104 0.442511 0.262 0.0543352
threshold=228.64923747276717 412.50000000000119 0.75000000000000011 105.50000000000001 36.500000000000007 123.50000000000001
decision_type=2 2 2 2 2 2
left_child=1 2 3 -1 -2 -5
right_child=4 -3 -4 5 -6 -7
leaf_value=0.035447226021719666 -0.031515311558191254 0.038594503951526492 -0.029934301947234065 -0.021528910779861524 0.0051603891715816912 -0.0017807314245449704
leaf_weight=3.2182867005467433 3.6732487902045241 3.5456550270318976 3.0935557410120955 2.637856513261795 4.1466144323348999 2.9528669118881226
leaf_count=19 20 19 20 18 27 23
internal_value=0 0.0062318 -0.00340872 0.00590655 -0.0120674 -0.0110985
internal_weight=0 15.4482 11.9026 8.80901 7.81986 5.59072
internal_count=146 99 80 60 47 41
is_linear=0
shrinkage=0.1


Tree=86
num_leaves=6
num_cat=0
split_feature=10 7 7 7 7
split_gain=0.162437 0.744113 0.394293 0.181648 0.630991
threshold=399.00000000000369 45.500000000000007 96.500000000000014 84.500000000000014 48.500000000000007
decision_type=2 2 2 2 2
left_child=3 -2 -3 4 -1
right_child=1 2 -4 -5 -6
leaf_value=-0.0068504993804438617 0.028093047334457045 -0.052290025264415757 -0.0036637576173293553 -0.0092760208314823841 0.047752151252720906
leaf_weight=5.1069553345441836 3.4806355908513051 3.4712929427623749 3.2091612927615643 4.3311545811593524 3.6141391694545746
leaf_count=26 21 17 27 29 26
internal_value=0 -0.00939761 -0.0289309 0.00746399 0.0157776
internal_weight=0 10.1611 6.68045 13.0522 8.72109
internal_count=146 65 44 81 52
is_linear=0
shrinkage=0.1


Tree=87
num_leaves=5
num_cat=0
split_feature=12 3 3 10
split_gain=0.18881 0.502078 0.489592 0.103346
threshold=2.7499999999999996 771.16666666667118 196.00000000000003 466.00000000000006
decision_type=2 2 2 2
left_child=1 2 3 -1
right_child=-2 -3 -4 -5
leaf_value=-0.0006870993383294101 -0.017996621967054319 0.034783580586572951 -0.033168895342697041 0.019961213995963609
leaf_weight=6.103052303195005 4.6227622665464869 4.2468842789530745 4.1792321801185599 4.0209733918309212
leaf_count=38 27 28 23 30
internal_value=0 0.00459142 -0.00437316 0.00751382
internal_weight=0 18.5501 14.3033 10.124
internal_count=146 119 91 68
is_linear=0
shrinkage=0.1


Tree=88
num_leaves=6
num_cat=0
split_feature=10 10 10 3 10
split_gain=0.180751 0.402607 1.20175 0.193632 0.250039
threshold=399.00000000000369 519.00000000000011 659.66666666667163 699.33333333333223 348.33333333334127
decision_type=2 2 2 2 2
left_child=3 -2 -3 4 -1
right_child=1 2 -4 -5 -6
leaf_value=0.014658757896176964 -0.033904582960244796 0.04805239946094246 -0.041949490998102149 0.027322265206980324 -0.018295703678415015
leaf_weight=5.258345130831005 4.1419831626117212 3.2263956442475319 2.7464772313833237 3.6741334311664096 4.0957139134407043
leaf_count=35 23 22 20 23 23
internal_value=0 -0.0099467 0.00666727 0.00787005 0.000229509
internal_weight=0 10.1149 5.97287 13.0282 9.35406
internal_count=146 65 42 81 58
is_linear=0
shrinkage=0.1


Tree=89
num_leaves=5
num_cat=0
split_feature=5 10 12 10
split_gain=0.172219 0.204846 0.605421 0.0986026
threshold=228.64923747276717 466.00000000000006 1.0000000180025095e-35 399.00000000000369
decision_type=2 2 2 2
left_child=1 2 -1 -2
right_child=3 -3 -4 -5
leaf_value=-0.026408131539199877 -0.00042282604754501128 0.024912442162496603 0.020545020774891502 -0.022971025644487941
leaf_weight=5.0602464862167853 3.7624224275350562 4.2450988776981822 6.0051401481032372 4.0025573819875717
leaf_count=29 23 32 38 24
internal_value=0 0.00623755 -0.000926847 -0.0120456
internal_weight=0 15.3105 11.0654 7.76498
internal_count=146 99 67 47
is_linear=0
shrinkage=0.1


Tree=90
num_leaves=6
num_cat=0
split_feature=12 3 3 7 7
split_gain=0.169362 0.454054 0.405315 0.369897 0.0282945
threshold=2.7499999999999996 771.16666666667118 196.00000000000003 105.50000000000001 126.50000000000001
decision_type=2 2 2 2 2
left_child=1 2 3 -1 -5
right_child=-2 -3 -4 4 -6
leaf_value=0.02811262089132939 -0.017025652283237682 0.033261444634129521 -0.030257602011890927 -0.017370087343658681 -0.0030965593145617139
leaf_weight=4.4866366460919433 4.6263399161398402 4.2014337889850131 4.1946968995034686 2.877609483897686 2.6843101195991039
leaf_count=27 27 28 23 21 20
internal_value=0 0.00437302 -0.00414841 0.00675069 -0.0104814
internal_weight=0 18.4447 14.2433 10.0486 5.56192
internal_count=146 119 91 68 41
is_linear=0
shrinkage=0.1


Tree=91
num_leaves=6
num_cat=0
split_feature=10 10 10 12 0
split_gain=0.183167 0.314828 0.975513 0.216479 0.571563
threshold=399.00000000000369 519.00000000000011 659.66666666667163 0.55000000000000004 1.6500000000000006
decision_type=2 2 2 2 2
left_child=3 -2 -3 -1 -5
right_child=1 2 -4 4 -6
leaf_value=-0.0086391886026021183 -0.031164458058223182 0.042867668986700525 -0.038578240092762332 0.047560058684567086 -0.0059804545266831386
leaf_weight=4.8993757367134121 4.1475341692566854 3.1447328329086304 2.7624088972806931 3.6130396164953691 4.4491937234997749
leaf_count=29 23 22 20 26 26
internal_value=0 -0.0100468 0.0047804 0.00793895 0.0180134
internal_weight=0 10.0547 5.90714 12.9616 8.06223
internal_count=146 65 42 81 52
is_linear=0
shrinkage=0.1


Tree=92
num_leaves=6
num_cat=0
split_feature=7 14 7 7 12
split_gain=0.164702 0.366354 0.741677 1.30213 0.167073
threshold=30.500000000000004 1.0000000180025095e-35 117.50000000000001 63.500000000000007 0.40000000000000013
decision_type=2 2 2 2 2
left_child=-1 -2 3 -3 -5
right_child=1 2 -4 4 -6
leaf_value=0.015288435024875334 0.020523545010284978 -0.045434660455313212 -0.058263306340574333 0.042901539021617731 0.010463916145302173
leaf_weight=5.4381362944841412 4.3519788980484053 3.974478796124453 2.8340420052409181 3.3465562760829926 3.0214187018573284
leaf_count=30 30 23 21 21 21
internal_value=0 -0.00463209 -0.0129406 -0.000521231 0.0275108
internal_weight=0 17.5285 13.1765 10.3425 6.36797
internal_count=146 116 86 65 42
is_linear=0
shrinkage=0.1


Tree=93
num_leaves=6
num_cat=0
split_feature=7 7 10 10 7
split_gain=0.138656 0.200588 0.454776 0.322324 0.266343
threshold=36.500000000000007 60.500000000000007 600.83333333333951 382.66666666665884 99.500000000000014
decision_type=2 2 2 2 2
left_child=-1 -2 3 4 -3
right_child=1 2 -4 -5 -6
leaf_value=-0.012237461303509996 0.02439738002014516 -0.027865524704489792 -0.03535802455880218 0.033218346667887332 0.015186010101420254
leaf_weight=6.5245605446398285 4.0216023735702064 2.7129358462989313 2.9768948256969443 3.5554319582879543 3.0555115379393101
leaf_count=36 24 20 23 22 21
internal_value=0 0.00500961 -0.00132901 0.00953565 -0.00506139
internal_weight=0 16.3224 12.3008 9.32388 5.76845
internal_count=146 110 86 63 41
is_linear=0
shrinkage=0.1


Tree=94
num_leaves=5
num_cat=0
split_feature=7 7 0 12
split_gain=0.158614 0.293603 0.540175 0.485694
threshold=30.500000000000004 90.500000000000014 0.65000000000000002 0.55000000000000004
decision_type=2 2 2 2
left_child=-1 2 -2 -3
right_child=1 3 -4 -5
leaf_value=0.014998341408859632 -0.041063719288881195 -0.012474051746716695 0.0056850470912223824 0.038885904266183775
leaf_weight=5.4327515251934555 4.5763974450528639 4.1279156543314448 5.374361090362072 3.3238602466881275
leaf_count=30 27 28 33 28
internal_value=0 -0.00457467 -0.0158149 0.010435
internal_weight=0 17.4025 9.95076 7.45178
internal_count=146 116 60 56
is_linear=0
shrinkage=0.1


Tree=95
num_leaves=6
num_cat=0
split_feature=10 10 10 7 7
split_gain=0.140871 0.698955 0.694829 0.172978 0.56442
threshold=399.00000000000369 466.00000000000006 659.66666666667163 84.500000000000014 48.500000000000007
decision_type=2 2 2 2 2
left_child=3 -2 -3 4 -1
right_child=1 2 -4 -5 -6
leaf_value=-0.0062647972235340722 -0.052436705520993471 0.031370048319012751 -0.032356210164349246 -0.0095117367989869545 0.045737810831805663
leaf_weight=5.0716221407055873 2.6863616406917554 4.5209140926599503 2.7527619674801826 4.2521349452435961 3.546750470995903
leaf_count=26 14 31 20 29 26
internal_value=0 -0.00884651 0.0072525 0.00699294 0.015136
internal_weight=0 9.96004 7.27368 12.8705 8.61837
internal_count=146 65 51 81 52
is_linear=0
shrinkage=0.1


Tree=96
num_leaves=6
num_cat=0
split_feature=5 3 7 10 7
split_gain=0.14533 0.350523 0.259194 0.239922 0.712783
threshold=228.64923747276717 412.50000000000119 36.500000000000007 446.00000000000006 93.500000000000014
decision_type=2 2 2 2 2
left_child=1 3 -2 4 -1
right_child=2 -3 -4 -5 -6
leaf_value=-0.044241088085581227 -0.030607551412288561 0.033781923848037916 0.006153558712251303 0.015959484539703125 0.018599422572931679
leaf_weight=3.7154056988656539 3.6122831255197516 3.4506517499685279 4.0892508588731289 4.3751563094556332 3.5104253925383091
leaf_count=23 20 19 27 33 24
internal_value=0 0.00580091 -0.0110887 -0.00252189 -0.0137122
internal_weight=0 15.0516 7.70153 11.601 7.22583
internal_count=146 99 47 80 47
is_linear=0
shrinkage=0.1


Tree=97
num_leaves=6
num_cat=0
split_feature=12 7 10 10 7
split_gain=0.187714 0.39303 0.381062 0.315884 0.104581
threshold=2.7499999999999996 51.500000000000007 399.00000000000369 268.83333333332854 102.50000000000001
decision_type=2 2 2 2 2
left_child=1 -1 3 -3 -4
right_child=-2 2 4 -5 -6
leaf_value=0.027097810409950192 -0.017921637473690626 -0.010947526744472283 -0.035371305547800359 0.033186002165614382 -0.0092901243846372251
leaf_weight=5.4591080173850122 4.6145365200936785 3.133590914309023 3.1962164044380188 3.3615120127797127 2.9624130353331566
leaf_count=31 27 21 16 25 26
internal_value=0 0.00467096 -0.00500449 0.0118936 -0.0228258
internal_weight=0 18.1128 12.6537 6.4951 6.15863
internal_count=146 119 88 46 42
is_linear=0
shrinkage=0.1


Tree=98
num_leaves=5
num_cat=0
split_feature=7 7 12 5
split_gain=0.158291 0.255144 0.387983 0.329448
threshold=30.500000000000004 90.500000000000014 0.55000000000000004 135.79242636746184
decision_type=2 2 2 2
left_child=-1 3 -3 -2
right_child=1 2 -4 -5
leaf_value=0.014983746699235826 -0.038102003194574526 -0.010903714004578133 0.035250926125296574 -0.000644942482251063
leaf_weight=5.4258113875985172 3.8193753808736819 4.1244262978434554 3.2615793570876122 6.0956787467002869
leaf_count=30 22 28 28 38
internal_value=0 -0.0045925 0.00947767 -0.0150738
internal_weight=0 17.3011 7.38601 9.91505
internal_count=146 116 56 60
is_linear=0
shrinkage=0.1


Tree=99
num_leaves=5
num_cat=0
split_feature=5 3 0 0
split_gain=0.158592 0.295204 0.22049 0.0530334
threshold=228.64923747276717 412.50000000000119 0.84999999999999998 0.15000000000000005
decision_type=2 2 2 2
left_child=1 3 -2 -1
right_child=2 -3 -4 -5
leaf_value=-0.0060412597640543434 0.0031906828848496586 0.031939532363413695 -0.031025840563939668 0.0085839852933494061
leaf_weight=8.0459646545350569 4.3506768234074107 3.4061832353472701 3.320757694542408 3.5837095417082301
leaf_count=52 27 19 20 28
internal_value=0 0.00604865 -0.0116207 -0.00153446
internal_weight=0 15.0359 7.67143 11.6297
internal_count=146 99 47 80
is_linear=0
shrinkage=0.1


end of trees

feature_importances:
taskNum=139
s_view_position=100
scroll_time=69
response_time=65
scroll_length=32
s_scroll_speed=23
predicted_isAnswerCorrect=13
event_scroll=6
s_choice_left=5

parameters:
[boosting: gbdt]
[objective: binary]
[metric: binary_error]
[tree_learner: serial]
[device_type: cpu]
[data_sample_strategy: bagging]
[data: ]
[valid: ]
[num_iterations: 100]
[learning_rate: 0.1]
[num_leaves: 31]
[num_threads: 0]
[seed: 0]
[deterministic: 0]
[force_col_wise: 0]
[force_row_wise: 0]
[histogram_pool_size: -1]
[max_depth: -1]
[min_data_in_leaf: 20]
[min_sum_hessian_in_leaf: 0.001]
[bagging_fraction: 1]
[pos_bagging_fraction: 1]
[neg_bagging_fraction: 1]
[bagging_freq: 0]
[bagging_seed: 3]
[feature_fraction: 0.6]
[feature_fraction_bynode: 1]
[feature_fraction_seed: 2]
[extra_trees: 0]
[extra_seed: 6]
[early_stopping_round: 0]
[first_metric_only: 0]
[max_delta_step: 0]
[lambda_l1: 0]
[lambda_l2: 0]
[linear_lambda: 0]
[min_gain_to_split: 0]
[drop_rate: 0.1]
[max_drop: 50]
[skip_drop: 0.5]
[xgboost_dart_mode: 0]
[uniform_drop: 0]
[drop_seed: 4]
[top_rate: 0.2]
[other_rate: 0.1]
[min_data_per_group: 100]
[max_cat_threshold: 32]
[cat_l2: 10]
[cat_smooth: 10]
[max_cat_to_onehot: 4]
[top_k: 20]
[monotone_constraints: ]
[monotone_constraints_method: basic]
[monotone_penalty: 0]
[feature_contri: ]
[forcedsplits_filename: ]
[refit_decay_rate: 0.9]
[cegb_tradeoff: 1]
[cegb_penalty_split: 0]
[cegb_penalty_feature_lazy: ]
[cegb_penalty_feature_coupled: ]
[path_smooth: 0]
[interaction_constraints: ]
[verbosity: -1]
[saved_feature_importance_type: 0]
[use_quantized_grad: 0]
[num_grad_quant_bins: 4]
[quant_train_renew_leaf: 0]
[stochastic_rounding: 1]
[linear_tree: 0]
[max_bin: 255]
[max_bin_by_feature: ]
[min_data_in_bin: 3]
[bin_construct_sample_cnt: 200000]
[data_random_seed: 1]
[is_enable_sparse: 1]
[enable_bundle: 1]
[use_missing: 1]
[zero_as_missing: 0]
[feature_pre_filter: 0]
[pre_partition: 0]
[two_round: 0]
[header: 0]
[label_column: ]
[weight_column: ]
[group_column: ]
[ignore_column: ]
[categorical_feature: ]
[forcedbins_filename: ]
[precise_float_parser: 0]
[parser_config_file: ]
[objective_seed: 5]
[num_class: 1]
[is_unbalance: 0]
[scale_pos_weight: 1]
[sigmoid: 1]
[boost_from_average: 1]
[reg_sqrt: 0]
[alpha: 0.9]
[fair_c: 1]
[poisson_max_delta_step: 0.7]
[tweedie_variance_power: 1.5]
[lambdarank_truncation_level: 30]
[lambdarank_norm: 1]
[label_gain: ]
[lambdarank_position_bias_regularization: 0]
[eval_at: ]
[multi_error_top_k: 1]
[auc_mu_weights: ]
[num_machines: 1]
[local_listen_port: 12400]
[time_out: 120]
[machine_list_filename: ]
[machines: ]
[gpu_platform_id: -1]
[gpu_device_id: -1]
[gpu_use_dp: 0]
[num_gpu: 1]

end of parameters

pandas_categorical:[]
