tree
version=v4
num_class=1
num_tree_per_iteration=1
label_index=0
max_feature_idx=15
objective=binary sigmoid:1
feature_names=response_time s_tap_count ratio_tap_position_y scroll_length event_scroll s_scroll_speed tap_position_x taskNum tap_position_y screen_width s_view_position predicted_isAnswerCorrect scroll_time ratio_tap_position_x s_choice_left screen_height
feature_infos=[0:10.399999999999981] [1:1] none [0:14300.666666666672] [0:6] [-3503.3333333333576:6900.0000000000018] none [1:144] none [390:390] [-343.99999999999989:1145.6666666666642] [0:1] [-0.5:18.799999999999962] none [0:1] [844:844]
tree_sizes=727 747 737 737 652 647 748 758 750 656 751 654 754 638 654 753 753 756 754 757 738 657 756 651 652 763 655 657 762 758 659 655 642 647 754 653 759 758 650 753 657 760 757 651 653 653 656 759 650 656 761 654 654 649 655 754 754 655 655 655 755 754 755 655 755 653 858 756 652 757 755 751 756 757 653 655 753 651 861 656 652 755 759 756 755 653 650 652 758 655 653 657 755 753 652 758 653 659 655 657

Tree=0
num_leaves=6
num_cat=0
split_feature=11 7 12 12 7
split_gain=51.343 2.23214 0.939077 1.61378 1.38376
threshold=1.0000000180025095e-35 93.500000000000014 1.25 2.7499999999999996 69.500000000000014
decision_type=2 2 2 2 2
left_child=-1 2 4 -4 -2
right_child=1 -3 3 -5 -6
leaf_value=0.21948498982720777 0.46155124690887461 0.58258437544970798 0.58258437544970809 0.50189562308915237 0.53719695224689545
leaf_weight=6.1376349925994864 4.9573205709457451 8.2622009515762311 4.957320570945738 4.9573205709457397 4.7212576866149902
leaf_count=26 21 35 21 21 20
internal_value=0.481303 0.538992 0.52061 0.54224 0.498452
internal_weight=0 27.8554 19.5932 9.91464 9.67858
internal_count=144 118 83 42 41
is_linear=0
shrinkage=1


Tree=1
num_leaves=6
num_cat=0
split_feature=3 10 7 12 7
split_gain=3.85908 4.71599 2.58115 3.38381 1.04379
threshold=832.3333333333386 348.50000000000489 111.50000000000001 2.0500000000000003 66.500000000000014
decision_type=2 2 2 2 2
left_child=1 -1 3 4 -3
right_child=-2 2 -4 -5 -6
leaf_value=0.050208564587231379 0.080204339805448277 -0.018231584385388282 -0.10406101781590554 -0.081908614945264163 0.04598299592686772
leaf_weight=8.1723705381155032 5.1157979667186728 4.9637089073658007 4.7694507241249076 5.6804037094116202 5.1655559241771698
leaf_count=35 22 21 20 24 22
internal_value=0 -0.0140596 -0.0395817 -0.0201296 0.0145155
internal_weight=0 28.7515 20.5791 15.8097 10.1293
internal_count=144 122 87 67 43
is_linear=0
shrinkage=0.1


Tree=2
num_leaves=6
num_cat=0
split_feature=11 7 12 12 7
split_gain=38.3402 1.94226 0.927799 1.29085 1.01537
threshold=1.0000000180025095e-35 93.500000000000014 1.25 2.7499999999999996 69.500000000000014
decision_type=2 2 2 2 2
left_child=-1 2 4 -4 -2
right_child=1 -3 3 -5 -6
leaf_value=-0.21921324266542977 -0.018729302062281954 0.093292791292563348 0.093305798054198072 0.020581134856811255 0.046514406522452062
leaf_weight=6.4442085027694693 4.9667927026748711 8.0214149355888349 4.8139110803604108 4.9507385939359665 4.5893601775169373
leaf_count=26 21 35 21 21 20
internal_value=0 0.0519287 0.0347555 0.0564339 0.0126041
internal_weight=0 27.3422 19.3208 9.76465 9.55615
internal_count=144 118 83 42 41
is_linear=0
shrinkage=0.1


Tree=3
num_leaves=6
num_cat=0
split_feature=11 7 12 12 0
split_gain=30.9623 1.66796 0.776061 1.10719 0.936015
threshold=1.0000000180025095e-35 93.500000000000014 1.25 2.7499999999999996 0.45000000000000007
decision_type=2 2 2 2 2
left_child=-1 2 4 -4 -2
right_child=1 -3 3 -5 -6
leaf_value=-0.19579272973118267 0.044175392584204699 0.08653750239578327 0.086549102069642586 0.018620021204677092 -0.018615413943124284
leaf_weight=6.4895711541175833 4.5497085303068214 7.7948177903890601 4.6779468059539777 4.9262913912534714 4.9645964503288269
leaf_count=26 20 35 21 21 21
internal_value=0 0.0475493 0.0316534 0.0517063 0.0114109
internal_weight=0 26.9134 19.1185 9.60424 9.5143
internal_count=144 118 83 42 41
is_linear=0
shrinkage=0.1


Tree=4
num_leaves=5
num_cat=0
split_feature=11 7 10 10
split_gain=25.4824 1.43628 0.675733 1.26823
threshold=1.0000000180025095e-35 93.500000000000014 350.33333333333945 510.50000000000006
decision_type=2 2 2 2
left_child=-1 2 -2 -4
right_child=1 -3 3 -5
leaf_value=-0.17879338014980495 0.059412035555626609 0.080389246275675091 -0.0065600446976051153 0.056227543612237113
leaf_weight=6.3997406661510459 5.2288822531700196 7.5641291886568061 8.5186668634414655 5.1690206080675116
leaf_count=26 23 35 37 23
internal_value=0 0.0435597 0.0288328 0.0171511
internal_weight=0 26.4807 18.9166 13.6877
internal_count=144 118 83 60
is_linear=0
shrinkage=0.1


Tree=5
num_leaves=5
num_cat=0
split_feature=11 7 7 10
split_gain=21.2554 1.24117 0.640244 1.42943
threshold=1.0000000180025095e-35 93.500000000000014 30.500000000000004 399.00000000000369
decision_type=2 2 2 2
left_child=-1 2 -2 -4
right_child=1 -3 3 -5
leaf_value=-0.16591896329656033 0.05117317813147311 0.074738240168530951 0.044524578774190561 -0.024376089694256975
leaf_weight=6.2157750427722922 6.638805076479918 7.3346723765134803 6.4843460321426374 5.621322438120842
leaf_count=26 29 35 29 25
internal_value=0 0.0398631 0.0262166 0.0125302
internal_weight=0 26.0791 18.7445 12.1057
internal_count=144 118 83 54
is_linear=0
shrinkage=0.1


Tree=6
num_leaves=6
num_cat=0
split_feature=11 10 7 0 7
split_gain=17.9126 1.27334 2.41084 1.61092 0.32623
threshold=1.0000000180025095e-35 616.50000000000011 57.500000000000007 0.15000000000000005 27.500000000000004
decision_type=2 2 2 2 2
left_child=-1 2 4 -4 -2
right_child=1 -3 3 -5 -6
leaf_value=-0.15586055155234055 0.0074519358697472853 0.083379074789192584 0.026462007197779316 0.1032666399559149 -0.029462329994502157
leaf_weight=5.9678082764148739 4.763945430517202 4.7203154414892188 6.8793139755725843 4.5285386890172958 4.8125567585229874
leaf_count=26 21 22 33 21 21
internal_value=0 0.0364515 0.0258954 0.0569509 -0.0110989
internal_weight=0 25.7047 20.9844 11.4079 9.5765
internal_count=144 118 96 54 42
is_linear=0
shrinkage=0.1


Tree=7
num_leaves=6
num_cat=0
split_feature=11 10 7 12 10
split_gain=15.2242 1.09273 2.01256 1.40669 0.310351
threshold=1.0000000180025095e-35 616.50000000000011 57.500000000000007 1.0000000180025095e-35 382.66666666665884
decision_type=2 2 2 2 2
left_child=-1 2 4 -4 -2
right_child=1 -3 3 -5 -6
leaf_value=-0.14781380432155952 0.0081425199596027991 0.077608304729376063 0.0096212476090256592 0.081895931970393201 -0.027811045017645166
leaf_weight=5.678253352642062 4.769927874207502 4.5720613598823538 4.5402754843234998 6.6184791326522827 4.8339972347021103
leaf_count=26 21 22 22 32 21
internal_value=0 0.0333511 0.0236054 0.0524888 -0.00995419
internal_weight=0 25.3347 20.7627 11.1588 9.60393
internal_count=144 118 96 54 42
is_linear=0
shrinkage=0.1


Tree=8
num_leaves=6
num_cat=0
split_feature=3 7 14 7 7
split_gain=1.42401 0.710224 1.43976 1.79218 2.54204
threshold=832.3333333333386 30.500000000000004 1.0000000180025095e-35 66.500000000000014 105.50000000000001
decision_type=2 2 2 2 2
left_child=1 -1 -3 -4 -5
right_child=-2 2 3 4 -6
leaf_value=0.02489876679605537 0.052224959815197272 0.028521031080152387 -0.086241396959583813 0.034969047837171377 -0.0602673872408847
leaf_weight=5.0188961029052797 4.4751074761152259 5.2099046409130176 4.404220327734941 5.8103679716587049 5.4144063591957092
leaf_count=22 22 25 20 28 27
internal_value=0 -0.00887156 -0.0170049 -0.0321809 -0.0109694
internal_weight=0 25.8578 20.8389 15.629 11.2248
internal_count=144 122 100 75 55
is_linear=0
shrinkage=0.1


Tree=9
num_leaves=5
num_cat=0
split_feature=11 7 12 4
split_gain=12.6189 1.04257 0.74137 0.905375
threshold=1.0000000180025095e-35 93.500000000000014 1.5000000000000002 1.0000000180025095e-35
decision_type=2 2 2 2
left_child=-1 2 3 -2
right_child=1 -3 -4 -5
leaf_value=-0.14010407051936122 0.032344217953617464 0.063295067298959798 0.039571556404335621 -0.028591045297581854
leaf_weight=5.2900733947753933 4.4414707869291359 6.8162607103586188 8.2187241464853269 5.4063542187213898
leaf_count=26 21 35 38 24
internal_value=0 0.0299703 0.0173974 -0.00110861
internal_weight=0 24.8828 18.0665 9.84783
internal_count=144 118 83 45
is_linear=0
shrinkage=0.1


Tree=10
num_leaves=6
num_cat=0
split_feature=11 10 10 12 10
split_gain=10.8678 0.90358 1.78277 1.28917 0.53074
threshold=1.0000000180025095e-35 616.50000000000011 366.50000000000733 0.75000000000000011 268.83333333332854
decision_type=2 2 2 2 2
left_child=-1 2 4 -4 -2
right_child=1 -3 3 -5 -6
leaf_value=-0.134877307927525 0.027944477618027125 0.068922430606456087 -0.049231901202114237 0.019676742956566198 0.07674574824618649
leaf_weight=4.9624224752187756 4.5278606712818199 4.315062701702117 4.5176895558834058 6.803765743970871 4.3884550631046295
leaf_count=26 23 22 21 31 21
internal_value=0 0.0273773 0.0185191 -0.00782042 0.0519636
internal_weight=0 24.5528 20.2378 11.3215 8.91632
internal_count=144 118 96 52 44
is_linear=0
shrinkage=0.1


Tree=11
num_leaves=5
num_cat=0
split_feature=11 7 7 10
split_gain=9.40442 0.958253 0.614084 1.12275
threshold=1.0000000180025095e-35 93.500000000000014 30.500000000000004 399.00000000000369
decision_type=2 2 2 2
left_child=-1 2 -2 -4
right_child=1 -3 3 -5
leaf_value=-0.1304893375254898 0.038026868075772366 0.057688803233896906 0.028737641677531286 -0.034039643782731631
leaf_weight=4.6332918405532864 6.2820928841829362 6.5448170751333228 6.0359839051961881 5.3954865485429764
leaf_count=26 29 35 29 25
internal_value=0 0.0249914 0.0129103 -0.000892317
internal_weight=0 24.2584 17.7136 11.4315
internal_count=144 118 83 54
is_linear=0
shrinkage=0.1


Tree=12
num_leaves=6
num_cat=0
split_feature=11 10 7 0 10
split_gain=8.17039 0.854622 1.58868 1.43859 0.143454
threshold=1.0000000180025095e-35 616.50000000000011 57.500000000000007 0.15000000000000005 382.66666666665884
decision_type=2 2 2 2 2
left_child=-1 2 4 -4 -2
right_child=1 -3 3 -5 -6
leaf_value=-0.12676956894719399 -0.0030492691107233245 0.063991261744305042 0.011419589771845214 0.087620949247452493 -0.027781622966960708
leaf_weight=4.3089891821146038 4.5820784717798286 4.1611528396606436 6.3827776312828046 4.0492047667503357 4.8040263205766678
leaf_count=26 21 22 33 21 21
internal_value=0 0.0227916 0.014141 0.0409974 -0.0157079
internal_weight=0 23.9792 19.8181 10.432 9.3861
internal_count=144 118 96 54 42
is_linear=0
shrinkage=0.1


Tree=13
num_leaves=5
num_cat=0
split_feature=11 7 7 12
split_gain=7.12699 0.78584 0.606101 0.905749
threshold=1.0000000180025095e-35 93.500000000000014 30.500000000000004 1.25
decision_type=2 2 2 2
left_child=-1 2 -2 -4
right_child=1 -3 3 -5
leaf_value=-0.12359035117898698 0.035040359875116958 0.051250723570718082 -0.026868988756206375 0.031156931464045381
leaf_weight=3.994025111198428 6.1926866322755876 6.246163234114646 6.8000399172306043 4.4507862478494644
leaf_count=26 29 35 32 22
internal_value=0 0.020814 0.00991524 -0.00391414
internal_weight=0 23.6897 17.4435 11.2508
internal_count=144 118 83 54
is_linear=0
shrinkage=0.1


Tree=14
num_leaves=5
num_cat=0
split_feature=11 10 10 10
split_gain=6.23438 0.789447 2.10853 0.471401
threshold=1.0000000180025095e-35 466.00000000000006 366.50000000000733 268.83333333332854
decision_type=2 2 2 2
left_child=-1 2 3 -2
right_child=1 -3 -4 -5
leaf_value=-0.12085422180111483 0.017790389790831095 0.045689056549972795 -0.031838733224484293 0.065292646877056493
leaf_weight=3.6915269941091564 4.2775378078222293 7.5093134939670554 7.5787274390459052 4.0834207683801651
leaf_count=26 23 39 35 21
internal_value=0 0.0189566 0.00636269 0.0409901
internal_weight=0 23.449 15.9397 8.36096
internal_count=144 118 79 44
is_linear=0
shrinkage=0.1


Tree=15
num_leaves=6
num_cat=0
split_feature=3 10 12 0 5
split_gain=0.880518 1.24219 1.96236 1.95599 2.38097
threshold=934.33333333333405 348.50000000000489 2.4000000000000008 0.15000000000000005 346.36363636363666
decision_type=2 2 2 2 2
left_child=1 -1 3 -3 -5
right_child=-2 2 -4 4 -6
leaf_value=0.031054042094520892 0.047144431759106827 -0.057654256269786909 -0.085688044782168973 0.076638002124755356 -0.027113394977999652
leaf_weight=6.2390525043010774 3.4373629093170157 4.403564557433131 3.6853185743093482 4.3519346565008146 4.4981018304824829
leaf_count=35 19 26 19 23 22
internal_value=0 -0.00709119 -0.0211411 -0.00319305 0.0239055
internal_weight=0 23.178 16.9389 13.2536 8.85004
internal_count=144 125 90 71 45
is_linear=0
shrinkage=0.1


Tree=16
num_leaves=6
num_cat=0
split_feature=0 0 0 7 10
split_gain=0.778563 1.47703 1.28104 1.88479 0.911765
threshold=2.6500000000000017 1.0500000000000003 0.15000000000000005 36.500000000000007 357.33333333333218
decision_type=2 2 2 2 2
left_child=1 2 4 -4 -1
right_child=-2 -3 3 -5 -6
leaf_value=0.0086594829498057874 0.039026034993324216 -0.05981555736996727 -0.026905231985886235 0.066141627037303349 -0.056639226634631237
leaf_weight=4.4533880949020475 4.2765301913022986 4.3504145443439475 3.5004892945289594 5.7580050975084305 4.113407164812088
leaf_count=26 21 23 17 33 24
internal_value=0 -0.00757479 0.00517502 0.0309621 -0.0226942
internal_weight=0 22.1757 17.8253 9.25849 8.5668
internal_count=144 123 100 50 50
is_linear=0
shrinkage=0.1


Tree=17
num_leaves=6
num_cat=0
split_feature=7 7 0 12 12
split_gain=0.699534 0.732336 2.70322 1.26083 0.949976
threshold=30.500000000000004 72.500000000000014 0.15000000000000005 1.5000000000000002 0.55000000000000004
decision_type=2 2 2 2 2
left_child=-1 3 4 -2 -3
right_child=1 2 -4 -5 -6
leaf_value=0.02929514743077587 -0.072877428156279275 -0.056288883762711808 0.079092671131177253 0.0058835728429549447 0.011261797853526247
leaf_weight=6.2220434844493893 3.9369327276945132 4.4294653609395009 3.6017902046442023 4.2017616331577301 3.9280836805701256
leaf_count=30 19 26 23 23 23
internal_value=0 -0.00907598 0.00667117 -0.0322155 -0.0245398
internal_weight=0 20.098 11.9593 8.13869 8.35755
internal_count=144 114 72 42 49
is_linear=0
shrinkage=0.1


Tree=18
num_leaves=6
num_cat=0
split_feature=10 12 7 10 7
split_gain=0.660888 1.61222 1.54611 0.906691 0.221328
threshold=348.50000000000489 2.4000000000000008 51.500000000000007 399.00000000000369 105.50000000000001
decision_type=2 2 2 2 2
left_child=-1 2 -2 -4 -5
right_child=1 -3 3 4 -6
leaf_value=0.028818211738321359 0.049793153929863596 -0.061052609121507707 0.028398771622388713 -0.053365251677854247 -0.01777467043391652
leaf_weight=6.1144188493490246 5.4055826663970974 4.5539039000868788 3.11968846619129 3.6686239838600159 3.3363334313035011
leaf_count=35 26 24 18 19 22
internal_value=0 -0.00873081 0.00661143 -0.0164434 -0.0364141
internal_weight=0 20.0841 15.5302 10.1246 7.00496
internal_count=144 109 85 59 41
is_linear=0
shrinkage=0.1


Tree=19
num_leaves=6
num_cat=0
split_feature=0 0 0 3 7
split_gain=0.641599 1.07623 1.17012 0.263272 0.615469
threshold=2.6500000000000017 1.0500000000000003 0.55000000000000016 196.00000000000003 105.50000000000001
decision_type=2 2 2 2 2
left_child=1 2 3 4 -1
right_child=-2 -3 -4 -5 -6
leaf_value=0.028639661758221115 0.035762229836060998 -0.051096582057617468 0.055748522574693093 -0.031762638884003318 -0.02088800676357494
leaf_weight=4.2572196274995893 4.2204671949148169 4.3899456262588492 3.5272516533732405 3.6551701053977004 6.110177293419838
leaf_count=23 21 23 18 20 39
internal_value=0 -0.00681293 0.00426427 -0.00868614 -0.000550195
internal_weight=0 21.9398 17.5498 14.0226 10.3674
internal_count=144 123 100 82 62
is_linear=0
shrinkage=0.1


Tree=20
num_leaves=6
num_cat=0
split_feature=10 12 12 5 7
split_gain=0.540605 1.3166 1.42624 0.896631 1.20699
threshold=348.50000000000489 2.4000000000000008 1.25 781.33333333333405 105.50000000000001
decision_type=2 2 2 2 2
left_child=-1 2 3 4 -2
right_child=1 -3 -4 -5 -6
leaf_value=0.026343296129418978 0.043279191108909071 -0.054890373644379743 0.060402441431918419 -0.051319960303201899 -0.034385435921471565
leaf_weight=6.0243034660816219 4.395101413130762 4.5842170789837828 3.6877517551183692 3.7390141636133185 3.673598125576973
leaf_count=35 22 24 21 18 24
internal_value=0 -0.00781228 0.00611542 -0.0108393 0.00791926
internal_weight=0 20.0797 15.4955 11.8077 8.0687
internal_count=144 109 85 64 46
is_linear=0
shrinkage=0.1


Tree=21
num_leaves=5
num_cat=0
split_feature=7 7 12 12
split_gain=0.572968 0.603979 1.06764 0.792979
threshold=30.500000000000004 72.500000000000014 1.5000000000000002 1.0000000180025095e-35
decision_type=2 2 2 2
left_child=-1 2 -2 -3
right_child=1 3 -4 -5
leaf_value=0.026757594875656279 -0.06628241804399225 -0.020911386208400422 0.0065085074314763557 0.031030729439500051
leaf_weight=6.1513613611459759 3.9620671793818492 5.6189793795347196 4.1002199873328209 6.1627286151051521
leaf_count=30 19 34 23 38
internal_value=0 -0.00817354 -0.0292633 0.00625829
internal_weight=0 19.844 8.06229 11.7817
internal_count=144 114 42 72
is_linear=0
shrinkage=0.1


Tree=22
num_leaves=6
num_cat=0
split_feature=0 0 12 7 10
split_gain=0.533338 0.833657 1.00701 1.46777 0.816196
threshold=2.6500000000000017 1.0500000000000003 0.55000000000000004 102.50000000000001 510.50000000000006
decision_type=2 2 2 2 2
left_child=1 2 3 -1 -4
right_child=-2 -3 4 -5 -6
leaf_value=0.013531676641509211 0.032850269060059105 -0.045027524311140675 0.049227344403964327 -0.074627232445777722 -0.010370434711358336
leaf_weight=4.5519495904445746 4.1717468574643126 4.4061075374484053 5.7458101734518987 3.2276523858308792 3.8294087275862694
leaf_count=23 21 23 33 21 23
internal_value=0 -0.00618232 0.00367985 -0.0230443 0.0253925
internal_weight=0 21.7609 17.3548 7.7796 9.57522
internal_count=144 123 100 44 56
is_linear=0
shrinkage=0.1


Tree=23
num_leaves=5
num_cat=0
split_feature=10 12 10 0
split_gain=0.505664 1.61291 1.11002 0.841985
threshold=466.00000000000006 0.55000000000000004 639.66666666666799 1.6500000000000006
decision_type=2 2 2 2
left_child=1 -1 -2 -3
right_child=2 3 -4 -5
leaf_value=-0.050285085856048101 0.050400428233820474 0.039239086413060051 -0.022636605379747057 -0.016181466500731746
leaf_weight=6.2577044740319314 4.9954546317458135 5.8559193983674032 3.5665141046047211 5.1541600227355957
leaf_count=33 27 34 23 27
internal_value=0 -0.0097459 0.0199766 0.013295
internal_weight=0 17.2678 8.56197 11.0101
internal_count=144 94 50 61
is_linear=0
shrinkage=0.1


Tree=24
num_leaves=5
num_cat=0
split_feature=10 12 0 5
split_gain=0.501822 1.14267 1.42717 1.3536
threshold=348.50000000000489 2.4000000000000008 0.15000000000000005 346.36363636363666
decision_type=2 2 2 2
left_child=-1 2 -2 -4
right_child=1 -3 3 -5
leaf_value=0.025749936222286454 -0.042536567818410309 -0.051243169744219455 0.070195211223072193 -0.0024207408718886023
leaf_weight=5.8939149230718639 4.3857697397470501 4.5885117575526229 4.1240901723504049 6.7989168837666512
leaf_count=35 26 24 23 36
internal_value=0 -0.00747099 0.00564888 0.0249961
internal_weight=0 19.8973 15.3088 10.923
internal_count=144 109 85 59
is_linear=0
shrinkage=0.1


Tree=25
num_leaves=6
num_cat=0
split_feature=0 0 12 0 12
split_gain=0.507129 0.659939 0.787187 0.205593 0.299786
threshold=2.6500000000000017 1.0500000000000003 0.90000000000000013 0.15000000000000005 0.55000000000000004
decision_type=2 2 2 2 2
left_child=1 2 3 4 -1
right_child=-2 -3 -4 -5 -6
leaf_value=-0.034683874340857429 0.032135896339207153 -0.040491536787097271 0.045099894264634073 0.0075132438878110835 0.0033634771576770473
leaf_weight=4.6491660326719373 4.1511051580309859 4.4187258034944525 3.5074648559093466 5.2407872304320327 3.7343361005187035
leaf_count=27 21 23 21 29 23
internal_value=0 -0.00603467 0.00285265 -0.00802357 -0.0177361
internal_weight=0 21.5505 17.1318 13.6243 8.3835
internal_count=144 123 100 79 50
is_linear=0
shrinkage=0.1


Tree=26
num_leaves=5
num_cat=0
split_feature=10 10 3 12
split_gain=0.446584 0.981268 1.42926 1.13219
threshold=348.50000000000489 466.00000000000006 699.33333333333223 0.75000000000000011
decision_type=2 2 2 2
left_child=-1 2 -2 -3
right_child=1 3 -4 -5
leaf_value=0.024451716742949874 -0.062114238571968065 0.055225273782560563 0.0088049629984650497 -0.018077296146086143
leaf_weight=5.8318890407681492 5.6120492443442362 4.2429153397679311 5.7567331865429878 4.1857771575450897
leaf_count=35 29 27 30 23
internal_value=0 -0.00703381 -0.0262034 0.0188224
internal_weight=0 19.7975 11.3688 8.42869
internal_count=144 109 59 50
is_linear=0
shrinkage=0.1


Tree=27
num_leaves=5
num_cat=0
split_feature=7 14 10 10
split_gain=0.473632 0.580725 1.3249 0.850578
threshold=30.500000000000004 1.0000000180025095e-35 466.00000000000006 357.33333333333218
decision_type=2 2 2 2
left_child=-1 -2 3 -3
right_child=1 2 -4 -5
leaf_value=0.024553051434107059 0.021813129114218604 -0.014198429751195427 0.021971667583758386 -0.075764841871295896
leaf_weight=6.0610171705484417 5.0343153849244162 5.2119893580675072 5.3403621241450319 3.9406720772385597
leaf_count=30 30 32 31 21
internal_value=0 -0.00744677 -0.0176105 -0.0407058
internal_weight=0 19.5273 14.493 9.15266
internal_count=144 114 84 53
is_linear=0
shrinkage=0.1


Tree=28
num_leaves=6
num_cat=0
split_feature=10 10 10 12 0
split_gain=0.437178 0.989627 0.983502 0.615493 0.249178
threshold=366.50000000000733 466.00000000000006 639.66666666666799 1.0000000180025095e-35 0.84999999999999998
decision_type=2 2 2 2 2
left_child=3 4 -3 -1 -2
right_child=1 2 -4 -5 -6
leaf_value=-0.015139585686261845 -0.052194300018018516 0.044332318903747024 -0.025068029772777323 0.038844501513101003 -0.017487218731327428
leaf_weight=3.4393023476004618 3.9224563017487544 4.8082214146852476 3.5493296906352043 5.4725391492247581 4.3767510131001472
leaf_count=20 19 27 23 33 22
internal_value=0 -0.00943054 0.014859 0.0180107 -0.0338908
internal_weight=0 16.6568 8.35755 8.91184 8.29921
internal_count=144 91 50 53 41
is_linear=0
shrinkage=0.1


Tree=29
num_leaves=6
num_cat=0
split_feature=0 3 10 10 12
split_gain=0.388033 0.618795 1.38411 1.52074 0.208013
threshold=2.6500000000000017 771.16666666667118 466.00000000000006 366.50000000000733 0.55000000000000004
decision_type=2 2 2 2 2
left_child=1 2 3 4 -1
right_child=-2 -3 -4 -5 -6
leaf_value=0.0077373908320002033 0.028384756388201829 0.023629197496165714 0.030352356035569152 -0.084936403762688073 -0.02612146282381167
leaf_weight=4.0238914266228729 4.0850010663270941 5.5111176297068587 4.6913708224892607 3.8828215673565865 3.3045415207743645
leaf_count=23 21 31 30 18 21
internal_value=0 -0.00524712 -0.0152543 -0.0343385 -0.00753026
internal_weight=0 21.4137 15.9026 11.2113 7.32843
internal_count=144 123 92 62 44
is_linear=0
shrinkage=0.1


Tree=30
num_leaves=5
num_cat=0
split_feature=7 12 4 12
split_gain=0.369869 0.506914 1.37839 0.669048
threshold=30.500000000000004 1.5000000000000002 1.0000000180025095e-35 1.0000000180025095e-35
decision_type=2 2 2 2
left_child=-1 2 3 -2
right_child=1 -3 -4 -5
leaf_value=0.021927916769252268 -0.020545677864818538 0.022415081747195139 -0.066179380666247276 0.029036071209329734
leaf_weight=5.9668382629752186 5.7844588160514849 4.6176723912358275 3.945147603750228 5.139724001288414
leaf_count=30 34 28 19 33
internal_value=0 -0.00652692 -0.0155149 0.00278206
internal_weight=0 19.487 14.8693 10.9242
internal_count=144 114 86 67
is_linear=0
shrinkage=0.1


Tree=31
num_leaves=5
num_cat=0
split_feature=0 4 5 10
split_gain=0.365506 1.18443 0.672319 0.481433
threshold=0.15000000000000005 1.0000000180025095e-35 228.64923747276717 357.33333333333218
decision_type=2 2 2 2
left_child=3 -2 -3 -1
right_child=1 2 -4 -5
leaf_value=0.0061841054372508593 0.055460116278000571 0.018304971872505366 -0.02734683274202402 -0.041945773959368875
leaf_weight=4.30722624063492 4.0880157425999668 5.9942319616675359 6.9853018000721931 4.0161201655864716
leaf_count=26 27 31 36 24
internal_value=0 0.00852027 -0.00626383 -0.0170392
internal_weight=0 17.0675 12.9795 8.32335
internal_count=144 94 67 50
is_linear=0
shrinkage=0.1


Tree=32
num_leaves=5
num_cat=0
split_feature=12 12 10 12
split_gain=0.339798 1.12793 0.734997 1.41262
threshold=2.4000000000000008 1.25 600.83333333333951 0.55000000000000004
decision_type=2 2 2 2
left_child=1 2 3 -1
right_child=-2 -3 -4 -5
leaf_value=-0.023111225147940093 -0.022116334610385938 0.053997411490142512 -0.045265748599659733 0.045359264549319038
leaf_weight=7.096150137484079 5.3957192525267592 3.9528367295861235 3.6236205324530593 5.2367136031389236
leaf_count=37 29 25 23 30
internal_value=0 0.00617549 -0.00567125 0.00596234
internal_weight=0 19.9093 15.9565 12.3329
internal_count=144 115 90 67
is_linear=0
shrinkage=0.1


Tree=33
num_leaves=5
num_cat=0
split_feature=7 7 10 7
split_gain=0.33224 0.475451 0.7819 0.666625
threshold=30.500000000000004 57.500000000000007 616.50000000000011 105.50000000000001
decision_type=2 2 2 2
left_child=-1 -2 3 -3
right_child=1 2 -4 -5
leaf_value=0.020839405502049334 -0.031654228150789533 0.037054505060214675 -0.0398994206969139 -0.013552201510165843
leaf_weight=5.9356309548020389 5.3207615837454822 6.368927098810671 3.2038251906633368 4.4020349904894829
leaf_count=30 27 37 22 28
internal_value=0 -0.00621466 0.00347121 0.0163718
internal_weight=0 19.2955 13.9748 10.771
internal_count=144 114 87 65
is_linear=0
shrinkage=0.1


Tree=34
num_leaves=6
num_cat=0
split_feature=0 4 5 7 7
split_gain=0.296008 1.01834 0.636122 1.0425 0.176323
threshold=0.15000000000000005 1.0000000180025095e-35 150.81410825199643 36.500000000000007 105.50000000000001
decision_type=2 2 2 2 2
left_child=4 -2 -3 -4 -1
right_child=1 2 3 -5 -6
leaf_value=0.0020973140676873478 0.051935380914090605 0.02605772296404776 -0.053721514734822673 0.015466554999988828 -0.02765325243961685
leaf_weight=3.3843093067407626 3.9816724210977581 4.2076911330223075 4.6421500965952855 4.1023115068674088 4.8428004160523415
leaf_count=18 27 21 23 23 32
internal_value=0 0.00770634 -0.00589028 -0.0212631 -0.015415
internal_weight=0 16.9338 12.9522 8.74446 8.22711
internal_count=144 94 67 46 50
is_linear=0
shrinkage=0.1


Tree=35
num_leaves=5
num_cat=0
split_feature=10 12 0 12
split_gain=0.30664 1.05528 1.03168 0.504371
threshold=348.50000000000489 2.4000000000000008 0.65000000000000002 0.40000000000000013
decision_type=2 2 2 2
left_child=-1 2 3 -2
right_child=1 -3 -4 -5
leaf_value=0.020722612419559867 0.016089080501934663 -0.047801944414814862 0.045130668030392548 -0.02949693400207903
leaf_weight=5.6229025200009373 4.0702493190765399 4.5743603035807601 4.8255666717886916 6.0121426805853844
leaf_count=35 24 24 25 36
internal_value=0 -0.00578655 0.00710546 -0.0110939
internal_weight=0 19.4823 14.908 10.0824
internal_count=144 109 85 60
is_linear=0
shrinkage=0.1


Tree=36
num_leaves=6
num_cat=0
split_feature=0 0 12 10 10
split_gain=0.290786 0.532222 0.609286 0.47183 0.178181
threshold=2.6500000000000017 1.0500000000000003 0.90000000000000013 466.00000000000006 256.16666666667157
decision_type=2 2 2 2 2
left_child=1 2 3 4 -1
right_child=-2 -3 -4 -5 -6
leaf_value=-0.0016679711331887628 0.024903357994189274 -0.035421663225798573 0.042111703672683271 0.018652229533700271 -0.031650266257316637
leaf_weight=3.1949884295463651 3.990210384130477 4.4115941524505606 3.3010752350091925 4.9446772634983054 5.2214038893580437
leaf_count=19 21 23 21 32 28
internal_value=0 -0.00453697 0.0036403 -0.0058647 -0.0202685
internal_weight=0 21.0737 16.6621 13.3611 8.41639
internal_count=144 123 100 79 47
is_linear=0
shrinkage=0.1


Tree=37
num_leaves=6
num_cat=0
split_feature=7 7 0 0 10
split_gain=0.384208 0.494351 1.67931 0.907377 0.237067
threshold=30.500000000000004 72.500000000000014 0.15000000000000005 1.2500000000000002 357.33333333333218
decision_type=2 2 2 2 2
left_child=-1 3 4 -2 -3
right_child=1 2 -4 -5 -6
leaf_value=0.022376107912807995 -0.062283506715780423 -0.00070880612402522485 0.068147929142480967 0.0058386320678170504 -0.035082308464712414
leaf_weight=5.9301151186227825 3.6717419475317028 4.0663904249668104 3.1850061342120162 4.1826569959521294 3.9607177972793579
leaf_count=30 19 25 23 23 24
internal_value=0 -0.0067684 0.00670865 -0.0260068 -0.0176693
internal_weight=0 19.0665 11.2121 7.8544 8.02711
internal_count=144 114 72 42 49
is_linear=0
shrinkage=0.1


Tree=38
num_leaves=5
num_cat=0
split_feature=7 14 7 7
split_gain=0.31305 0.441168 1.01165 1.7197
threshold=30.500000000000004 1.0000000180025095e-35 63.500000000000007 105.50000000000001
decision_type=2 2 2 2
left_child=-1 -2 -3 -4
right_child=1 2 3 -5
leaf_value=0.020305343146071537 0.01991608480010849 -0.05551369209616383 0.037640840290412522 -0.047341175112753431
leaf_weight=5.8839264512062099 4.8533631414175078 4.2958221286535236 5.7845169603824598 4.0472878441214561
leaf_count=30 30 23 34 27
internal_value=0 -0.00609485 -0.0150306 0.00265777
internal_weight=0 18.981 14.1276 9.8318
internal_count=144 114 84 61
is_linear=0
shrinkage=0.1


Tree=39
num_leaves=6
num_cat=0
split_feature=10 12 7 7 7
split_gain=0.275916 0.978837 1.043 0.384912 1.27288
threshold=348.50000000000489 2.4000000000000008 51.500000000000007 78.500000000000014 114.50000000000001
decision_type=2 2 2 2 2
left_child=-1 2 -2 -4 -5
right_child=1 -3 3 4 -6
leaf_value=0.019836417010878925 0.043741363648269985 -0.046163460085115071 -0.038678145392911818 0.04530703615879119 -0.046177568917295631
leaf_weight=5.5303130671381977 5.0666963830590275 4.5277346149086943 3.5150443464517576 3.2770267501473427 2.8379839435219765
leaf_count=35 26 24 18 22 19
internal_value=0 -0.00550995 0.00701447 -0.0123088 0.00284892
internal_weight=0 19.2245 14.6968 9.63006 6.11501
internal_count=144 109 85 59 41
is_linear=0
shrinkage=0.1


Tree=40
num_leaves=5
num_cat=0
split_feature=7 14 10 10
split_gain=0.260786 0.413303 0.994606 0.856678
threshold=30.500000000000004 1.0000000180025095e-35 466.00000000000006 366.50000000000733
decision_type=2 2 2 2
left_child=-1 -2 3 -3
right_child=1 2 -4 -5
leaf_value=0.01861513524976055 0.019713273572399111 -0.0094608018959389667 0.020913575142972325 -0.072968172348710336
leaf_weight=5.8408083021640804 4.8116242662072226 5.3997196331620163 5.108654536306859 3.501413993537426
leaf_count=30 30 35 31 18
internal_value=0 -0.00557261 -0.014257 -0.0344425
internal_weight=0 18.8214 14.0098 8.90113
internal_count=144 114 84 53
is_linear=0
shrinkage=0.1


Tree=41
num_leaves=6
num_cat=0
split_feature=10 12 0 5 10
split_gain=0.256514 0.839142 0.825366 0.632342 0.270445
threshold=379.83333333333582 2.0500000000000003 0.65000000000000002 102.95752895752945 466.00000000000006
decision_type=2 2 2 2 2
left_child=3 2 4 -1 -2
right_child=1 -3 -4 -5 -6
leaf_value=-0.0074574507169782303 -0.033058027325728156 -0.049675197575952353 0.047148012530725196 0.046541045580210529 0.0033293900093066308
leaf_weight=5.6067960187792796 3.4335439503192884 3.6415656656026831 3.3614217936992636 3.5365433022379875 5.0419703125953674
leaf_count=36 17 20 18 20 33
internal_value=0 -0.00769652 0.00521798 0.0134286 -0.0114116
internal_weight=0 15.4785 11.8369 9.14334 8.47551
internal_count=144 88 68 56 50
is_linear=0
shrinkage=0.1


Tree=42
num_leaves=6
num_cat=0
split_feature=10 10 12 3 10
split_gain=0.26381 0.729815 0.911799 0.826419 0.965419
threshold=639.66666666666799 466.00000000000006 0.55000000000000004 764.66666666666515 349.33333333333337
decision_type=2 2 2 2 2
left_child=1 2 -1 4 -4
right_child=-2 -3 3 -5 -6
leaf_value=-0.035447906429628355 -0.025762460612274524 0.039879551353769888 0.033494174946137323 0.055030023915107362 -0.03998562114892254
leaf_weight=6.285384204238663 3.3883136063814154 4.5305284634232512 3.3248909339308721 3.2051372155547142 3.868372805416584
leaf_count=33 23 27 23 19 19
internal_value=0 0.00428653 -0.00537886 0.0127966 -0.00602158
internal_weight=0 21.2143 16.6838 10.3984 7.19326
internal_count=144 121 94 61 42
is_linear=0
shrinkage=0.1


Tree=43
num_leaves=5
num_cat=0
split_feature=10 7 0 5
split_gain=0.240595 0.6345 0.730964 0.51129
threshold=379.83333333333582 36.500000000000007 0.15000000000000005 102.95752895752945
decision_type=2 2 2 2
left_child=3 -2 -3 -1
right_child=1 2 -4 -5
leaf_value=-0.0056009975180309878 -0.036663214145632651 -0.028130044697846121 0.026837512176661738 0.04313010836357177
leaf_weight=5.6307445280253905 5.0187078490853301 3.8260358273982984 6.5797392874956131 3.4860197305679321
leaf_count=36 26 23 39 20
internal_value=0 -0.00745858 0.00662683 0.0130325
internal_weight=0 15.4245 10.4058 9.11676
internal_count=144 88 62 56
is_linear=0
shrinkage=0.1


Tree=44
num_leaves=5
num_cat=0
split_feature=7 7 0 7
split_gain=0.25698 0.447484 0.664227 0.356462
threshold=30.500000000000004 72.500000000000014 1.2500000000000002 105.50000000000001
decision_type=2 2 2 2
left_child=-1 2 -2 -3
right_child=1 3 -4 -5
leaf_value=0.018522332976362067 -0.054709071717212544 0.026194576106228426 0.0038532791977594358 -0.0099460429217283416
leaf_weight=5.8083795979619053 3.6824761256575611 5.2713162079453451 4.0855439528822899 5.6588967218995094
leaf_count=30 19 33 23 39
internal_value=0 -0.00555806 -0.0239086 0.0074835
internal_weight=0 18.6982 7.76802 10.9302
internal_count=144 114 42 72
is_linear=0
shrinkage=0.1


Tree=45
num_leaves=5
num_cat=0
split_feature=12 3 10 10
split_gain=0.24875 0.785371 0.783189 1.6977
threshold=2.4000000000000008 771.16666666667118 466.00000000000006 366.50000000000733
decision_type=2 2 2 2
left_child=1 2 3 -1
right_child=-2 -3 -4 -5
leaf_value=0.012346916474914968 -0.018992466550992942 0.040491853972449691 0.028889401330119358 -0.071889718733747388
leaf_weight=5.8968608900904709 5.3158430159091941 4.7948641031980506 4.3919606432318679 4.0260229557752609
leaf_count=38 29 28 30 19
internal_value=0 0.00546384 -0.00626905 -0.0218305
internal_weight=0 19.1097 14.3148 9.92288
internal_count=144 115 87 57
is_linear=0
shrinkage=0.1


Tree=46
num_leaves=5
num_cat=0
split_feature=10 12 10 12
split_gain=0.287322 0.617024 1.44503 1.04898
threshold=639.66666666666799 2.4000000000000008 466.00000000000006 0.55000000000000004
decision_type=2 2 2 2
left_child=1 2 3 -1
right_child=-2 -3 -4 -5
leaf_value=-0.030535071017938138 -0.027034839503891291 -0.026074134564525203 0.070942743633541569 0.027473854484307714
leaf_weight=6.2978634573519283 3.3546727523207656 5.0259008482098571 3.4938395470380774 6.1726108938455582
leaf_count=33 23 27 22 39
internal_value=0 0.00448286 0.0141028 -0.00182193
internal_weight=0 20.9902 15.9643 12.4705
internal_count=144 121 94 72
is_linear=0
shrinkage=0.1


Tree=47
num_leaves=6
num_cat=0
split_feature=7 7 10 0 10
split_gain=0.277103 0.341758 0.935057 0.591363 0.206006
threshold=30.500000000000004 57.500000000000007 616.50000000000011 0.15000000000000005 268.83333333332854
decision_type=2 2 2 2 2
left_child=-1 -2 3 4 -3
right_child=1 2 -4 -5 -6
leaf_value=0.019252083938820431 -0.027750052556800093 -0.019961013197357425 -0.046604488354762934 0.049695881582169525 0.015131072184508855
leaf_weight=5.7844489738345173 5.1352028846740749 3.0236129164695722 2.9945932179689398 3.5829561054706573 3.7446666434407234
leaf_count=30 27 19 22 25 21
internal_value=0 -0.00582754 0.00260779 0.0168448 -0.000545716
internal_weight=0 18.481 13.3458 10.3512 6.76828
internal_count=144 114 87 65 40
is_linear=0
shrinkage=0.1


Tree=48
num_leaves=5
num_cat=0
split_feature=5 5 3 7
split_gain=0.260953 0.626317 0.327149 0.360844
threshold=912.78571428571411 279.75243147657073 196.00000000000003 105.50000000000001
decision_type=2 2 2 2
left_child=1 2 3 -1
right_child=-2 -3 -4 -5
leaf_value=0.027186375961913457 -0.02504424457659378 0.042403777287051053 -0.02091652484373601 -0.010005848110252118
leaf_weight=4.9195158034563153 3.5147686228156081 3.5894481018185607 6.6343268379569045 5.553438063710928
leaf_count=28 20 21 36 39
internal_value=0 0.0044266 -0.00354177 0.00746465
internal_weight=0 20.6967 17.1073 10.473
internal_count=144 124 103 67
is_linear=0
shrinkage=0.1


Tree=49
num_leaves=5
num_cat=0
split_feature=10 12 7 12
split_gain=0.259047 0.61366 0.810158 0.428846
threshold=348.50000000000489 2.4000000000000008 51.500000000000007 0.75000000000000011
decision_type=2 2 2 2
left_child=-1 2 -2 -4
right_child=1 -3 3 -5
leaf_value=0.019387255787288726 0.038163031279679981 -0.037163750815255178 0.003915434792067048 -0.040638364026977986
leaf_weight=5.4253912493586567 4.8230528756976154 4.5978655293583861 5.9296003617346269 3.3986480385065079
leaf_count=35 26 24 39 20
internal_value=0 -0.00542478 0.00488745 -0.0123173
internal_weight=0 18.7492 14.1513 9.32825
internal_count=144 109 85 59
is_linear=0
shrinkage=0.1


Tree=50
num_leaves=6
num_cat=0
split_feature=0 0 3 10 10
split_gain=0.287771 0.426526 0.507345 0.376909 0.328451
threshold=2.6500000000000017 1.0500000000000003 771.16666666667118 466.00000000000006 348.50000000000489
decision_type=2 2 2 2 2
left_child=1 2 3 4 -1
right_child=-2 -3 -4 -5 -6
leaf_value=-0.00067346274505992814 0.024951715987998436 -0.032723806182797473 0.035007378906435467 0.018062773604075821 -0.040827467705010917
leaf_weight=4.3815289065241867 3.9165379703044882 4.2726235203444949 3.7526098936796179 4.0145651176571837 3.807161170989275
leaf_count=28 21 23 23 29 20
internal_value=0 -0.00466277 0.00285134 -0.00703692 -0.0193422
internal_weight=0 20.2285 15.9559 12.2033 8.18869
internal_count=144 123 100 77 48
is_linear=0
shrinkage=0.1


Tree=51
num_leaves=5
num_cat=0
split_feature=5 3 12 0
split_gain=0.246365 0.93952 0.562015 0.352839
threshold=228.64923747276717 412.50000000000119 0.75000000000000011 0.65000000000000002
decision_type=2 2 2 2
left_child=1 2 -1 -2
right_child=3 -3 -4 -5
leaf_value=0.0063482365674577077 -0.036429746094592645 0.050225379091494986 -0.042976376661248622 0.0053003264206147177
leaf_weight=8.9436783269047755 3.770648851990698 3.8721704110503188 3.114480957388877 4.3795691132545471
leaf_count=58 22 19 20 25
internal_value=0 0.00737014 -0.00639173 -0.0140058
internal_weight=0 15.9303 12.0582 8.15022
internal_count=144 97 78 47
is_linear=0
shrinkage=0.1


Tree=52
num_leaves=5
num_cat=0
split_feature=10 7 0 10
split_gain=0.238828 0.582206 0.686448 0.405861
threshold=379.83333333333582 36.500000000000007 0.15000000000000005 268.83333333332854
decision_type=2 2 2 2
left_child=3 -2 -3 -1
right_child=1 2 -4 -5
leaf_value=-0.010336808895275947 -0.035622022488516807 -0.028021807106052191 0.025987083026360092 0.032379952181764919
leaf_weight=4.0629017949104327 4.9599437266588202 3.715051129460333 6.4201277010142803 4.9149034470319748
leaf_count=26 26 23 39 30
internal_value=0 -0.00754848 0.00619012 0.0130485
internal_weight=0 15.0951 10.1352 8.97781
internal_count=144 88 62 56
is_linear=0
shrinkage=0.1


Tree=53
num_leaves=5
num_cat=0
split_feature=7 7 0 7
split_gain=0.273866 0.368739 0.588559 0.309465
threshold=30.500000000000004 72.500000000000014 1.2500000000000002 105.50000000000001
decision_type=2 2 2 2
left_child=-1 2 -2 -3
right_child=1 3 -4 -5
leaf_value=0.019173226564694633 -0.051661311950521732 0.023823238297770319 0.0039263685205755666 -0.010266482834902601
leaf_weight=5.7465445846319225 3.6470681726932552 5.138819791376589 3.9869741909205914 5.5271648168563843
leaf_count=30 19 33 23 39
internal_value=0 -0.00585131 -0.0226299 0.00615778
internal_weight=0 18.3 7.63404 10.666
internal_count=144 114 42 72
is_linear=0
shrinkage=0.1


Tree=54
num_leaves=5
num_cat=0
split_feature=7 7 12 5
split_gain=0.223079 0.330483 0.770146 0.509718
threshold=30.500000000000004 90.500000000000014 0.55000000000000004 135.79242636746184
decision_type=2 2 2 2
left_child=-1 3 -3 -2
right_child=1 2 -4 -5
leaf_value=0.017375634164076524 -0.044458704591752288 -0.01841786618722516 0.045043869285650837 0.00067778399972548572
leaf_weight=5.7090135663747814 4.0789214298129099 4.2018859200179568 3.5093846283853054 6.4712744057178497
leaf_count=30 22 27 27 38
internal_value=0 -0.00527181 0.0104634 -0.0167729
internal_weight=0 18.2615 7.71127 10.5502
internal_count=144 114 54 60
is_linear=0
shrinkage=0.1


Tree=55
num_leaves=6
num_cat=0
split_feature=10 4 0 3 10
split_gain=0.226651 0.419694 0.403977 0.945984 0.345252
threshold=348.50000000000489 1.5000000000000002 0.15000000000000005 730.3333333333286 399.00000000000369
decision_type=2 2 2 2 2
left_child=-1 2 -2 -4 -5
right_child=1 -3 3 4 -6
leaf_value=0.01826498940205884 -0.024852525110512124 -0.037383515428993298 0.051369170981994429 0.01300912479026068 -0.030672196668970558
leaf_weight=5.347132399678233 4.1239910200238254 3.3095209449529639 3.9167956039309484 3.4917783215641975 3.7555850669741631
leaf_count=35 26 17 25 20 21
internal_value=0 -0.00509621 0.00189322 0.011773 -0.00962654
internal_weight=0 18.5977 15.2882 11.1642 7.24736
internal_count=144 109 92 66 41
is_linear=0
shrinkage=0.1


Tree=56
num_leaves=6
num_cat=0
split_feature=5 3 7 12 10
split_gain=0.202254 0.751685 0.481149 0.453141 0.643922
threshold=228.64923747276717 412.50000000000119 36.500000000000007 0.75000000000000011 466.00000000000006
decision_type=2 2 2 2 2
left_child=1 3 -2 4 -1
right_child=2 -3 -4 -5 -6
leaf_value=-0.015822563927598104 -0.038873367936953229 0.045493855937447231 0.0099021371046688917 -0.038176603276514356 0.039353109256573565
leaf_weight=5.340369466692211 3.7673127874732 3.7973957881331435 4.3666076734662056 3.142821453511714 3.5022604241967201
leaf_count=32 20 19 27 20 26
internal_value=0 0.00672264 -0.0126888 -0.00556139 0.00603062
internal_weight=0 15.7828 8.13392 11.9855 8.84263
internal_count=144 97 47 78 58
is_linear=0
shrinkage=0.1


Tree=57
num_leaves=5
num_cat=0
split_feature=10 12 7 12
split_gain=0.218047 0.638654 0.835594 0.334963
threshold=348.50000000000489 2.4000000000000008 51.500000000000007 0.55000000000000004
decision_type=2 2 2 2
left_child=-1 2 -2 -4
right_child=1 -3 3 -5
leaf_value=0.017935018877345377 0.03952527686578261 -0.037526305902655231 0.0096148337973940273 -0.028799761428394018
leaf_weight=5.3365134261548546 4.7773381173610714 4.5552962683141223 4.034012593328951 5.190543495118618
leaf_count=35 26 24 25 34
internal_value=0 -0.00500172 0.00557964 -0.0120006
internal_weight=0 18.5572 14.0019 9.22456
internal_count=144 109 85 59
is_linear=0
shrinkage=0.1


Tree=58
num_leaves=5
num_cat=0
split_feature=7 14 7 7
split_gain=0.208634 0.329395 0.85331 1.35376
threshold=30.500000000000004 1.0000000180025095e-35 63.500000000000007 105.50000000000001
decision_type=2 2 2 2
left_child=-1 -2 -3 -4
right_child=1 2 3 -5
leaf_value=0.016828501774989454 0.017865974837273719 -0.051199012617027251 0.034968374547254939 -0.042072879713342025
leaf_weight=5.6903066262602833 4.6432885825634047 4.0832149498164627 5.5866468846797925 3.8545157834887505
leaf_count=30 30 23 34 27
internal_value=0 -0.00511427 -0.013004 0.00351497
internal_weight=0 18.1677 13.5244 9.44116
internal_count=144 114 84 61
is_linear=0
shrinkage=0.1


Tree=59
num_leaves=5
num_cat=0
split_feature=10 12 7 7
split_gain=0.187669 0.534269 0.745178 0.334818
threshold=348.50000000000489 2.4000000000000008 51.500000000000007 87.500000000000014
decision_type=2 2 2 2
left_child=-1 2 -2 -4
right_child=1 -3 3 -5
leaf_value=0.016750695084039348 0.03734374524073137 -0.034366041617500641 -0.032546279002467711 0.0058020804711546052
leaf_weight=5.2773464582860496 4.7304661646485355 4.5535316243767729 4.1484772674739343 5.0461521334946156
leaf_count=35 26 24 23 36
internal_value=0 -0.00463091 0.00509253 -0.0115001
internal_weight=0 18.4786 13.9251 9.19463
internal_count=144 109 85 59
is_linear=0
shrinkage=0.1


Tree=60
num_leaves=6
num_cat=0
split_feature=0 7 7 10 10
split_gain=0.239493 0.704802 0.590456 0.364581 0.664153
threshold=0.65000000000000002 45.500000000000007 72.500000000000014 510.50000000000006 268.83333333332854
decision_type=2 2 2 2 2
left_child=2 -2 -1 4 -4
right_child=1 -3 3 -5 -6
leaf_value=-0.044877566476838736 0.034896493422845822 -0.018798922029030708 -0.017274647915161385 -0.022341731234596752 0.045584683651158961
leaf_weight=3.3607857674360302 5.7090092003345472 4.2750149890780449 3.081699497997759 3.606751836836338 3.6976609192788601
leaf_count=17 32 24 20 26 25
internal_value=0 0.0119049 -0.00844434 0.00334488 0.0170107
internal_weight=0 9.98402 13.7469 10.3861 6.77936
internal_count=144 56 88 71 45
is_linear=0
shrinkage=0.1


Tree=61
num_leaves=6
num_cat=0
split_feature=10 7 7 7 5
split_gain=0.176918 1.19518 0.879849 0.371801 1.49902
threshold=399.00000000000369 45.500000000000007 96.500000000000014 42.500000000000007 135.79242636746184
decision_type=2 2 2 2 2
left_child=3 -2 -3 -1 -5
right_child=1 2 -4 4 -6
leaf_value=-0.015504708994480641 0.036059717996116035 -0.069737672558777539 0.0027766637564396279 -0.011030893927630486 0.075212479220369388
leaf_weight=4.5335198491811779 3.6881102472543699 3.4748460277915001 3.2272876612842083 5.6449190601706487 3.1344559080898762
leaf_count=23 21 17 26 36 21
internal_value=0 -0.00966044 -0.0348197 0.00775119 0.0197601
internal_weight=0 10.3902 6.70213 13.3129 8.77937
internal_count=144 64 43 80 57
is_linear=0
shrinkage=0.1


Tree=62
num_leaves=6
num_cat=0
split_feature=5 3 7 10 10
split_gain=0.188405 0.637798 0.502271 0.375327 0.353653
threshold=228.64923747276717 412.50000000000119 36.500000000000007 466.00000000000006 256.16666666667157
decision_type=2 2 2 2 2
left_child=1 3 -2 4 -1
right_child=2 -3 -4 -5 -6
leaf_value=0.0063952520432958683 -0.039154211086588675 0.042749598591508509 0.010920034242608102 0.020205916072695312 -0.036221150376914368
leaf_weight=3.4889648407697695 3.733722507953642 3.7087431624531737 4.3217125758528709 4.0009990110993385 4.4067554399371147
leaf_count=22 20 19 27 29 27
internal_value=0 0.0065417 -0.0122896 -0.00474594 -0.0173898
internal_weight=0 15.6055 8.05544 11.8967 7.89572
internal_count=144 97 47 78 49
is_linear=0
shrinkage=0.1


Tree=63
num_leaves=5
num_cat=0
split_feature=10 12 7 12
split_gain=0.174378 0.533333 0.610818 0.286255
threshold=348.50000000000489 2.4000000000000008 51.500000000000007 0.55000000000000004
decision_type=2 2 2 2
left_child=-1 2 -2 -4
right_child=1 -3 3 -5
leaf_value=0.016200396539160049 0.034909543517010068 -0.03424642154723076 0.010466199246045891 -0.025111189511115323
leaf_weight=5.248623292893174 4.6302035599947002 4.5305517874658099 4.0051511786878091 5.1948579102754593
leaf_count=35 26 24 25 34
internal_value=0 -0.00446862 0.0052861 -0.00962285
internal_weight=0 18.3608 13.8302 9.20001
internal_count=144 109 85 59
is_linear=0
shrinkage=0.1


Tree=64
num_leaves=6
num_cat=0
split_feature=7 7 10 10 7
split_gain=0.167534 0.294931 0.626583 0.35082 0.228688
threshold=30.500000000000004 57.500000000000007 616.50000000000011 268.83333333332854 90.500000000000014
decision_type=2 2 2 2 2
left_child=-1 -2 3 -3 -5
right_child=1 2 -4 4 -6
leaf_value=0.015198606734180574 -0.025422630766942692 -0.011936647234366193 -0.036491431921809855 0.047713785466582989 0.010956943509347498
leaf_weight=5.6148627698421505 4.9307657405734089 3.1969891265034658 3.0362886711955062 3.1938014924526215 3.6012330688536167
leaf_count=30 27 21 22 20 24
internal_value=0 -0.00459189 0.00329183 0.0153808 0.0282334
internal_weight=0 17.9591 13.0283 9.99202 6.79503
internal_count=144 114 87 65 44
is_linear=0
shrinkage=0.1


Tree=65
num_leaves=5
num_cat=0
split_feature=7 0 0 7
split_gain=0.173361 0.487487 1.18573 0.316996
threshold=36.500000000000007 0.25000000000000006 0.84999999999999998 108.50000000000001
decision_type=2 2 2 2
left_child=-1 3 -3 -2
right_child=1 2 -4 -5
leaf_value=-0.013404240568513812 -0.034624154812529291 0.06585161076376593 -0.010093868856469852 0.0048524454609472365
leaf_weight=6.7580546289682415 3.4696798026561755 3.6113208271563035 4.7728467360138893 4.9162995591759682
leaf_count=36 20 25 28 35
internal_value=0 0.00556681 0.0226182 -0.0114809
internal_weight=0 16.7701 8.38417 8.38598
internal_count=144 108 53 55
is_linear=0
shrinkage=0.1


Tree=66
num_leaves=7
num_cat=0
split_feature=5 5 5 7 7 12
split_gain=0.200877 0.453979 0.864666 1.22351 0.516977 0.53937
threshold=912.78571428571411 279.75243147657073 150.81410825199643 51.500000000000007 90.500000000000014 0.55000000000000004
decision_type=2 2 2 2 2 2
left_child=1 2 3 -1 -5 -6
right_child=-2 -3 -4 4 5 -7
leaf_value=0.061231328162088594 -0.022144976928958324 0.03701080931663156 -0.051146704469454088 -0.043442057480902123 -0.017750502251310363 0.037663718582108152
leaf_weight=3.2660911306738951 3.4538130760192862 3.44300378486514 3.0339155010879031 3.0641604103147966 4.1690543964505196 3.0353050827980042
leaf_count=17 20 21 18 18 27 23
internal_value=0 0.00396998 -0.00289604 0.00791982 -0.00903688 0.00559634
internal_weight=0 20.0115 16.5685 13.5346 10.2685 7.20436
internal_count=144 124 103 85 68 50
is_linear=0
shrinkage=0.1


Tree=67
num_leaves=6
num_cat=0
split_feature=5 7 7 7 12
split_gain=0.195654 0.411904 0.379222 0.154345 0.4402
threshold=228.64923747276717 51.500000000000007 36.500000000000007 90.500000000000014 0.55000000000000004
decision_type=2 2 2 2 2
left_child=1 -1 -2 -3 -5
right_child=2 3 -4 4 -6
leaf_value=0.032578640109775514 -0.035749698677801874 -0.019736680639211902 0.0079542122537828112 -0.015941163060013953 0.034235471288967818
leaf_weight=4.3995150402188328 3.7463422864675513 3.8586141839623433 4.2239747494459152 4.1775486133992672 3.0068938694894314
leaf_count=23 20 24 27 27 23
internal_value=0 0.00670364 -0.0125882 -0.00360487 0.00505919
internal_weight=0 15.4426 7.97032 11.0431 7.18444
internal_count=144 97 47 74 50
is_linear=0
shrinkage=0.1


Tree=68
num_leaves=5
num_cat=0
split_feature=10 12 3 10
split_gain=0.168288 0.409074 0.612213 0.734627
threshold=348.50000000000489 3.0000000000000013 771.16666666667118 446.00000000000006
decision_type=2 2 2 2
left_child=-1 2 3 -2
right_child=1 -3 -4 -5
leaf_value=0.015973736714889688 -0.03480659958354225 -0.036553914313570079 0.033664637571611117 0.01840098945426346
leaf_weight=5.210409656167033 5.7077704071998614 3.251220252364873 4.4495311602950087 4.7579988054931164
leaf_count=35 29 18 28 34
internal_value=0 -0.00441302 0.00259302 -0.0106171
internal_weight=0 18.1665 14.9153 10.4658
internal_count=144 109 91 63
is_linear=0
shrinkage=0.1


Tree=69
num_leaves=6
num_cat=0
split_feature=0 0 0 12 10
split_gain=0.200415 0.416082 0.921799 0.526738 0.322661
threshold=2.6500000000000017 1.0500000000000003 0.55000000000000016 0.75000000000000011 466.00000000000006
decision_type=2 2 2 2 2
left_child=1 2 3 4 -1
right_child=-2 -3 -4 -5 -6
leaf_value=-0.0097835699506519137 0.02132316656383397 -0.03262200763799785 0.053423550652832767 -0.041242630717303948 0.029556734715563193
leaf_weight=5.7940547503531032 3.7443806305527678 4.0164922699332228 2.9861485213041297 3.514624621719121 3.2566413693130016
leaf_count=35 21 23 18 22 25
internal_value=0 -0.0039288 0.00348182 -0.00838683 0.00437194
internal_weight=0 19.568 15.5515 12.5653 9.0507
internal_count=144 123 100 82 60
is_linear=0
shrinkage=0.1


Tree=70
num_leaves=6
num_cat=0
split_feature=10 7 7 7 5
split_gain=0.206055 0.969086 0.506496 0.32042 1.13246
threshold=399.00000000000369 45.500000000000007 96.500000000000014 42.500000000000007 135.79242636746184
decision_type=2 2 2 2 2
left_child=3 -2 -3 -1 -5
right_child=1 2 -4 4 -6
leaf_value=-0.013241182352839357 0.031643969297574279 -0.059349269339348157 -0.0040486192474736829 -0.0066553723619155935 0.069583238588224502
leaf_weight=4.4877486303448704 3.5496508255600911 3.4866194948554039 3.1548030264675617 5.6330274417996389 2.9786331169307232
leaf_count=23 21 17 26 36 21
internal_value=0 -0.0105363 -0.0330804 0.00842404 0.0197143
internal_weight=0 10.1911 6.64142 13.0994 8.61166
internal_count=144 64 43 80 57
is_linear=0
shrinkage=0.1


Tree=71
num_leaves=6
num_cat=0
split_feature=5 3 7 10 7
split_gain=0.184196 0.503861 0.316374 0.260547 0.6327
threshold=228.64923747276717 412.50000000000119 36.500000000000007 446.00000000000006 93.500000000000014
decision_type=2 2 2 2 2
left_child=1 3 -2 4 -1
right_child=2 -3 -4 -5 -6
leaf_value=-0.043478828281287928 -0.03347043904521093 0.039346831687190484 0.0066169583123612159 0.015510241208038018 0.01553506610289509
leaf_weight=3.7856721915304679 3.7227060198783866 3.5838987901806822 4.1784791871905327 4.472124520689249 3.4930007196962833
leaf_count=23 20 19 27 32 23
internal_value=0 0.00652417 -0.0122705 -0.00348648 -0.0151583
internal_weight=0 15.3347 7.90119 11.7508 7.27867
internal_count=144 97 47 78 46
is_linear=0
shrinkage=0.1


Tree=72
num_leaves=6
num_cat=0
split_feature=7 7 0 3 7
split_gain=0.184107 0.328238 0.850901 0.465094 0.118761
threshold=30.500000000000004 72.500000000000014 0.15000000000000005 730.3333333333286 111.50000000000001
decision_type=2 2 2 2 2
left_child=-1 3 4 -2 -3
right_child=1 2 -4 -5 -6
leaf_value=0.016076312638974966 0.0030694602499590669 -0.023746166290304915 0.054582539051799932 -0.047744560200414947 0.0010739603982193905
leaf_weight=5.5184131041169193 3.7632436640560654 3.5906248539686185 2.7203506082296371 3.4549154527485371 4.1628920808434486
leaf_count=30 22 20 23 20 29
internal_value=0 -0.00484464 0.00646283 -0.0212523 -0.0104201
internal_weight=0 17.692 10.4739 7.21816 7.75352
internal_count=144 114 72 42 49
is_linear=0
shrinkage=0.1


Tree=73
num_leaves=6
num_cat=0
split_feature=10 7 10 7 7
split_gain=0.178017 0.870993 0.413881 0.242099 0.724805
threshold=399.00000000000369 45.500000000000007 575.00000000000011 42.500000000000007 84.500000000000014
decision_type=2 2 2 2 2
left_child=3 -2 -3 -1 -5
right_child=1 2 -4 4 -6
leaf_value=-0.010969584515015091 0.030448975804441964 -0.058643488783194336 -0.0084102889499966544 0.046720965827269534 -0.011564087914039442
leaf_weight=4.475117243826392 3.5112595558166486 2.9985378496348858 3.6206872314214706 4.2920050881803018 4.2425549998879433
leaf_count=23 21 18 25 29 28
internal_value=0 -0.00981014 -0.0311661 0.00786915 0.0177473
internal_weight=0 10.1305 6.61923 13.0097 8.53456
internal_count=144 64 43 80 57
is_linear=0
shrinkage=0.1


Tree=74
num_leaves=5
num_cat=0
split_feature=7 7 7 12
split_gain=0.146859 0.349159 0.477374 0.448258
threshold=30.500000000000004 72.500000000000014 105.50000000000001 1.5000000000000002
decision_type=2 2 2 2
left_child=-1 3 -3 -2
right_child=1 2 -4 -5
leaf_value=0.01443295174559299 -0.045322993809104761 0.029351086314969715 -0.013432188957011338 0.004697779422337311
leaf_weight=5.4755736216902759 3.7297833487391499 5.0727386213839036 5.3676561750471592 3.4474846869707108
leaf_count=30 19 33 39 23
internal_value=0 -0.00431717 0.00735518 -0.0212963
internal_weight=0 17.6177 10.4404 7.17727
internal_count=144 114 72 42
is_linear=0
shrinkage=0.1


Tree=75
num_leaves=5
num_cat=0
split_feature=10 12 7 12
split_gain=0.18066 0.44426 0.521456 0.356159
threshold=348.50000000000489 2.4000000000000008 51.500000000000007 0.55000000000000004
decision_type=2 2 2 2
left_child=-1 2 -2 -4
right_child=1 -3 3 -5
leaf_value=0.016579038748206321 0.032513980896553517 -0.032035298009932274 0.013432513376819076 -0.026793334694198836
leaf_weight=5.1717699654400375 4.4296669960021999 4.4468703269958487 3.8743703253567201 5.0963686369359493
leaf_count=35 26 24 25 34
internal_value=0 -0.00464703 0.00444165 -0.0094202
internal_weight=0 17.8473 13.4004 8.97074
internal_count=144 109 85 59
is_linear=0
shrinkage=0.1


Tree=76
num_leaves=6
num_cat=0
split_feature=5 7 7 7 12
split_gain=0.163533 0.820839 0.703855 0.318113 0.407463
threshold=150.81410825199643 51.500000000000007 36.500000000000007 90.500000000000014 0.55000000000000004
decision_type=2 2 2 2 2
left_child=1 -1 -2 -3 -5
right_child=2 3 -4 4 -6
leaf_value=0.052566257649474507 -0.038186885962212785 -0.033158835020742822 0.015782233027663933 -0.014954769559224713 0.0335401241338378
leaf_weight=3.0803643763065365 4.5877319499850255 3.0843367837369424 5.1061094403266907 4.1515295468270779 2.973579254001379
leaf_count=17 24 18 35 27 23
internal_value=0 0.00732134 -0.00975933 -0.00632982 0.005284
internal_weight=0 13.2898 9.69384 10.2094 7.12511
internal_count=144 85 59 68 50
is_linear=0
shrinkage=0.1


Tree=77
num_leaves=5
num_cat=0
split_feature=7 7 7 0
split_gain=0.142685 0.308355 0.430078 0.36056
threshold=30.500000000000004 72.500000000000014 105.50000000000001 1.2500000000000002
decision_type=2 2 2 2
left_child=-1 3 -3 -2
right_child=1 2 -4 -5
leaf_value=0.014278758083111463 -0.043348635178310509 0.02769247652033013 -0.013029615831317965 0.0016828617592938785
leaf_weight=5.4316718801856068 3.475307613611224 5.0344515740871412 5.3491134978830814 3.6407578699290752
leaf_count=30 19 33 39 23
internal_value=0 -0.00427457 0.00671441 -0.0203094
internal_weight=0 17.4996 10.3836 7.11607
internal_count=144 114 72 42
is_linear=0
shrinkage=0.1


Tree=78
num_leaves=7
num_cat=0
split_feature=5 5 5 7 7 12
split_gain=0.147581 0.433324 0.692823 0.680103 0.277274 0.335049
threshold=912.78571428571411 279.75243147657073 150.81410825199643 51.500000000000007 90.500000000000014 0.55000000000000004
decision_type=2 2 2 2 2 2
left_child=1 2 3 -1 -5 -6
right_child=-2 -3 -4 4 5 -7
leaf_value=0.048340705720869855 -0.019204452874479663 0.036402790452074597 -0.04682859704533985 -0.030849586763656751 -0.013283245812935579 0.030754359953931304
leaf_weight=3.0061896443367102 3.3714625090360633 3.3131572119891635 2.9816220104694358 3.0799734815955144 4.1449809744954109 2.9624560549855232
leaf_count=17 20 21 18 18 27 23
internal_value=0 0.00345529 -0.00329332 0.00654522 -0.00578815 0.0050721
internal_weight=0 19.4884 16.1752 13.1936 10.1874 7.10744
internal_count=144 124 103 85 68 50
is_linear=0
shrinkage=0.1


Tree=79
num_leaves=5
num_cat=0
split_feature=10 0 0 12
split_gain=0.142168 0.430769 0.770306 0.361803
threshold=348.50000000000489 1.2500000000000002 0.55000000000000016 0.55000000000000004
decision_type=2 2 2 2
left_child=-1 2 3 -2
right_child=1 -3 -4 -5
leaf_value=0.014855559234470959 0.01483682435557713 -0.025701339620727237 0.046996280307986575 -0.027575481211088538
leaf_weight=5.0854290165007141 3.5119675733149069 6.0740883462131015 3.4245503395795813 4.707291092723608
leaf_count=35 23 34 21 31
internal_value=0 -0.00411282 0.00714901 -0.00945333
internal_weight=0 17.7179 11.6438 8.21926
internal_count=144 109 75 54
is_linear=0
shrinkage=0.1


Tree=80
num_leaves=5
num_cat=0
split_feature=7 0 0 7
split_gain=0.169185 0.345049 1.00742 0.120167
threshold=36.500000000000007 0.25000000000000006 0.84999999999999998 108.50000000000001
decision_type=2 2 2 2
left_child=-1 3 -3 -2
right_child=1 2 -4 -5
leaf_value=-0.013521615883358118 -0.022393725600951719 0.061440585090163341 -0.010682620973849451 0.0017911438427338157
leaf_weight=6.5026022903621223 3.5896556973457354 3.4183741696178904 4.4681421294808388 4.8038467280566692
leaf_count=36 20 25 28 35
internal_value=0 0.00555983 0.0205789 -0.00855202
internal_weight=0 16.28 7.88652 8.3935
internal_count=144 108 53 55
is_linear=0
shrinkage=0.1


Tree=81
num_leaves=6
num_cat=0
split_feature=10 10 10 7 10
split_gain=0.15885 0.51857 0.335094 0.562194 0.311245
threshold=639.66666666666799 466.00000000000006 366.50000000000733 36.500000000000007 268.83333333332854
decision_type=2 2 2 2 2
left_child=1 2 4 -4 -1
right_child=-2 -3 3 -5 -6
leaf_value=-0.010079924401468685 -0.020254678970824558 0.035362978027572239 -0.051163625510309091 0.0037349047700305539 0.029962422843566944
leaf_weight=3.9123955890536362 3.2752583920955649 4.0553546026349059 3.25765460729599 4.3645772151648998 3.8527274280786514
leaf_count=26 23 27 16 25 27
internal_value=0 0.00355083 -0.0048333 -0.0197281 0.0097874
internal_weight=0 19.4427 15.3874 7.62223 7.76512
internal_count=144 121 94 41 53
is_linear=0
shrinkage=0.1


Tree=82
num_leaves=6
num_cat=0
split_feature=0 0 0 12 10
split_gain=0.145657 0.472232 0.597018 0.363369 0.26075
threshold=2.6500000000000017 1.2500000000000002 0.55000000000000016 0.75000000000000011 466.00000000000006
decision_type=2 2 2 2 2
left_child=1 2 3 4 -1
right_child=-2 -3 -4 -5 -6
leaf_value=-0.0085634144428078842 0.018646333390505317 -0.038321033629617585 0.040471418084271793 -0.033783658506728945 0.027106934571285449
leaf_weight=5.7194673009216839 3.5729054361581793 3.212153408676385 3.457791492342948 3.5060436986386767 3.1936108656227589
leaf_count=35 21 19 22 22 25
internal_value=0 -0.0033531 0.00372148 -0.00651062 0.00421749
internal_weight=0 19.0891 15.8769 12.4191 8.91308
internal_count=144 123 104 82 60
is_linear=0
shrinkage=0.1


Tree=83
num_leaves=6
num_cat=0
split_feature=10 7 10 3 10
split_gain=0.149747 0.753026 0.351451 0.27976 0.351306
threshold=399.00000000000369 45.500000000000007 575.00000000000011 699.33333333333223 348.50000000000489
decision_type=2 2 2 2 2
left_child=3 -2 -3 4 -1
right_child=1 2 -4 -5 -6
leaf_value=0.01501879795210896 0.029186120214501038 -0.054316188082633388 -0.0077234028002899097 0.030174158201120155 -0.024854543566390039
leaf_weight=5.0867543742060679 3.3821110650897008 2.9740483053028584 3.5530226230621338 3.7621613182127467 3.9066412001848221
leaf_count=35 21 18 25 23 22
internal_value=0 -0.0091097 -0.0289533 0.00727677 -0.00230178
internal_weight=0 9.90918 6.52707 12.7556 8.9934
internal_count=144 64 43 80 57
is_linear=0
shrinkage=0.1


Tree=84
num_leaves=6
num_cat=0
split_feature=5 3 10 7 0
split_gain=0.169037 0.398024 0.282006 0.575864 0.25154
threshold=228.64923747276717 412.50000000000119 446.00000000000006 93.500000000000014 0.65000000000000002
decision_type=2 2 2 2 2
left_child=1 2 3 -1 -2
right_child=4 -3 -4 -5 -6
leaf_value=-0.04231565658904296 -0.031236126079722721 0.036235323481463147 0.017271960874000049 0.014598861683254728 0.0050961185169237262
leaf_weight=3.6910885274410266 3.5957722738385192 3.4234305992722502 4.4116729944944382 3.4295624792575836 4.0538934543728828
leaf_count=23 22 19 32 23 25
internal_value=0 0.00629351 -0.00259487 -0.0149036 -0.0119821
internal_weight=0 14.9558 11.5323 7.12065 7.64967
internal_count=144 97 78 46 47
is_linear=0
shrinkage=0.1


Tree=85
num_leaves=5
num_cat=0
split_feature=7 7 12 7
split_gain=0.15172 0.308364 0.752237 0.881027
threshold=36.500000000000007 105.50000000000001 0.55000000000000004 66.500000000000014
decision_type=2 2 2 2
left_child=-1 2 -2 -4
right_child=1 -3 3 -5
leaf_value=-0.012852978192949178 0.052421478941124068 -0.014501203783205713 0.026756113853965077 -0.043555449040541677
leaf_weight=6.453240584582093 3.5853454843163508 5.2929197549819937 4.1339794769883156 3.1325022727251053
leaf_count=36 21 39 27 21
internal_value=0 0.00528761 0.0149395 -0.00355445
internal_weight=0 16.1447 10.8518 7.26648
internal_count=144 108 69 48
is_linear=0
shrinkage=0.1


Tree=86
num_leaves=5
num_cat=0
split_feature=7 7 7 0
split_gain=0.135689 0.31809 0.43859 0.373866
threshold=30.500000000000004 72.500000000000014 105.50000000000001 1.2500000000000002
decision_type=2 2 2 2
left_child=-1 3 -3 -2
right_child=1 2 -4 -5
leaf_value=0.014029490125584215 -0.044542024725865055 0.028330180512116738 -0.013022935507164679 0.0018455208831472131
leaf_weight=5.3450305797159698 3.3835788369178799 4.9662640988826734 5.3037571050226688 3.5713030472397804
leaf_count=30 19 33 39 23
internal_value=0 -0.00420878 0.00697415 -0.0207222
internal_weight=0 17.2249 10.27 6.95488
internal_count=144 114 72 42
is_linear=0
shrinkage=0.1


Tree=87
num_leaves=5
num_cat=0
split_feature=7 5 10 7
split_gain=0.13166 0.295151 0.280484 0.668637
threshold=36.500000000000007 135.79242636746184 446.00000000000006 96.500000000000014
decision_type=2 2 2 2
left_child=-1 2 3 -2
right_child=1 -3 -4 -5
leaf_value=-0.011976217767183011 -0.049227640667537848 0.024070954028053881 0.015044257321788443 0.015567338641246521
leaf_weight=6.4393131807446506 3.3022438883781451 5.3717482499778262 4.310133408755064 3.0761828050017357
leaf_count=36 19 37 31 21
internal_value=0 0.00494836 -0.00466208 -0.0179784
internal_weight=0 16.0603 10.6886 6.37843
internal_count=144 108 71 40
is_linear=0
shrinkage=0.1


Tree=88
num_leaves=6
num_cat=0
split_feature=10 7 12 0 12
split_gain=0.176141 0.675955 0.688714 0.42648 0.72173
threshold=219.33333333333943 117.50000000000001 0.40000000000000013 0.65000000000000002 2.4000000000000008
decision_type=2 2 2 2 2
left_child=-1 2 -2 -4 -5
right_child=1 -3 3 4 -6
leaf_value=0.022668973210522411 0.041530387999062328 -0.046894594522713863 -0.030912432379537932 0.04370887456053818 -0.017548275785255404
leaf_weight=2.9971147030591991 3.8646301031112733 3.0159925371408454 4.6182940676808339 3.233291532844305 4.7474350482225418
leaf_count=20 23 22 30 22 27
internal_value=0 -0.00337186 0.00460111 -0.00672659 0.00726929
internal_weight=0 19.4796 16.4637 12.599 7.98073
internal_count=144 124 102 79 49
is_linear=0
shrinkage=0.1


Tree=89
num_leaves=5
num_cat=0
split_feature=5 10 10 0
split_gain=0.142769 0.226729 0.239401 0.125233
threshold=228.64923747276717 446.00000000000006 348.50000000000489 0.65000000000000002
decision_type=2 2 2 2
left_child=1 2 -1 -2
right_child=3 -3 -4 -5
leaf_value=0.013006333650719976 -0.024543654897131378 0.024098449030772011 -0.017710750764884771 0.001174153891425932
leaf_weight=5.0075297504663485 3.6073540002107611 4.6537821367382994 5.1433480605483055 3.9852079004049301
leaf_count=34 22 34 29 25
internal_value=0 0.00582154 -0.00255771 -0.0110448
internal_weight=0 14.8047 10.1509 7.59256
internal_count=144 97 63 47
is_linear=0
shrinkage=0.1


Tree=90
num_leaves=5
num_cat=0
split_feature=7 7 7 3
split_gain=0.158603 0.265784 0.382251 0.273382
threshold=30.500000000000004 72.500000000000014 105.50000000000001 730.3333333333286
decision_type=2 2 2 2
left_child=-1 3 -3 -2
right_child=1 2 -4 -5
leaf_value=0.015115726632961677 -0.00055845721913951724 0.025812348459945442 -0.012992939918186267 -0.040511315733979314
leaf_weight=5.3503060191869762 3.5498659200966385 4.882696829736231 5.2871356084942818 3.3092561960220337
leaf_count=30 22 33 39 20
internal_value=0 -0.00462191 0.00563809 -0.0198341
internal_weight=0 17.029 10.1698 6.85912
internal_count=144 114 72 42
is_linear=0
shrinkage=0.1


Tree=91
num_leaves=5
num_cat=0
split_feature=10 10 12 0
split_gain=0.158235 0.427936 0.302083 0.689139
threshold=639.66666666666799 446.00000000000006 0.55000000000000004 1.6500000000000006
decision_type=2 2 2 2
left_child=1 2 -1 -4
right_child=-2 -3 3 -5
leaf_value=-0.022815185243334344 -0.020366641957144424 0.030648043188835412 0.034387003873815596 -0.021068095624060444
leaf_weight=5.6558863520622316 3.2328435964882365 4.4664714597165576 4.4882845506072027 4.4753612540662289
leaf_count=32 23 30 32 27
internal_value=0 0.00355757 -0.00471895 0.00669943
internal_weight=0 19.086 14.6195 8.96365
internal_count=144 121 91 59
is_linear=0
shrinkage=0.1


Tree=92
num_leaves=6
num_cat=0
split_feature=10 7 7 7 7
split_gain=0.141783 0.638384 0.35349 0.255519 0.670802
threshold=399.00000000000369 45.500000000000007 96.500000000000014 84.500000000000014 48.500000000000007
decision_type=2 2 2 2 2
left_child=3 -2 -3 4 -1
right_child=1 2 -4 -5 -6
leaf_value=-0.0065587253330686565 0.026962910257191792 -0.049566934357131255 -0.0027121541014643864 -0.013330042864021049 0.050693819371794305
leaf_weight=4.9586187899112719 3.2792263478040677 3.3760663643479347 3.0783058106899261 4.1111527085304251 3.4845874682068825
leaf_count=26 21 17 26 28 26
internal_value=0 -0.00896612 -0.0272203 0.0071149 0.0170699
internal_weight=0 9.7336 6.45437 12.5544 8.44321
internal_count=144 64 43 80 52
is_linear=0
shrinkage=0.1


Tree=93
num_leaves=6
num_cat=0
split_feature=5 3 10 7 7
split_gain=0.137044 0.343442 0.223908 0.512465 0.192599
threshold=228.64923747276717 412.50000000000119 446.00000000000006 93.500000000000014 36.500000000000007
decision_type=2 2 2 2 2
left_child=1 2 3 -1 -2
right_child=4 -3 -4 -5 -6
leaf_value=-0.039388183325626422 -0.027621708174128731 0.03389201000878532 0.015375352394375513 0.014650649814390362 0.0043449432558696844
leaf_weight=3.6737373247742671 3.5918908081948748 3.3432854562997809 4.3079787604510784 3.3598708584904671 3.9657066501677036
leaf_count=23 20 19 32 23 27
internal_value=0 0.00572493 -0.0025782 -0.0135745 -0.0108478
internal_weight=0 14.6849 11.3416 7.03361 7.5576
internal_count=144 97 78 46 47
is_linear=0
shrinkage=0.1


Tree=94
num_leaves=5
num_cat=0
split_feature=7 7 7 0
split_gain=0.151508 0.262894 0.36682 0.231399
threshold=30.500000000000004 72.500000000000014 105.50000000000001 1.2500000000000002
decision_type=2 2 2 2
left_child=-1 3 -3 -2
right_child=1 2 -4 -5
leaf_value=0.014817181305703945 -0.038523964824486653 0.025542293848436256 -0.012602762820777859 -0.0016270614946202304
leaf_weight=5.315218053758147 3.3384409025311497 4.8450337052345258 5.2557469457387924 3.4627851843833923
leaf_count=30 19 33 39 23
internal_value=0 -0.00453957 0.00569425 -0.0197382
internal_weight=0 16.902 10.1008 6.80123
internal_count=144 114 72 42
is_linear=0
shrinkage=0.1


Tree=95
num_leaves=6
num_cat=0
split_feature=10 7 12 7 12
split_gain=0.154134 0.540977 1.08754 0.562245 0.683367
threshold=219.33333333333943 111.50000000000001 0.40000000000000013 60.500000000000007 2.4000000000000008
decision_type=2 2 2 2 2
left_child=-1 2 -2 4 -4
right_child=1 -3 3 -5 -6
leaf_value=0.021390189149217677 0.054489691524522633 -0.0383970899457034 0.038500669287798057 -0.039649056147256972 -0.019761319503052991
leaf_weight=2.9446805492043522 3.4393019974231747 3.5545805878937236 3.6016137599945051 4.0468687564134589 4.5647085048258305
leaf_count=20 21 26 24 28 25
internal_value=0 -0.00317975 0.00481788 -0.00916997 0.00593411
internal_weight=0 19.2071 15.6525 12.2132 8.16632
internal_count=144 124 98 77 49
is_linear=0
shrinkage=0.1


Tree=96
num_leaves=5
num_cat=0
split_feature=10 7 3 0
split_gain=0.125793 0.438559 0.418574 0.459099
threshold=219.33333333333943 111.50000000000001 358.33333333333513 1.2500000000000002
decision_type=2 2 2 2
left_child=-1 2 -2 -4
right_child=1 -3 3 -5
leaf_value=0.019435143607875349 0.032190695518224816 -0.034543481266643757 0.014988827839565025 -0.024840539874643696
leaf_weight=2.9182598739862469 4.0162725448608425 3.5559370368719092 5.6883185580372793 5.8912764675915241
leaf_count=20 28 26 36 34
internal_value=0 -0.00285243 0.0043733 -0.0052749
internal_weight=0 19.1518 15.5959 11.5796
internal_count=144 124 98 70
is_linear=0
shrinkage=0.1


Tree=97
num_leaves=5
num_cat=0
split_feature=10 4 10 10
split_gain=0.121769 0.419206 0.303985 0.343857
threshold=446.00000000000006 1.0000000180025095e-35 366.50000000000733 268.83333333332854
decision_type=2 2 2 2
left_child=2 -2 3 -1
right_child=1 -3 -4 -5
leaf_value=-0.012392159075213594 0.028385663173493905 -0.020304832600618591 -0.020384945607041752 0.030422883201017173
leaf_weight=3.8162834718823451 4.7745095565915099 2.8082651682198048 6.9379535689949989 3.6890567243099213
leaf_count=26 36 17 38 27
internal_value=0 0.0103532 -0.00529589 0.00865247
internal_weight=0 7.58277 14.4433 7.50534
internal_count=144 53 91 53
is_linear=0
shrinkage=0.1


Tree=98
num_leaves=5
num_cat=0
split_feature=7 14 7 7
split_gain=0.13374 0.335681 0.732908 1.02298
threshold=30.500000000000004 1.0000000180025095e-35 63.500000000000007 105.50000000000001
decision_type=2 2 2 2
left_child=-1 -2 -3 -4
right_child=1 2 3 -5
leaf_value=0.013965989882420093 0.01975198664650489 -0.050779605896747307 0.031605520827185082 -0.037350490020078536
leaf_weight=5.2793959043920067 4.3124546594917819 3.5836142376065228 5.1547793447971326 3.6925054490566254
leaf_count=30 30 23 34 27
internal_value=0 -0.00428781 -0.0126276 0.00282602
internal_weight=0 16.7434 12.4309 8.84728
internal_count=144 114 84 61
is_linear=0
shrinkage=0.1


Tree=99
num_leaves=5
num_cat=0
split_feature=0 0 12 12
split_gain=0.118445 0.434893 0.536187 0.116456
threshold=2.6500000000000017 1.2500000000000002 0.90000000000000013 0.55000000000000004
decision_type=2 2 2 2
left_child=1 2 3 -1
right_child=-2 -3 -4 -5
leaf_value=-0.014001790196762794 0.017037564515207531 -0.037097550299386495 0.040341525129265005 0.0058594763500465913
leaf_weight=7.1004927270114475 3.47039571404457 3.1254044845700255 3.1864682957530013 5.053238183259964
leaf_count=45 21 19 24 35
internal_value=0 -0.00309809 0.00382894 -0.00574394
internal_weight=0 18.4656 15.3402 12.1537
internal_count=144 123 104 80
is_linear=0
shrinkage=0.1


end of trees

feature_importances:
taskNum=141
s_view_position=105
scroll_time=70
response_time=61
s_scroll_speed=28
scroll_length=22
predicted_isAnswerCorrect=13
event_scroll=6
s_choice_left=6

parameters:
[boosting: gbdt]
[objective: binary]
[metric: binary_error]
[tree_learner: serial]
[device_type: cpu]
[data_sample_strategy: bagging]
[data: ]
[valid: ]
[num_iterations: 100]
[learning_rate: 0.1]
[num_leaves: 31]
[num_threads: 0]
[seed: 0]
[deterministic: 0]
[force_col_wise: 0]
[force_row_wise: 0]
[histogram_pool_size: -1]
[max_depth: -1]
[min_data_in_leaf: 20]
[min_sum_hessian_in_leaf: 0.001]
[bagging_fraction: 1]
[pos_bagging_fraction: 1]
[neg_bagging_fraction: 1]
[bagging_freq: 0]
[bagging_seed: 3]
[feature_fraction: 0.8]
[feature_fraction_bynode: 1]
[feature_fraction_seed: 2]
[extra_trees: 0]
[extra_seed: 6]
[early_stopping_round: 0]
[first_metric_only: 0]
[max_delta_step: 0]
[lambda_l1: 0]
[lambda_l2: 0]
[linear_lambda: 0]
[min_gain_to_split: 0]
[drop_rate: 0.1]
[max_drop: 50]
[skip_drop: 0.5]
[xgboost_dart_mode: 0]
[uniform_drop: 0]
[drop_seed: 4]
[top_rate: 0.2]
[other_rate: 0.1]
[min_data_per_group: 100]
[max_cat_threshold: 32]
[cat_l2: 10]
[cat_smooth: 10]
[max_cat_to_onehot: 4]
[top_k: 20]
[monotone_constraints: ]
[monotone_constraints_method: basic]
[monotone_penalty: 0]
[feature_contri: ]
[forcedsplits_filename: ]
[refit_decay_rate: 0.9]
[cegb_tradeoff: 1]
[cegb_penalty_split: 0]
[cegb_penalty_feature_lazy: ]
[cegb_penalty_feature_coupled: ]
[path_smooth: 0]
[interaction_constraints: ]
[verbosity: -1]
[saved_feature_importance_type: 0]
[use_quantized_grad: 0]
[num_grad_quant_bins: 4]
[quant_train_renew_leaf: 0]
[stochastic_rounding: 1]
[linear_tree: 0]
[max_bin: 255]
[max_bin_by_feature: ]
[min_data_in_bin: 3]
[bin_construct_sample_cnt: 200000]
[data_random_seed: 1]
[is_enable_sparse: 1]
[enable_bundle: 1]
[use_missing: 1]
[zero_as_missing: 0]
[feature_pre_filter: 0]
[pre_partition: 0]
[two_round: 0]
[header: 0]
[label_column: ]
[weight_column: ]
[group_column: ]
[ignore_column: ]
[categorical_feature: ]
[forcedbins_filename: ]
[precise_float_parser: 0]
[parser_config_file: ]
[objective_seed: 5]
[num_class: 1]
[is_unbalance: 0]
[scale_pos_weight: 1]
[sigmoid: 1]
[boost_from_average: 1]
[reg_sqrt: 0]
[alpha: 0.9]
[fair_c: 1]
[poisson_max_delta_step: 0.7]
[tweedie_variance_power: 1.5]
[lambdarank_truncation_level: 30]
[lambdarank_norm: 1]
[label_gain: ]
[lambdarank_position_bias_regularization: 0]
[eval_at: ]
[multi_error_top_k: 1]
[auc_mu_weights: ]
[num_machines: 1]
[local_listen_port: 12400]
[time_out: 120]
[machine_list_filename: ]
[machines: ]
[gpu_platform_id: -1]
[gpu_device_id: -1]
[gpu_use_dp: 0]
[num_gpu: 1]

end of parameters

pandas_categorical:[]
