tree
version=v4
num_class=1
num_tree_per_iteration=1
label_index=0
max_feature_idx=14
objective=binary sigmoid:1
feature_names=response_time s_tap_count ratio_tap_position_y scroll_length event_scroll s_scroll_speed tap_position_x taskNum tap_position_y screen_width s_view_position scroll_time ratio_tap_position_x s_choice_left screen_height
feature_infos=[0:10.399999999999981] [1:1] none [0:14300.666666666672] [0:6] [-3503.3333333333576:6900.0000000000018] none [1:128] none [390:390] [-343.99999999999989:1145.6666666666642] [-0.5:18.799999999999962] none [0:1] [844:844]
tree_sizes=639 646 648 646 644 649 646 652 646 650 654 754 754 650 649 648 653 650 651 755 651 657 655 650 651 651 650 754 752 653 658 656 659 652 553 654 653 658 658 648 548 652 653 649 650 757 652 648 758 656 650 651 655 652 650 656 654 649 656 651 656 652 651 658 654 651 651 651 649 653 649 643 550 661 552 648 643 549 652 549 652 654 654 648 653 641 754 654 655 652 659 652 653 551 653 653 549 651 656 641

Tree=0
num_leaves=5
num_cat=0
split_feature=3 3 7 11
split_gain=3.92862 1.84074 1.60912 2.66331
threshold=832.3333333333386 730.3333333333286 105.50000000000001 0.55000000000000004
decision_type=2 2 2 2
left_child=1 2 3 -1
right_child=-2 -3 -4 -5
leaf_value=0.62035193634136854 0.62407804124950672 0.47853638353763622 0.49649944928608591 0.52785389963529417
leaf_weight=4.8795776367187598 5.1119384765624991 5.8090209960937491 5.3442993164062491 8.5973510742187482
leaf_count=21 22 25 23 37
internal_value=0.544302 0.527744 0.542932 0.561345
internal_weight=0 24.6302 18.8212 13.4769
internal_count=128 106 81 58
is_linear=0
shrinkage=1


Tree=1
num_leaves=5
num_cat=0
split_feature=3 3 10 10
split_gain=3.24439 1.45865 1.29579 2.33153
threshold=832.3333333333386 730.3333333333286 450.00000000000006 348.33333333334127
decision_type=2 2 2 2
left_child=1 2 3 -1
right_child=-2 -3 -4 -5
leaf_value=0.024671422042164999 0.073534074578648037 -0.058167852661290181 0.041694207878119866 -0.057860162914239822
leaf_weight=6.7383276522159665 4.9974109828472129 5.905418097972869 5.1244835704565039 6.9569626450538635
leaf_count=29 22 25 22 30
internal_value=0 -0.014808 -0.00120222 -0.0172531
internal_weight=0 24.7252 18.8198 13.6953
internal_count=128 106 81 59
is_linear=0
shrinkage=0.1


Tree=2
num_leaves=5
num_cat=0
split_feature=3 10 11 10
split_gain=2.68233 1.16306 2.5157 2.02192
threshold=832.3333333333386 348.33333333334127 2.4000000000000008 450.00000000000006
decision_type=2 2 2 2
left_child=1 -1 3 -3
right_child=-2 2 -4 -5
leaf_value=0.022360914403388207 0.067836849455598064 -0.035778346707450358 -0.088912269248672043 0.043730891869554693
leaf_weight=6.6935807168483796 4.8815964460372916 8.0509334951639193 4.7518407553434363 5.3064602464437476
leaf_count=29 22 34 20 23
internal_value=0 -0.0132572 -0.0264224 -0.0041919
internal_weight=0 24.8028 18.1092 13.3574
internal_count=128 106 77 57
is_linear=0
shrinkage=0.1


Tree=3
num_leaves=5
num_cat=0
split_feature=3 7 7 0
split_gain=2.21899 1.26684 2.61773 2.84462
threshold=832.3333333333386 30.500000000000004 63.500000000000007 0.15000000000000005
decision_type=2 2 2 2
left_child=1 -1 -3 -4
right_child=-2 2 3 -5
leaf_value=0.031792921489302677 0.062601882854614418 -0.074439644005035485 -0.035203612870154916 0.060735686928229643
leaf_weight=5.2401788234710756 4.7669765055179587 6.6707012951374081 7.8255973756313306 5.1076651811599731
leaf_count=22 22 28 34 22
internal_value=0 -0.0118835 -0.0235583 0.00268519
internal_weight=0 24.8441 19.604 12.9333
internal_count=128 106 84 56
is_linear=0
shrinkage=0.1


Tree=4
num_leaves=5
num_cat=0
split_feature=3 7 7 7
split_gain=1.83533 1.0247 2.13669 1.813
threshold=832.3333333333386 30.500000000000004 57.500000000000007 105.50000000000001
decision_type=2 2 2 2
left_child=1 -1 -3 -4
right_child=-2 2 3 -5
leaf_value=0.028824156866664532 0.057767216518405107 -0.075321866927375705 0.026226116073752487 -0.047239696905429028
leaf_weight=5.2038860470056596 4.6553427278995505 5.3041941225528744 9.0413366407155973 5.3449333161115637
leaf_count=22 22 22 39 23
internal_value=0 -0.0106409 -0.0210709 -0.00106865
internal_weight=0 24.8944 19.6905 14.3863
internal_count=128 106 84 62
is_linear=0
shrinkage=0.1


Tree=5
num_leaves=5
num_cat=0
split_feature=3 10 11 10
split_gain=1.51828 1.00862 1.85466 1.6738
threshold=832.3333333333386 348.33333333334127 2.4000000000000008 450.00000000000006
decision_type=2 2 2 2
left_child=1 -1 3 -3
right_child=-2 2 -4 -5
leaf_value=0.023617993480323111 0.053285959792466892 -0.031013352467920703 -0.074676545551586898 0.041430995825871703
leaf_weight=6.7047989517450395 4.5479503571987143 8.1074240654706973 4.8557042926549903 5.257470726966857
leaf_count=29 22 34 20 23
internal_value=0 -0.00954326 -0.0217459 -0.00251526
internal_weight=0 24.9254 18.2206 13.3649
internal_count=128 106 77 57
is_linear=0
shrinkage=0.1


Tree=6
num_leaves=5
num_cat=0
split_feature=7 7 0 0
split_gain=1.47448 1.64822 4.09254 1.62756
threshold=30.500000000000004 72.500000000000014 0.15000000000000005 1.3500000000000003
decision_type=2 2 2 2
left_child=-1 3 -3 -2
right_child=1 2 -4 -5
leaf_value=0.040905002333413362 -0.084007517413378752 -0.03249598243389458 0.084954159918963476 -0.0029644047634675083
leaf_weight=6.8196975737810162 4.8589346557855624 7.867155119776724 4.7629280090332031 5.0570822507143021
leaf_count=30 21 34 22 21
internal_value=0 -0.0121617 0.0117956 -0.0426762
internal_weight=0 22.5461 12.6301 9.91602
internal_count=128 98 56 42
is_linear=0
shrinkage=0.1


Tree=7
num_leaves=5
num_cat=0
split_feature=10 10 11 0
split_gain=1.41996 3.1767 1.02433 0.790333
threshold=631.49999999999693 450.00000000000006 0.55000000000000004 1.0500000000000003
decision_type=2 2 2 2
left_child=1 2 -1 -4
right_child=-2 -3 3 -5
leaf_value=-0.038358919432973496 -0.051482599368569186 0.084901296659400688 0.037690678137804523 -0.011844647056286271
leaf_weight=7.0037572681903937 4.5010732412338248 4.5668633729219428 5.5490663349628431 7.6769688427448273
leaf_count=30 21 21 24 32
internal_value=0 0.00956956 -0.00743653 0.00893821
internal_weight=0 24.7967 20.2298 13.226
internal_count=128 107 86 56
is_linear=0
shrinkage=0.1


Tree=8
num_leaves=5
num_cat=0
split_feature=7 7 7 0
split_gain=1.32807 1.81705 2.24622 1.32398
threshold=105.50000000000001 72.500000000000014 30.500000000000004 1.3500000000000003
decision_type=2 2 2 2
left_child=1 2 -1 -4
right_child=-2 -3 3 -5
leaf_value=0.036964343594705816 -0.044823880080748779 0.052315166845175655 -0.074603946994167544 -0.0018763645638851297
leaf_weight=6.7133535891771414 5.35220943391323 7.1919455081224433 4.9457370638847333 5.0683075040578842
leaf_count=30 23 33 21 21
internal_value=0 0.0102813 -0.00779122 -0.0377951
internal_weight=0 23.9193 16.7274 10.014
internal_count=128 105 72 42
is_linear=0
shrinkage=0.1


Tree=9
num_leaves=5
num_cat=0
split_feature=10 10 10 3
split_gain=1.13572 2.65639 0.972554 1.51349
threshold=631.49999999999693 450.00000000000006 348.33333333334127 699.33333333333223
decision_type=2 2 2 2
left_child=1 2 -1 -4
right_child=-2 -3 3 -5
leaf_value=0.024524215270220456 -0.045559394438242889 0.078921025107345166 -0.05668108847571679 0.010297692755804649
leaf_weight=6.6912808418274023 4.5714895576238623 4.4215061068534842 6.5334910899400693 6.9757501780986786
leaf_count=29 21 21 27 30
internal_value=0 0.00871402 -0.00665294 -0.0220953
internal_weight=0 24.622 20.2005 13.5092
internal_count=128 107 86 57
is_linear=0
shrinkage=0.1


Tree=10
num_leaves=5
num_cat=0
split_feature=7 4 11 7
split_gain=1.1569 1.48062 1.34086 0.0106527
threshold=105.50000000000001 1.0000000180025095e-35 1.5000000000000002 39.500000000000007
decision_type=2 2 2 2
left_child=1 -1 -3 -4
right_child=-2 2 3 -5
leaf_value=0.043775315819875774 -0.041651801369393907 -0.044535708274512371 0.019116539575459193 0.012317506399966044
leaf_weight=8.2997228652238899 5.3786619603633872 6.2078708410263053 4.4050203710794431 4.8325129598379135
leaf_count=38 23 27 20 20
internal_value=0 0.00971081 -0.00859406 0.0155597
internal_weight=0 23.7451 15.4454 9.23753
internal_count=128 105 67 40
is_linear=0
shrinkage=0.1


Tree=11
num_leaves=6
num_cat=0
split_feature=0 0 0 7 10
split_gain=1.00031 2.47427 1.85675 1.79582 0.305975
threshold=2.6500000000000017 1.0500000000000003 0.25000000000000006 63.500000000000007 357.33333333333218
decision_type=2 2 2 2 2
left_child=1 2 4 -4 -1
right_child=-2 -3 3 -5 -6
leaf_value=-0.0049177404609367656 0.041751553850856084 -0.067390797585946002 -0.0027247377040680761 0.08462495415276626 -0.041061128049753544
leaf_weight=4.8566138148307889 4.8353347182273856 5.4493228793144217 4.7551021724939329 4.6604284048080444 4.5240661799907684
leaf_count=21 21 23 21 22 20
internal_value=0 -0.00806123 0.00913936 0.040511 -0.0223488
internal_weight=0 24.2455 18.7962 9.41553 9.38068
internal_count=128 107 84 43 41
is_linear=0
shrinkage=0.1


Tree=12
num_leaves=6
num_cat=0
split_feature=10 7 11 0 5
split_gain=0.914759 1.62151 3.68316 2.68336 2.23535
threshold=631.49999999999693 72.500000000000014 1.0000000180025095e-35 2.6500000000000017 279.75243147657073
decision_type=2 2 2 2 2
left_child=1 3 -3 4 -1
right_child=-2 2 -4 -5 -6
leaf_value=-0.090634047054564182 -0.040591939371818417 -0.01894153683362771 0.10553961784810327 0.051390576573870542 0.0026418830131086919
leaf_weight=4.8150795549154335 4.6149987876415244 5.0070195794105512 4.525016650557518 4.5391565114259711 5.5084722489118576
leaf_count=20 21 22 21 20 24
internal_value=0 0.00795829 0.0401517 -0.0126886 -0.0408636
internal_weight=0 24.3947 9.53204 14.8627 10.3236
internal_count=128 107 43 64 44
is_linear=0
shrinkage=0.1


Tree=13
num_leaves=5
num_cat=0
split_feature=7 11 11 5
split_gain=0.925449 1.3289 1.53916 2.64002
threshold=105.50000000000001 0.40000000000000013 1.0500000000000003 279.75243147657073
decision_type=2 2 2 2
left_child=1 -1 -3 -4
right_child=-2 2 3 -5
leaf_value=0.05146559536225024 -0.037025599843031012 -0.050161334863625319 -0.022417528291222729 0.070897704139753423
leaf_weight=5.5791416317224565 5.4104370027780524 5.2156186401844051 7.6920325160026533 5.0042371898889542
leaf_count=25 23 23 33 24
internal_value=0 0.00884866 -0.00442554 0.0143627
internal_weight=0 23.491 17.9119 12.6963
internal_count=128 105 80 57
is_linear=0
shrinkage=0.1


Tree=14
num_leaves=5
num_cat=0
split_feature=7 10 7 10
split_gain=0.844332 0.814745 1.88655 1.89479
threshold=30.500000000000004 600.83333333333951 66.500000000000014 350.33333333333036
decision_type=2 2 2 2
left_child=-1 2 -2 -4
right_child=1 -3 3 -5
leaf_value=0.031850264407783387 -0.038247794455982441 -0.04451983974110308 -0.013073009060202598 0.073278162925732929
leaf_weight=6.5435446649789837 7.1056209802627626 5.0080928951501837 5.2271364480257017 4.945164680480957
leaf_count=30 29 23 23 23
internal_value=0 -0.00900545 0.00128857 0.0289058
internal_weight=0 22.286 17.2779 10.1723
internal_count=128 98 75 46
is_linear=0
shrinkage=0.1


Tree=15
num_leaves=5
num_cat=0
split_feature=0 7 5 7
split_gain=0.766642 2.16581 1.18191 0.327482
threshold=0.15000000000000005 72.500000000000014 193.60504920838693 36.500000000000007
decision_type=2 2 2 2
left_child=-1 2 -2 -4
right_child=1 -3 3 -5
leaf_value=-0.026007641460139265 0.023799525895095305 0.073086018697311017 -0.050207180342142312 -0.012230000388624811
leaf_weight=8.0105581581592578 7.2762928009033265 4.3561704754829398 4.3227536976337415 4.7829443514347076
leaf_count=35 31 22 20 20
internal_value=0 0.0104165 -0.0062481 -0.0302589
internal_weight=0 20.7382 16.382 9.1057
internal_count=128 93 71 40
is_linear=0
shrinkage=0.1


Tree=16
num_leaves=5
num_cat=0
split_feature=7 11 11 5
split_gain=0.760115 0.971476 1.16617 2.27368
threshold=105.50000000000001 0.40000000000000013 1.0500000000000003 279.75243147657073
decision_type=2 2 2 2
left_child=1 -1 -3 -4
right_child=-2 2 3 -5
leaf_value=0.045096743572795035 -0.033431314156395109 -0.042617277854241978 -0.020460314777616572 0.066866151418341485
leaf_weight=5.444766238331801 5.4278471022844306 5.2753893285989788 7.6867737770080549 4.8707863241434097
leaf_count=25 23 23 33 24
internal_value=0 0.00812517 -0.00316301 0.0134116
internal_weight=0 23.2777 17.8329 12.5576
internal_count=128 105 80 57
is_linear=0
shrinkage=0.1


Tree=17
num_leaves=5
num_cat=0
split_feature=7 10 7 10
split_gain=0.738882 0.7461 1.65149 1.43183
threshold=30.500000000000004 600.83333333333951 72.500000000000014 350.33333333333036
decision_type=2 2 2 2
left_child=-1 2 -2 -4
right_child=1 -3 3 -5
leaf_value=0.029931279736653785 -0.030595904009673543 -0.042418118040337897 -0.0055572602105810956 0.075200072632054193
leaf_weight=6.4922085255384472 8.2828671187162453 5.0006876289844504 4.7780780196189863 4.0618312805891037
leaf_count=30 34 23 21 20
internal_value=0 -0.0084365 0.00148779 0.0315498
internal_weight=0 22.1235 17.1228 8.83991
internal_count=128 98 75 41
is_linear=0
shrinkage=0.1


Tree=18
num_leaves=5
num_cat=0
split_feature=0 0 11 10
split_gain=0.66155 1.5119 1.59981 0.614194
threshold=2.6500000000000017 1.0500000000000003 0.90000000000000013 386.33333333333377
decision_type=2 2 2 2
left_child=1 2 3 -1
right_child=-2 -3 -4 -5
leaf_value=-0.027514797342838605 0.034596383438997375 -0.052360765468898042 0.06170347040079649 0.014400186902593494
leaf_weight=7.8004215657711118 4.6902452409267417 5.5208672434091559 4.1780924499034873 6.3352894634008408
leaf_count=34 21 23 21 29
internal_value=0 -0.00648936 0.00733901 -0.0087295
internal_weight=0 23.8347 18.3138 14.1357
internal_count=128 107 84 63
is_linear=0
shrinkage=0.1


Tree=19
num_leaves=6
num_cat=0
split_feature=7 10 11 5 3
split_gain=0.614628 0.850122 1.72143 0.92095 0.897695
threshold=105.50000000000001 379.83333333333582 2.0500000000000003 102.95752895752945 771.16666666667118
decision_type=2 2 2 2 2
left_child=1 3 4 -1 -3
right_child=-2 2 -4 -5 -6
leaf_value=-0.0011388860706500407 -0.029959622390838658 -0.017368746334461328 -0.059726260111255175 0.062962393655927415 0.043896551512686149
leaf_weight=4.4074900299310737 5.4432463347911826 4.4265240281820279 4.4067053049802771 4.5603711679577827 5.2026840597391129
leaf_count=20 23 20 20 20 25
internal_value=0 0.00740804 -0.00795811 0.0314581 0.015733
internal_weight=0 23.0038 14.0359 8.96786 9.62921
internal_count=128 105 65 40 45
is_linear=0
shrinkage=0.1


Tree=20
num_leaves=5
num_cat=0
split_feature=10 11 0 10
split_gain=0.58655 1.19749 1.56578 0.57276
threshold=348.33333333334127 2.4000000000000008 0.65000000000000002 450.00000000000006
decision_type=2 2 2 2
left_child=-1 2 3 -2
right_child=1 -3 -4 -5
leaf_value=0.02643467956091404 -0.041640465444212071 -0.04668358028766436 0.048421852365094345 0.0054578107525877356
leaf_weight=6.5767583698034313 4.8910281881690079 5.7756670266389838 5.7154992371797553 5.4694031327962875
leaf_count=29 23 25 25 26
internal_value=0 -0.00762816 0.00640345 -0.0167767
internal_weight=0 21.8516 16.0759 10.3604
internal_count=128 99 74 49
is_linear=0
shrinkage=0.1


Tree=21
num_leaves=5
num_cat=0
split_feature=7 11 4 11
split_gain=0.634968 0.727605 1.7472 1.81727
threshold=30.500000000000004 1.5000000000000002 1.0000000180025095e-35 1.0000000180025095e-35
decision_type=2 2 2 2
left_child=-1 2 3 -2
right_child=1 -3 -4 -5
leaf_value=0.027952172053326604 -0.036878840391778085 0.020982455310770677 -0.072542726336212657 0.043376445985045031
leaf_weight=6.4047124087810543 5.8918331563472766 6.2697850316762915 4.4290393888950339 5.4141703248023987
leaf_count=30 26 28 19 25
internal_value=0 -0.00782445 -0.0193028 0.00155347
internal_weight=0 22.0048 15.735 11.306
internal_count=128 98 70 51
is_linear=0
shrinkage=0.1


Tree=22
num_leaves=5
num_cat=0
split_feature=0 0 11 10
split_gain=0.545221 1.34446 1.20326 0.467198
threshold=2.6500000000000017 1.0500000000000003 0.90000000000000013 386.33333333333377
decision_type=2 2 2 2
left_child=1 2 3 -1
right_child=-2 -3 -4 -5
leaf_value=-0.022817921254930804 0.031622714628307368 -0.049153992590019374 0.055344543846915728 0.013717262008783641
leaf_weight=7.8462616503238767 4.6306067258119574 5.5134923160076132 4.0407643169164649 6.3187946528196335
leaf_count=34 21 23 21 29
internal_value=0 -0.00589118 0.00721063 -0.00652019
internal_weight=0 23.7193 18.2058 14.1651
internal_count=128 107 84 63
is_linear=0
shrinkage=0.1


Tree=23
num_leaves=5
num_cat=0
split_feature=10 11 0 5
split_gain=0.557287 1.07478 1.52588 1.81582
threshold=348.33333333334127 2.4000000000000008 0.25000000000000006 781.33333333333405
decision_type=2 2 2 2
left_child=-1 2 -2 -4
right_child=1 -3 3 -5
leaf_value=0.025858120185957751 -0.040415136628175231 -0.044488197430219749 0.063605260603347022 -0.017778118379052441
leaf_weight=6.5248285681009319 4.9236142337322262 5.762615203857421 6.0155535340309125 5.0373261272907257
leaf_count=29 22 25 27 25
internal_value=0 -0.00746536 0.00588853 0.026515
internal_weight=0 21.7391 15.9765 11.0529
internal_count=128 99 74 52
is_linear=0
shrinkage=0.1


Tree=24
num_leaves=5
num_cat=0
split_feature=7 10 7 10
split_gain=0.509775 0.685866 1.54364 1.29556
threshold=30.500000000000004 600.83333333333951 72.500000000000014 350.33333333333036
decision_type=2 2 2 2
left_child=-1 2 -2 -4
right_child=1 -3 3 -5
leaf_value=0.02528210930762009 -0.028538757242990948 -0.039537536576164559 -0.0032061227618100877 0.07416509424482004
leaf_weight=6.3058394938707378 8.1972535848617607 4.9963591545820227 4.7719857245683652 3.9602929428219795
leaf_count=30 34 23 21 20
internal_value=0 -0.00698112 0.00262715 0.0318835
internal_weight=0 21.9259 16.9295 8.73228
internal_count=128 98 75 41
is_linear=0
shrinkage=0.1


Tree=25
num_leaves=5
num_cat=0
split_feature=0 7 5 7
split_gain=0.513645 1.72836 1.02895 0.501838
threshold=0.15000000000000005 72.500000000000014 193.60504920838693 36.500000000000007
decision_type=2 2 2 2
left_child=-1 2 -2 -4
right_child=1 -3 3 -5
leaf_value=-0.021192848108432666 0.022267693419270179 0.06689006974564507 -0.053944498145853427 -0.006393144258094648
leaf_weight=8.0099697858095187 7.1394756883382859 4.0771011710166922 4.1772874146699888 4.7353013008832932
leaf_count=35 31 22 20 20
internal_value=0 0.00874761 -0.00602013 -0.0286802
internal_weight=0 20.1292 16.0521 8.91259
internal_count=128 93 71 40
is_linear=0
shrinkage=0.1


Tree=26
num_leaves=5
num_cat=0
split_feature=7 10 11 3
split_gain=0.510798 1.00691 1.16425 1.08555
threshold=105.50000000000001 348.33333333334127 2.4000000000000008 771.16666666667118
decision_type=2 2 2 2
left_child=1 -1 3 -3
right_child=-2 2 -4 -5
leaf_value=0.052237691612891636 -0.027365979123780942 -0.011404340108054939 -0.040286228802479104 0.047230246675211224
leaf_weight=4.0161040723323884 5.415948510169982 7.3587325811386126 5.7717145532369605 5.5305672064423561
leaf_count=19 23 33 25 28
internal_value=0 0.00681568 -0.00295976 0.0137547
internal_weight=0 22.6771 18.661 12.8893
internal_count=128 105 86 61
is_linear=0
shrinkage=0.1


Tree=27
num_leaves=6
num_cat=0
split_feature=0 7 7 0 7
split_gain=0.518209 1.18633 1.43606 1.16453 0.516027
threshold=2.6500000000000017 30.500000000000004 63.500000000000007 0.25000000000000006 108.50000000000001
decision_type=2 2 2 2 2
left_child=1 -1 -3 4 -4
right_child=-2 2 3 -5 -6
leaf_value=0.046696715447775622 0.031020176804268568 -0.056699689016567571 -0.043066238598660288 0.042404116129301381 0.0044585216858165095
leaf_weight=3.6381202042102876 4.5713265240192404 5.9136132597923305 4.4551246017217618 4.7346959561109534 4.6897658258676529
leaf_count=17 21 25 20 25 20
internal_value=0 -0.00578701 -0.0154339 0.00214809 -0.0186942
internal_weight=0 23.4313 19.7932 13.8796 9.14489
internal_count=128 107 90 65 40
is_linear=0
shrinkage=0.1


Tree=28
num_leaves=6
num_cat=0
split_feature=10 7 0 5 10
split_gain=0.479126 1.21754 1.65774 1.39468 0.588795
threshold=631.49999999999693 72.500000000000014 2.6500000000000017 279.75243147657073 334.33333333333263
decision_type=2 2 2 2 2
left_child=1 2 3 -1 -3
right_child=-2 4 -4 -5 -6
leaf_value=-0.073541087706040342 -0.029186402407294167 0.0088615980186097214 0.040043657270232111 0.0011056325141686064 0.060179469126568401
leaf_weight=4.7542451769113594 4.6230121254920951 4.3888414204120618 4.2866556346416465 5.2856972366571426 4.5574053749442101
leaf_count=20 21 19 20 24 24
internal_value=0 0.0060594 -0.0120151 -0.0342421 0.035004
internal_weight=0 23.2728 14.3266 10.0399 8.94625
internal_count=128 107 64 44 43
is_linear=0
shrinkage=0.1


Tree=29
num_leaves=5
num_cat=0
split_feature=7 10 11 0
split_gain=0.465438 0.917972 0.953322 1.03515
threshold=105.50000000000001 348.33333333334127 2.4000000000000008 0.65000000000000002
decision_type=2 2 2 2
left_child=1 -1 3 -3
right_child=-2 2 -4 -5
leaf_value=0.050423703813627298 -0.026112966820995717 -0.012759234345389526 -0.036703954624577005 0.044752979640219466
leaf_weight=3.9354326426982942 5.4067355692386618 7.1336062029004115 5.714867651462554 5.575611338019371
leaf_count=19 23 36 25 25
internal_value=0 0.00658273 -0.00278181 0.0124717
internal_weight=0 22.3595 18.4241 12.7092
internal_count=128 105 86 61
is_linear=0
shrinkage=0.1


Tree=30
num_leaves=5
num_cat=0
split_feature=11 10 4 11
split_gain=0.398931 1.49761 0.789724 1.4708
threshold=1.5000000000000002 379.83333333333582 1.0000000180025095e-35 1.0000000180025095e-35
decision_type=2 2 2 2
left_child=2 -2 3 -1
right_child=1 -3 -4 -5
leaf_value=-0.02744419450750607 0.061527189576492995 -0.016506820678152203 -0.038012238945191568 0.044146810973828922
leaf_weight=6.0487679988145882 4.2184626385569555 5.8980551138520241 6.0889444053173056 5.4601312875747681
leaf_count=27 20 28 27 26
internal_value=0 0.0160324 -0.00888805 0.0065205
internal_weight=0 10.1165 17.5978 11.5089
internal_count=128 48 80 53
is_linear=0
shrinkage=0.1


Tree=31
num_leaves=5
num_cat=0
split_feature=7 11 0 11
split_gain=0.392754 0.894268 0.992718 1.01102
threshold=105.50000000000001 0.40000000000000013 0.65000000000000002 2.4000000000000008
decision_type=2 2 2 2
left_child=1 -1 -3 -4
right_child=-2 2 3 -5
leaf_value=0.041950757528321128 -0.023994351329087449 -0.039988908383435252 0.045439887931948343 -0.014430425879688485
leaf_weight=5.2949822843074861 5.3987290263175955 5.5136471092700985 4.9963463544845563 6.4769535809755325
leaf_count=25 23 28 23 29
internal_value=0 0.00606824 -0.00511666 0.0116417
internal_weight=0 22.2819 16.9869 11.4733
internal_count=128 105 80 52
is_linear=0
shrinkage=0.1


Tree=32
num_leaves=5
num_cat=0
split_feature=7 11 4 11
split_gain=0.392201 0.629795 1.33013 1.33292
threshold=30.500000000000004 1.5000000000000002 1.0000000180025095e-35 1.0000000180025095e-35
decision_type=2 2 2 2
left_child=-1 2 3 -2
right_child=1 -3 -4 -5
leaf_value=0.022421802962175674 -0.031093358201206261 0.021324213949087414 -0.063145647066754171 0.03848061759569029
leaf_weight=6.1703115254640606 5.8394378572702426 5.9988021031022063 4.4289809167385092 5.2109569907188416
leaf_count=30 26 28 19 25
internal_value=0 -0.00618293 -0.0168429 0.00171515
internal_weight=0 21.4782 15.4794 11.0504
internal_count=128 98 70 51
is_linear=0
shrinkage=0.1


Tree=33
num_leaves=5
num_cat=0
split_feature=10 10 10 3
split_gain=0.397494 0.684326 1.599 0.978118
threshold=348.33333333334127 450.00000000000006 631.49999999999693 491.66666666666703
decision_type=2 2 2 2
left_child=-1 3 -3 -2
right_child=1 2 -4 -5
leaf_value=0.022316488564689548 -0.058766204054038963 0.062519743446372913 -0.024136143458134404 -0.00066348015934770553
leaf_weight=6.2741147503256824 4.4620329588651684 3.9248064011335355 4.6548276394605637 8.262284040451048
leaf_count=29 19 21 21 38
internal_value=0 -0.00632138 0.0155051 -0.0210383
internal_weight=0 21.304 8.57963 12.7243
internal_count=128 99 42 57
is_linear=0
shrinkage=0.1


Tree=34
num_leaves=4
num_cat=0
split_feature=0 4 5
split_gain=0.391863 0.963551 1.0731
threshold=0.15000000000000005 1.0000000180025095e-35 228.64923747276717
decision_type=2 2 2
left_child=-1 -2 -3
right_child=1 2 -4
leaf_value=-0.018568233743517733 0.046409157207254491 0.023680297915734023 -0.030450268978105655
leaf_weight=7.9229940474033382 4.8570079356431988 6.9205280691385251 7.7788495495915413
leaf_count=35 26 31 36
internal_value=0 0.00779396 -0.00496537
internal_weight=0 19.5564 14.6994
internal_count=128 93 67
is_linear=0
shrinkage=0.1


Tree=35
num_leaves=5
num_cat=0
split_feature=7 11 0 5
split_gain=0.35077 0.84201 0.772426 1.16826
threshold=105.50000000000001 0.40000000000000013 0.55000000000000016 279.75243147657073
decision_type=2 2 2 2
left_child=1 -1 -3 -4
right_child=-2 2 3 -5
leaf_value=0.040716199826765838 -0.022817416243575514 -0.040500745549080404 -0.017418070108719735 0.045359942361214128
leaf_weight=5.2491477280855241 5.3390839397907248 4.5223945751786259 7.3751238137483579 4.9565346390008926
leaf_count=25 23 23 33 24
internal_value=0 0.00574273 -0.00514966 0.00781466
internal_weight=0 22.1032 16.8541 12.3317
internal_count=128 105 80 57
is_linear=0
shrinkage=0.1


Tree=36
num_leaves=5
num_cat=0
split_feature=10 11 3 10
split_gain=0.371614 0.605177 1.37985 1.76946
threshold=348.33333333334127 2.4000000000000008 771.16666666667118 450.00000000000006
decision_type=2 2 2 2
left_child=-1 2 3 -2
right_child=1 -3 -4 -5
leaf_value=0.021619105751770104 -0.055751797653140568 -0.033930306800796992 0.045248548853359223 0.028346934570976531
leaf_weight=6.2443820759654072 5.5147898048162478 5.7191717475652686 5.3422619476914397 4.5792999416589737
leaf_count=29 24 25 28 22
internal_value=0 -0.00614374 0.00415119 -0.0175994
internal_weight=0 21.1555 15.4364 10.0941
internal_count=128 99 74 46
is_linear=0
shrinkage=0.1


Tree=37
num_leaves=5
num_cat=0
split_feature=7 11 4 11
split_gain=0.349037 0.624972 1.06571 1.04504
threshold=30.500000000000004 1.5000000000000002 1.0000000180025095e-35 1.0000000180025095e-35
decision_type=2 2 2 2
left_child=-1 2 3 -2
right_child=1 -3 -4 -5
leaf_value=0.021290325421119291 -0.028612628978497673 0.021725699797353545 -0.05778442873233687 0.033584576875143476
leaf_weight=6.0870660915970829 5.8028960824012774 5.9168608188629142 4.4458683282136908 5.0543290004134178
leaf_count=30 26 28 19 25
internal_value=0 -0.00587384 -0.0165451 0.000341836
internal_weight=0 21.22 15.3031 10.8572
internal_count=128 98 70 51
is_linear=0
shrinkage=0.1


Tree=38
num_leaves=5
num_cat=0
split_feature=7 11 0 5
split_gain=0.332931 0.789086 0.862652 1.15228
threshold=105.50000000000001 1.0000000180025095e-35 0.55000000000000016 279.75243147657073
decision_type=2 2 2 2
left_child=1 -1 -3 -4
right_child=-2 2 3 -5
leaf_value=0.043294239412267489 -0.022310012753879074 -0.038729448987495162 -0.014975427550043805 0.046994126900620631
leaf_weight=4.4334442764520707 5.3034920245409003 5.0639994069933918 7.3763702809810621 5.0580365732312202
leaf_count=21 23 26 33 25
internal_value=0 0.00561058 -0.00393706 0.0102324
internal_weight=0 21.9319 17.4984 12.4344
internal_count=128 105 84 58
is_linear=0
shrinkage=0.1


Tree=39
num_leaves=5
num_cat=0
split_feature=10 5 7 10
split_gain=0.348615 1.31988 0.932048 1.27491
threshold=379.83333333333582 102.95752895752945 36.500000000000007 624.49999999999829
decision_type=2 2 2 2
left_child=1 -1 -2 -4
right_child=2 -3 3 -5
leaf_value=-0.01330990861129815 -0.043707207756962116 0.05767565068211649 0.035644244100149762 -0.034365737477228063
leaf_weight=6.8556799441576022 5.2722467407584217 4.2389501184225082 6.4848288819193822 4.3431851267814636
leaf_count=31 26 20 31 20
internal_value=0 0.0138117 -0.00922626 0.0075628
internal_weight=0 11.0946 16.1003 10.828
internal_count=128 51 77 51
is_linear=0
shrinkage=0.1


Tree=40
num_leaves=4
num_cat=0
split_feature=10 0 0
split_gain=0.34491 0.581593 1.28025
threshold=348.33333333334127 0.25000000000000006 1.0500000000000003
decision_type=2 2 2
left_child=-1 -2 -3
right_child=1 2 -4
leaf_value=0.020919874228319549 -0.03663905746439336 0.032847649169134518 -0.023399816733166448
leaf_weight=6.1889902651309994 4.7701644897460964 7.6452500820159939 8.5967940464615804
leaf_count=29 22 39 38
internal_value=0 -0.00593984 0.00307628
internal_weight=0 21.0122 16.242
internal_count=128 99 77
is_linear=0
shrinkage=0.1


Tree=41
num_leaves=5
num_cat=0
split_feature=7 7 0 7
split_gain=0.330785 0.523979 0.638398 0.564587
threshold=30.500000000000004 96.500000000000014 1.3500000000000003 72.500000000000014
decision_type=2 2 2 2
left_child=-1 2 3 -2
right_child=1 -3 -4 -5
leaf_value=0.020765517830848877 -0.055580305839181332 0.016908839549729281 0.01301988082285899 -0.0066238149394125204
leaf_weight=6.0556988343596485 4.8515551090240496 6.8790265247225753 4.7901068031787863 4.5789092257618904
leaf_count=30 21 32 21 24
internal_value=0 -0.00574882 -0.0167092 -0.0318098
internal_weight=0 21.0996 14.2206 9.43046
internal_count=128 98 66 45
is_linear=0
shrinkage=0.1


Tree=42
num_leaves=5
num_cat=0
split_feature=0 0 11 7
split_gain=0.286562 0.921811 0.880177 0.976482
threshold=2.6500000000000017 1.0500000000000003 0.55000000000000004 69.500000000000014
decision_type=2 2 2 2
left_child=1 2 -1 -4
right_child=-2 -3 3 -5
leaf_value=-0.017956009319915402 0.02362922794510202 -0.040576653909367544 0.067928943045416773 0.0020761599085949317
leaf_weight=7.854227118194113 4.3628920987248412 5.3669553995132437 3.6453174501657468 5.8900209069252014
leaf_count=36 21 23 18 30
internal_value=0 -0.00434831 0.00683287 0.0272514
internal_weight=0 22.7565 17.3896 9.53534
internal_count=128 107 84 48
is_linear=0
shrinkage=0.1


Tree=43
num_leaves=5
num_cat=0
split_feature=5 7 7 10
split_gain=0.325005 1.06392 1.05359 0.520305
threshold=193.60504920838693 51.500000000000007 36.500000000000007 348.33333333334127
decision_type=2 2 2 2
left_child=1 -1 -2 -3
right_child=2 3 -4 -5
leaf_value=0.047515153854704451 -0.053775714700081682 0.018609590696677572 0.01224445447708584 -0.024088815683714154
leaf_weight=4.9680027365684571 4.0195666626095754 4.6663585007190687 6.0638376399874687 7.3474811166524887
leaf_count=23 20 21 30 34
internal_value=0 0.00859167 -0.0140733 -0.0075041
internal_weight=0 16.9818 10.0834 12.0138
internal_count=128 78 50 55
is_linear=0
shrinkage=0.1


Tree=44
num_leaves=5
num_cat=0
split_feature=10 10 10 5
split_gain=0.287536 1.23702 0.846665 1.12173
threshold=450.00000000000006 631.49999999999693 379.83333333333582 102.95752895752945
decision_type=2 2 2 2
left_child=2 -2 3 -1
right_child=1 -3 -4 -5
leaf_value=-0.013873661680989136 0.058032795549471633 -0.019179715543765304 -0.032146559043866367 0.052083371938431801
leaf_weight=6.8097620457410866 3.769289053976534 4.6158662885427475 7.7124513089656821 4.1497887894511223
leaf_count=31 21 21 35 20
internal_value=0 0.0155288 -0.00676254 0.0111007
internal_weight=0 8.38516 18.672 10.9596
internal_count=128 42 86 51
is_linear=0
shrinkage=0.1


Tree=45
num_leaves=6
num_cat=0
split_feature=0 3 10 10 7
split_gain=0.264061 0.737812 0.475958 0.356687 0.0724594
threshold=1.0500000000000003 771.16666666667118 382.33333333333036 450.00000000000006 87.500000000000014
decision_type=2 2 2 2 2
left_child=1 3 -2 4 -1
right_child=2 -3 -4 -5 -6
leaf_value=-0.0057813019761602386 0.01025326182998087 0.043737693723044174 -0.034279760714906959 0.019645832531962004 -0.023934176437666457
leaf_weight=4.0509163886308723 4.5700559169054014 4.2475973442196837 5.0541311502456665 4.2353023737668982 4.809614472091198
leaf_count=19 21 23 23 21 21
internal_value=0 0.00752172 -0.0131332 -0.00422483 -0.0156349
internal_weight=0 17.3434 9.62419 13.0958 8.86053
internal_count=128 84 44 61 40
is_linear=0
shrinkage=0.1


Tree=46
num_leaves=5
num_cat=0
split_feature=5 7 7 10
split_gain=0.271179 0.860583 0.857029 0.516658
threshold=193.60504920838693 51.500000000000007 36.500000000000007 348.33333333334127
decision_type=2 2 2 2
left_child=1 -1 -2 -3
right_child=2 3 -4 -5
leaf_value=0.043141437782092534 -0.048495018314070382 0.019434790693452351 0.01107750641895907 -0.023175587328175425
leaf_weight=4.9098132252693238 4.0375449955463392 4.6613658145070058 6.0090174600481987 7.3050440400838852
leaf_count=23 20 21 30 34
internal_value=0 0.00788745 -0.0128637 -0.00657725
internal_weight=0 16.8762 10.0466 11.9664
internal_count=128 78 50 55
is_linear=0
shrinkage=0.1


Tree=47
num_leaves=5
num_cat=0
split_feature=7 7 0 7
split_gain=0.276352 0.504056 0.530813 0.628962
threshold=96.500000000000014 30.500000000000004 1.2500000000000002 72.500000000000014
decision_type=2 2 2 2
left_child=1 -1 3 -3
right_child=-2 2 -4 -5
leaf_value=0.018690408696851235 0.017514767075450424 -0.058222352457834581 0.0092402028392824572 -0.0050572399033877793
leaf_weight=5.93390321731568 6.830515816807746 4.327655762434004 5.2337758988142005 4.5803491249680519
leaf_count=30 32 19 23 24
internal_value=0 -0.00577126 -0.0160354 -0.0308857
internal_weight=0 20.0757 14.1418 8.908
internal_count=128 96 66 43
is_linear=0
shrinkage=0.1


Tree=48
num_leaves=6
num_cat=0
split_feature=0 0 5 7 10
split_gain=0.298416 0.788241 0.572269 0.380641 0.371945
threshold=1.0500000000000003 0.25000000000000006 912.78571428571411 108.50000000000001 382.33333333333036
decision_type=2 2 2 2 2
left_child=1 3 -3 -1 -2
right_child=4 2 -4 -5 -6
leaf_value=-0.032637810178361183 0.0068087815499450425 0.053804792317933219 0.00058153580721560176 0.0082835316680618405 -0.032674894491617493
leaf_weight=4.5750176608562523 4.5194840133190137 4.6031144931912404 3.6003203839063644 4.5176910012960434 5.0537333488464355
leaf_count=21 21 24 19 20 23
internal_value=0 0.00797098 0.0304462 -0.0123061 -0.0140348
internal_weight=0 17.2961 8.20343 9.09271 9.57322
internal_count=128 84 43 41 44
is_linear=0
shrinkage=0.1


Tree=49
num_leaves=5
num_cat=0
split_feature=7 11 5 0
split_gain=0.269875 0.875741 0.679135 0.53852
threshold=105.50000000000001 0.40000000000000013 279.75243147657073 2.2000000000000011
decision_type=2 2 2 2
left_child=1 -1 3 -3
right_child=-2 2 -4 -5
leaf_value=0.040969849952270071 -0.020184328677713387 -0.050260955857934067 0.016609839470113043 -0.0016417237726087564
leaf_weight=5.1699489504098954 5.2588226646184912 4.2737335413694399 7.2619277089834204 4.8789581879973412
leaf_count=25 23 19 38 23
internal_value=0 0.00507861 -0.00622569 -0.0243439
internal_weight=0 21.5846 16.4146 9.15269
internal_count=128 105 80 42
is_linear=0
shrinkage=0.1


Tree=50
num_leaves=5
num_cat=0
split_feature=10 10 5 3
split_gain=0.250953 0.630583 0.834597 0.10322
threshold=450.00000000000006 379.83333333333582 102.95752895752945 651.8333333333336
decision_type=2 2 2 2
left_child=1 2 -1 -2
right_child=3 -3 -4 -5
leaf_value=-0.012247077635653846 0.025372402106546461 -0.028258040642558109 0.045087158731075695 0.0029945394384793792
leaf_weight=6.7903963997960144 4.2917312234640104 7.6812344938516608 4.055119588971138 3.9660710841417313
leaf_count=31 21 35 20 21
internal_value=0 -0.00633599 0.00919009 0.0146247
internal_weight=0 18.5268 10.8455 8.2578
internal_count=128 86 51 42
is_linear=0
shrinkage=0.1


Tree=51
num_leaves=5
num_cat=0
split_feature=0 11 7 0
split_gain=0.247079 0.741839 0.89175 0.32087
threshold=1.0500000000000003 0.55000000000000004 69.500000000000014 2.4500000000000015
decision_type=2 2 2 2
left_child=1 -1 -3 -2
right_child=3 2 -4 -5
leaf_value=-0.015469034582680067 -0.031752642092376181 0.06577173696937591 0.0021811594487251653 0.0049234131248660287
leaf_weight=7.8130398243665757 4.6093568205833417 3.5486839413642866 5.8251673877239227 4.9440252780914307
leaf_count=36 20 18 30 24
internal_value=0 0.00728745 0.0262548 -0.0127722
internal_weight=0 17.1869 9.37385 9.55338
internal_count=128 84 48 44
is_linear=0
shrinkage=0.1


Tree=52
num_leaves=5
num_cat=0
split_feature=7 5 11 10
split_gain=0.276073 0.957228 0.758924 0.101162
threshold=36.500000000000007 279.75243147657073 0.75000000000000011 382.33333333333491
decision_type=2 2 2 2
left_child=-1 2 3 -2
right_child=1 -3 -4 -5
leaf_value=-0.016711866034114332 0.022930685673155881 0.046490901750579822 -0.033750662115974904 0.0018339626495268602
leaf_weight=7.1412094607949284 4.4863189607858676 4.5412361323833457 5.9255780130624762 4.6070112437009811
leaf_count=36 20 24 26 22
internal_value=0 0.00626056 -0.00590381 0.0122423
internal_weight=0 19.5601 15.0189 9.09333
internal_count=128 92 68 42
is_linear=0
shrinkage=0.1


Tree=53
num_leaves=5
num_cat=0
split_feature=5 7 7 10
split_gain=0.303993 0.737565 0.690388 0.439172
threshold=193.60504920838693 51.500000000000007 36.500000000000007 348.33333333334127
decision_type=2 2 2 2
left_child=1 -1 -2 -3
right_child=2 3 -4 -5
leaf_value=0.041168424575954106 -0.045679970406746429 0.018916899457880745 0.0081127651780760184 -0.020432807134265388
leaf_weight=4.8545375540852609 4.0255801901221258 4.6524412184953672 5.857414223253727 7.2657731920480728
leaf_count=23 20 21 30 34
internal_value=0 0.00831129 -0.0137983 -0.0050721
internal_weight=0 16.7728 9.88299 11.9182
internal_count=128 78 50 55
is_linear=0
shrinkage=0.1


Tree=54
num_leaves=5
num_cat=0
split_feature=7 10 7 10
split_gain=0.26519 0.478274 1.31227 0.353805
threshold=30.500000000000004 600.83333333333951 72.500000000000014 275.16666666667157
decision_type=2 2 2 2
left_child=-1 2 -2 -4
right_child=1 -3 3 -5
leaf_value=0.018882744883374759 -0.026422207752704169 -0.032793636793870762 0.0084920864925005085 0.050130639889788643
leaf_weight=5.8680666759610203 7.7302105277776745 4.8206858634948722 3.77864260971546 4.4367520585656166
leaf_count=30 34 23 17 24
internal_value=0 -0.00519261 0.00315175 0.0309791
internal_weight=0 20.7663 15.9456 8.21539
internal_count=128 98 75 41
is_linear=0
shrinkage=0.1


Tree=55
num_leaves=5
num_cat=0
split_feature=7 11 11 11
split_gain=0.266984 0.754631 0.600633 0.918096
threshold=105.50000000000001 0.40000000000000013 1.5000000000000002 2.7499999999999996
decision_type=2 2 2 2
left_child=1 -1 -3 -4
right_child=-2 2 3 -5
leaf_value=0.038684900413903628 -0.020117894199365431 -0.028357567629945953 0.048702407654115182 -0.014673461692896038
leaf_weight=5.0879614502191606 5.2376151978969565 6.7134615629911449 3.8120093271136266 5.709301769733429
leaf_count=25 23 32 21 27
internal_value=0 0.00508043 -0.00545118 0.0107001
internal_weight=0 21.3227 16.2348 9.52131
internal_count=128 105 80 48
is_linear=0
shrinkage=0.1


Tree=56
num_leaves=5
num_cat=0
split_feature=10 11 0 3
split_gain=0.264033 0.658248 0.581564 0.113205
threshold=450.00000000000006 0.55000000000000004 1.6500000000000006 651.8333333333336
decision_type=2 2 2 2
left_child=1 -1 -3 -2
right_child=3 2 -4 -5
leaf_value=-0.031727956617895063 0.026365426712001119 0.030020886625723903 -0.014629624337268696 0.0028293545874469549
leaf_weight=6.6292427331209245 4.2476692050695402 5.8436078801751119 5.8246381431818008 3.9384613409638405
leaf_count=30 21 29 27 21
internal_value=0 -0.00656452 0.00773193 0.0150419
internal_weight=0 18.2975 11.6682 8.18613
internal_count=128 86 56 42
is_linear=0
shrinkage=0.1


Tree=57
num_leaves=5
num_cat=0
split_feature=5 7 7 10
split_gain=0.230919 0.631647 0.617123 0.38137
threshold=193.60504920838693 51.500000000000007 36.500000000000007 348.33333333334127
decision_type=2 2 2 2
left_child=1 -1 -2 -3
right_child=2 3 -4 -5
leaf_value=0.0378898090552484 -0.042063203744172849 0.017321447729401362 0.0088246528424965748 -0.019513006549605451
leaf_weight=4.8004561588168206 4.0364092811942083 4.6116873770952207 5.818175945430994 7.198200635612011
leaf_count=23 20 21 30 34
internal_value=0 0.00730334 -0.0120189 -0.00512938
internal_weight=0 16.6103 9.85459 11.8099
internal_count=128 78 50 55
is_linear=0
shrinkage=0.1


Tree=58
num_leaves=5
num_cat=0
split_feature=10 11 0 0
split_gain=0.245089 0.512938 0.516787 0.109542
threshold=450.00000000000006 0.55000000000000004 1.6500000000000006 0.45000000000000007
decision_type=2 2 2 2
left_child=1 -1 -3 -2
right_child=3 2 -4 -5
leaf_value=-0.028467885442265129 0.025375180894608825 0.027454964107340274 -0.014743684318337141 0.0021795084748119915
leaf_weight=6.6557831168174806 4.3410192579030973 5.8036531507968885 5.8048094734549522 3.8341639414429665
leaf_count=30 22 29 27 20
internal_value=0 -0.00633595 0.00635354 0.0144964
internal_weight=0 18.2642 11.6085 8.17518
internal_count=128 86 56 42
is_linear=0
shrinkage=0.1


Tree=59
num_leaves=5
num_cat=0
split_feature=7 7 0 7
split_gain=0.250162 0.437067 0.595753 0.560495
threshold=30.500000000000004 96.500000000000014 1.2500000000000002 72.500000000000014
decision_type=2 2 2 2
left_child=-1 2 3 -2
right_child=1 -3 -4 -5
leaf_value=0.018381084845747932 -0.056804354946868835 0.01593626693410102 0.011923437723516041 -0.0062579131333904458
leaf_weight=5.8326404988765743 4.2965331375598925 6.6823959499597541 5.1205523759126654 4.4824748523533344
leaf_count=30 19 32 23 24
internal_value=0 -0.00508045 -0.0151845 -0.0309958
internal_weight=0 20.582 13.8996 8.77901
internal_count=128 98 66 43
is_linear=0
shrinkage=0.1


Tree=60
num_leaves=5
num_cat=0
split_feature=7 11 7 7
split_gain=0.264559 0.805137 0.594579 0.585905
threshold=105.50000000000001 0.40000000000000013 60.500000000000007 36.500000000000007
decision_type=2 2 2 2
left_child=1 -1 3 -3
right_child=-2 2 -4 -5
leaf_value=0.039837387335869022 -0.020121057216655656 -0.012847376033685088 -0.032823073096914908 0.034339750534466106
leaf_weight=5.0640465617179933 5.1983254700899115 6.0096003189682978 5.4289886243641368 4.6809550374746323
leaf_count=25 23 31 28 21
internal_value=0 0.00505474 -0.00587243 0.00781393
internal_weight=0 21.1836 16.1195 10.6906
internal_count=128 105 80 52
is_linear=0
shrinkage=0.1


Tree=61
num_leaves=5
num_cat=0
split_feature=0 11 7 10
split_gain=0.242689 0.674302 0.93843 0.31908
threshold=1.0500000000000003 0.55000000000000004 69.500000000000014 382.33333333333036
decision_type=2 2 2 2
left_child=1 -1 -3 -2
right_child=3 2 -4 -5
leaf_value=-0.01456727505299682 0.0068019135960555163 0.066144954506928796 0.00050421904807476995 -0.030088170964447433
leaf_weight=7.7246401458978715 4.4166553467512113 3.514313302934168 5.7277358919382095 4.9978847056627274
leaf_count=36 21 18 30 23
internal_value=0 0.00723861 0.0254643 -0.0127819
internal_weight=0 16.9667 9.24205 9.41454
internal_count=128 84 48 44
is_linear=0
shrinkage=0.1


Tree=62
num_leaves=5
num_cat=0
split_feature=7 7 0 7
split_gain=0.243094 0.413266 0.496608 0.529623
threshold=96.500000000000014 30.500000000000004 1.2500000000000002 72.500000000000014
decision_type=2 2 2 2
left_child=1 -1 3 -3
right_child=-2 2 -4 -5
leaf_value=0.01696683446434848 0.016587371978450709 -0.054294313655267969 0.0099589724439529664 -0.0052080804591325179
leaf_weight=5.7834680229425492 6.6734863966703406 4.3070780634880048 5.107817977666854 4.4890841394662857
leaf_count=30 32 19 23 24
internal_value=0 -0.00549759 -0.0148418 -0.0292434
internal_weight=0 19.6874 13.904 8.79616
internal_count=128 96 66 43
is_linear=0
shrinkage=0.1


Tree=63
num_leaves=5
num_cat=0
split_feature=7 11 0 5
split_gain=0.235173 0.75376 0.602062 1.24136
threshold=105.50000000000001 1.0000000180025095e-35 0.55000000000000016 279.75243147657073
decision_type=2 2 2 2
left_child=1 -1 -3 -4
right_child=-2 2 3 -5
leaf_value=0.042360216946949109 -0.018971995227576754 -0.033967513137235665 -0.019357936684259839 0.046331308662056557
leaf_weight=4.2599375173449578 5.1961348652839652 4.9654553346335915 7.0402893200516683 4.8645618036389351
leaf_count=21 23 26 33 25
internal_value=0 0.00477438 -0.00471646 0.00748401
internal_weight=0 21.1302 16.8703 11.9049
internal_count=128 105 84 58
is_linear=0
shrinkage=0.1


Tree=64
num_leaves=5
num_cat=0
split_feature=7 5 11 10
split_gain=0.252976 0.805038 0.546112 0.06352
threshold=36.500000000000007 279.75243147657073 0.75000000000000011 382.33333333333491
decision_type=2 2 2 2
left_child=-1 2 3 -2
right_child=1 -3 -4 -5
leaf_value=-0.016123382244031495 0.019026261982063346 0.043431421932446618 -0.028772972206570203 0.0021383669549395979
leaf_weight=7.0419701188802746 4.3912070244550723 4.4295748323202124 5.8949042856693259 4.5194413736462593
leaf_count=36 20 24 26 22
internal_value=0 0.00602966 -0.00516032 0.0104608
internal_weight=0 19.2351 14.8056 8.91065
internal_count=128 92 68 42
is_linear=0
shrinkage=0.1


Tree=65
num_leaves=5
num_cat=0
split_feature=5 0 0 7
split_gain=0.24798 0.646077 0.618309 0.334646
threshold=193.60504920838693 1.0500000000000003 0.25000000000000006 108.50000000000001
decision_type=2 2 2 2
left_child=2 -2 3 -1
right_child=1 -3 -4 -5
leaf_value=-0.02929219028185033 0.0094625900868979696 -0.042695085268579895 0.028738694166521563 0.0093019793953010629
leaf_weight=4.5266988277435356 5.6230430640280229 4.1113581731915474 7.5097090154886237 4.4605377614498138
leaf_count=21 31 19 37 20
internal_value=0 -0.0125664 0.00755983 -0.0101372
internal_weight=0 9.7344 16.4969 8.98724
internal_count=128 50 78 41
is_linear=0
shrinkage=0.1


Tree=66
num_leaves=5
num_cat=0
split_feature=10 7 10 5
split_gain=0.241384 1.09905 0.541795 0.500511
threshold=631.49999999999693 72.500000000000014 334.33333333333263 193.60504920838693
decision_type=2 2 2 2
left_child=1 3 -3 -1
right_child=-2 2 -4 -5
leaf_value=0.0071036536446603326 -0.021151303214150385 0.0078428930005446981 0.05878516671177391 -0.031594975678753461
leaf_weight=6.3350890874862724 4.443533018231391 4.244872644543646 4.1083509363234043 7.0741444379091263
leaf_count=30 21 19 24 34
internal_value=0 0.00442492 0.0328977 -0.0133121
internal_weight=0 21.7625 8.35322 13.4092
internal_count=128 107 43 64
is_linear=0
shrinkage=0.1


Tree=67
num_leaves=5
num_cat=0
split_feature=7 3 5 0
split_gain=0.266204 0.541788 0.503154 1.15702
threshold=105.50000000000001 196.00000000000003 279.75243147657073 0.65000000000000002
decision_type=2 2 2 2
left_child=1 -1 -3 -4
right_child=-2 2 3 -5
leaf_value=0.032073714919727755 -0.020235994075362612 -0.02239543565770229 -0.023949093877400351 0.053649568781686356
leaf_weight=5.495933458209044 5.1682552844285956 7.7864677086472494 3.9642230048775673 3.7288572192192078
leaf_count=28 23 36 22 19
internal_value=0 0.00510147 -0.00447489 0.0136632
internal_weight=0 20.9755 15.4795 7.69308
internal_count=128 105 77 41
is_linear=0
shrinkage=0.1


Tree=68
num_leaves=5
num_cat=0
split_feature=7 10 7 10
split_gain=0.235264 0.42116 1.5584 1.14515
threshold=30.500000000000004 631.49999999999693 57.500000000000007 350.33333333333036
decision_type=2 2 2 2
left_child=-1 2 -2 -4
right_child=1 -3 3 -5
leaf_value=0.017928471817650778 -0.044104968775988095 -0.033693332913276093 -0.008754781169967845 0.055133216719075596
leaf_weight=5.7630900219082859 5.0126563310623231 4.0781048834323874 5.6520115509629232 5.5709451772272587
leaf_count=30 23 19 26 30
internal_value=0 -0.00496344 0.00225301 0.0229585
internal_weight=0 20.3137 16.2356 11.223
internal_count=128 98 79 56
is_linear=0
shrinkage=0.1


Tree=69
num_leaves=5
num_cat=0
split_feature=10 11 0 0
split_gain=0.2413 0.632248 0.494808 0.0780079
threshold=450.00000000000006 0.55000000000000004 1.6500000000000006 0.45000000000000007
decision_type=2 2 2 2
left_child=1 -1 -3 -2
right_child=3 2 -4 -5
leaf_value=-0.031142473638233466 0.023970372634544448 0.028686333906271472 -0.012869380797676525 0.0041733834244816531
leaf_weight=6.5344731211662355 4.1924209445714942 5.7102686353027803 5.7512080445885658 3.789516307413578
leaf_count=30 22 29 27 20
internal_value=0 -0.0063185 0.00783426 0.0145715
internal_weight=0 17.9959 11.4615 7.98194
internal_count=128 86 56 42
is_linear=0
shrinkage=0.1


Tree=70
num_leaves=5
num_cat=0
split_feature=0 7 7 7
split_gain=0.248415 0.692631 1.55036 0.533547
threshold=2.6500000000000017 45.500000000000007 72.500000000000014 105.50000000000001
decision_type=2 2 2 2
left_child=1 -1 -3 -4
right_child=-2 2 3 -5
leaf_value=0.023438744836409439 0.022359160710700248 -0.06535434339331557 0.025493681963495853 -0.01884731520556366
leaf_weight=6.3985780179500642 4.2005522325634947 4.4640091806650153 5.7646046057343465 5.1274608969688416
leaf_count=31 21 20 33 23
internal_value=0 -0.0042035 -0.0157215 0.00462007
internal_weight=0 21.7547 15.3561 10.8921
internal_count=128 107 76 56
is_linear=0
shrinkage=0.1


Tree=71
num_leaves=5
num_cat=0
split_feature=7 10 11 11
split_gain=0.248612 0.759256 1.10199 1.73018
threshold=36.500000000000007 631.49999999999693 1.0000000180025095e-35 1.25
decision_type=2 2 2 2
left_child=-1 2 -2 -4
right_child=1 -3 3 -5
leaf_value=-0.016010452915885209 -0.020052697846970811 -0.032109291013995185 0.084617874867332521 -0.0012758293372570797
leaf_weight=6.9936318174004581 5.2692093178629902 4.0813003331422797 4.2279205471277219 5.2661969400942326
leaf_count=36 25 19 21 27
internal_value=0 0.00606695 0.0166207 0.0369744
internal_weight=0 18.8446 14.7633 9.49412
internal_count=128 92 73 48
is_linear=0
shrinkage=0.1


Tree=72
num_leaves=4
num_cat=0
split_feature=0 10 7
split_gain=0.281976 0.792164 1.21537
threshold=0.15000000000000005 616.50000000000011 39.500000000000007
decision_type=2 2 2
left_child=-1 2 -2
right_child=1 -3 -4
leaf_value=-0.016139672264419723 -0.036322856068734664 0.044536769643664598 0.022839801900773372
leaf_weight=7.5541758388280895 6.4945047870278376 4.2685115113854399 7.4615873917937279
leaf_count=35 31 23 39
internal_value=0 0.00683844 -0.0046917
internal_weight=0 18.2246 13.9561
internal_count=128 93 70
is_linear=0
shrinkage=0.1


Tree=73
num_leaves=5
num_cat=0
split_feature=7 11 4 11
split_gain=0.253942 0.455812 0.855281 0.721618
threshold=30.500000000000004 1.5000000000000002 1.0000000180025095e-35 1.0000000180025095e-35
decision_type=2 2 2 2
left_child=-1 2 3 -2
right_child=1 -3 -4 -5
leaf_value=0.018615423631247349 -0.023278391780621407 0.01956003094765631 -0.051585991963893789 0.029959957903132509
leaf_weight=5.7552973255515125 5.5020435750484484 5.4132868163287631 4.3464013636112204 4.7388262934982777
leaf_count=30 26 28 19 25
internal_value=0 -0.00522151 -0.0144179 0.00135695
internal_weight=0 20.0006 14.5873 10.2409
internal_count=128 98 70 51
is_linear=0
shrinkage=0.1


Tree=74
num_leaves=4
num_cat=0
split_feature=10 0 0
split_gain=0.231469 0.539319 0.832062
threshold=348.33333333334127 0.25000000000000006 1.0500000000000003
decision_type=2 2 2
left_child=-1 -2 -3
right_child=1 2 -4
leaf_value=0.017527585235709336 -0.035529557895893758 0.029092559908639855 -0.017674230751210475
leaf_weight=5.8779169991612461 4.4940712898969677 7.0537475086748591 8.2584445253014547
leaf_count=29 22 39 38
internal_value=0 -0.00507024 0.00386946
internal_weight=0 19.8063 15.3122
internal_count=128 99 77
is_linear=0
shrinkage=0.1


Tree=75
num_leaves=5
num_cat=0
split_feature=0 7 7 7
split_gain=0.22688 0.654894 1.35214 0.416614
threshold=2.6500000000000017 45.500000000000007 72.500000000000014 105.50000000000001
decision_type=2 2 2 2
left_child=1 -1 -3 -4
right_child=-2 2 3 -5
leaf_value=0.022951361056679359 0.02136646948108957 -0.061790336032953232 0.02253285817519883 -0.017026056251933302
leaf_weight=6.3267241269350114 4.1949849501252165 4.4339919388294211 5.651530195027588 5.0331685245037079
leaf_count=31 21 20 33 23
internal_value=0 -0.00406244 -0.0153669 0.00389811
internal_weight=0 21.4454 15.1187 10.6847
internal_count=128 107 76 56
is_linear=0
shrinkage=0.1


Tree=76
num_leaves=5
num_cat=0
split_feature=7 10 11 11
split_gain=0.232228 0.701486 0.791861 1.50198
threshold=36.500000000000007 631.49999999999693 1.0000000180025095e-35 1.25
decision_type=2 2 2 2
left_child=-1 2 -2 -4
right_child=1 -3 3 -5
leaf_value=-0.015500516476501006 -0.014855382032260276 -0.030965275778074199 0.079096610337380885 -0.0019268496164673084
leaf_weight=6.9506621062755611 5.2556558102369335 4.0346734523773184 4.0851761698722822 5.2005136385560036
leaf_count=36 25 19 21 27
internal_value=0 0.00592664 0.0161628 0.0337189
internal_weight=0 18.576 14.5413 9.28569
internal_count=128 92 73 48
is_linear=0
shrinkage=0.1


Tree=77
num_leaves=4
num_cat=0
split_feature=0 10 7
split_gain=0.262855 0.71959 1.10944
threshold=0.15000000000000005 616.50000000000011 39.500000000000007
decision_type=2 2 2
left_child=-1 2 -2
right_child=1 -3 -4
leaf_value=-0.015683483672769106 -0.034433764640480292 0.043044025994720625 0.022313836710333584
leaf_weight=7.4574228376150158 6.4958744421601313 4.1722174957394591 7.335747454315424
leaf_count=35 31 23 39
internal_value=0 0.00664304 -0.00433707
internal_weight=0 18.0038 13.8316
internal_count=128 93 70
is_linear=0
shrinkage=0.1


Tree=78
num_leaves=5
num_cat=0
split_feature=7 11 11 7
split_gain=0.249678 0.394977 0.778555 0.3707
threshold=30.500000000000004 1.5000000000000002 0.75000000000000011 105.50000000000001
decision_type=2 2 2 2
left_child=-1 2 3 -2
right_child=1 -3 -4 -5
leaf_value=0.018483575674522065 0.022917796810246333 0.017999098042499613 -0.046811816134640756 -0.016422321610986099
leaf_weight=5.7265842631459263 4.6319445595145243 5.3354700841009608 4.7841984815895549 4.960308775305748
leaf_count=30 24 28 23 23
internal_value=0 -0.00523689 -0.0138604 0.00257439
internal_weight=0 19.7119 14.3765 9.59225
internal_count=128 98 70 47
is_linear=0
shrinkage=0.1


Tree=79
num_leaves=4
num_cat=0
split_feature=7 0 5
split_gain=0.222795 0.497541 0.805787
threshold=96.500000000000014 0.55000000000000016 279.75243147657073
decision_type=2 2 2
left_child=1 -1 -3
right_child=-2 2 -4
leaf_value=-0.027182825989979273 0.016409705175599476 -0.012819196648310858 0.040096160252020251
leaf_weight=6.7212187163531842 6.298569254577159 7.8374573215842229 4.5475587323307991
leaf_count=35 32 37 24
internal_value=0 -0.00527744 0.00661039
internal_weight=0 19.1062 12.385
internal_count=128 96 61
is_linear=0
shrinkage=0.1


Tree=80
num_leaves=5
num_cat=0
split_feature=5 0 0 7
split_gain=0.243351 0.656064 0.478549 0.345882
threshold=193.60504920838693 0.25000000000000006 1.0500000000000003 108.50000000000001
decision_type=2 2 2 2
left_child=1 3 -2 -1
right_child=2 -3 -4 -5
leaf_value=-0.030612890486672664 0.0068216098450768385 0.029673772728986043 -0.038699706062177541 0.0093868001258835959
leaf_weight=4.4124306887388247 5.4034660905599576 7.312030315399169 4.033086895942688 4.2382578104734421
leaf_count=21 31 37 19 20
internal_value=0 0.00762288 -0.0126337 -0.0110157
internal_weight=0 15.9627 9.43655 8.65069
internal_count=128 78 50 41
is_linear=0
shrinkage=0.1


Tree=81
num_leaves=5
num_cat=0
split_feature=10 10 5 0
split_gain=0.222321 0.382698 0.692967 0.147955
threshold=348.33333333334127 382.33333333333491 380.29365079364965 0.45000000000000007
decision_type=2 2 2 2
left_child=-1 -2 3 -3
right_child=1 2 -4 -5
leaf_value=0.017241311083474549 -0.025579242698430912 -0.02520386870568872 0.035465027153217039 0.0009157948290050939
leaf_weight=5.8250399604439762 6.1866185441613224 4.3699822053313238 4.6913251318037501 4.3052249103784561
leaf_count=29 29 23 27 20
internal_value=0 -0.0050155 0.00450231 -0.0122415
internal_weight=0 19.5532 13.3665 8.67521
internal_count=128 99 70 43
is_linear=0
shrinkage=0.1


Tree=82
num_leaves=5
num_cat=0
split_feature=5 0 7 7
split_gain=0.233657 0.541856 0.488786 0.283151
threshold=193.60504920838693 0.25000000000000006 36.500000000000007 108.50000000000001
decision_type=2 2 2 2
left_child=1 3 -2 -1
right_child=2 -3 -4 -5
leaf_value=-0.027059887742776054 -0.039521114223284026 0.027602675738000373 0.006787077525044336 0.0090721752041842546
leaf_weight=4.4394877254962939 3.8953747525811178 7.2680758461356154 5.4940581135451794 4.2405446618795395
leaf_count=21 20 37 30 20
internal_value=0 0.00745902 -0.0124247 -0.00940792
internal_weight=0 15.9481 9.38943 8.68003
internal_count=128 78 50 41
is_linear=0
shrinkage=0.1


Tree=83
num_leaves=5
num_cat=0
split_feature=7 7 0 7
split_gain=0.201783 0.349085 0.517649 0.335341
threshold=30.500000000000004 96.500000000000014 1.2500000000000002 72.500000000000014
decision_type=2 2 2 2
left_child=-1 2 3 -2
right_child=1 -3 -4 -5
leaf_value=0.016745437779788715 -0.048794468074700267 0.014796267791348168 0.011979127815355099 -0.0090379175424083469
leaf_weight=5.64991067349911 4.2111982852220553 6.2642189227044573 4.9293307662010184 4.2758064456284046
leaf_count=30 19 32 23 24
internal_value=0 -0.00469455 -0.013795 -0.0287649
internal_weight=0 19.6806 13.4163 8.487
internal_count=128 98 66 43
is_linear=0
shrinkage=0.1


Tree=84
num_leaves=5
num_cat=0
split_feature=7 11 7 5
split_gain=0.205547 0.680693 0.59398 0.745273
threshold=105.50000000000001 0.40000000000000013 66.500000000000014 279.75243147657073
decision_type=2 2 2 2
left_child=1 -1 3 -3
right_child=-2 2 -4 -5
leaf_value=0.03724161542905606 -0.018205288515883006 -0.015512209095525503 -0.039501942627503533 0.035971432247755078
leaf_weight=4.8453389480710092 4.9453177750110617 6.8464813828468305 3.893045835196971 4.7712254449725151
leaf_count=25 23 33 22 25
internal_value=0 0.00452391 -0.00569664 0.00563138
internal_weight=0 20.3561 15.5108 11.6177
internal_count=128 105 80 58
is_linear=0
shrinkage=0.1


Tree=85
num_leaves=5
num_cat=0
split_feature=7 10 11 11
split_gain=0.207834 0.615898 0.696971 1.54379
threshold=36.500000000000007 631.49999999999693 1.0000000180025095e-35 1.25
decision_type=2 2 2 2
left_child=-1 2 -2 -4
right_child=1 -3 3 -5
leaf_value=-0.01475608661928844 -0.013842740637711152 -0.029342072261313818 0.078089541240822291 -0.0045004515668640053
leaf_weight=6.8706367760896709 5.2556321546435383 3.95405289530754 4.0396223589777929 5.1468835212290287
leaf_count=36 25 19 21 27
internal_value=0 0.00562706 0.0152011 0.0318172
internal_weight=0 18.3962 14.4421 9.18651
internal_count=128 92 73 48
is_linear=0
shrinkage=0.1


Tree=86
num_leaves=6
num_cat=0
split_feature=10 10 5 3 10
split_gain=0.193702 1.14414 0.460913 1.40932 0.288018
threshold=450.00000000000006 639.66666666666799 346.36363636363666 412.50000000000119 275.16666666667157
decision_type=2 2 2 2 2
left_child=2 -2 3 4 -1
right_child=1 -3 -4 -5 -6
leaf_value=-0.0025958896491922712 0.050573276064301648 -0.026999571144786145 -0.035035567015225595 0.048069451829524906 -0.038663116553141412
leaf_weight=4.5685062110424095 3.9692087844014159 3.6495674178004265 4.1000019274651995 4.6147781386971465 4.296193391084671
leaf_count=22 24 18 23 21 20
internal_value=0 0.0134141 -0.00567591 0.0032543 -0.0200755
internal_weight=0 7.61878 17.5795 13.4795 8.8647
internal_count=128 42 86 63 42
is_linear=0
shrinkage=0.1


Tree=87
num_leaves=5
num_cat=0
split_feature=7 5 11 10
split_gain=0.185351 0.574411 0.446915 0.195451
threshold=36.500000000000007 279.75243147657073 0.75000000000000011 357.33333333333218
decision_type=2 2 2 2
left_child=-1 2 3 -2
right_child=1 -3 -4 -5
leaf_value=-0.013897443564186799 0.026816860797517217 0.0377235710254872 -0.026067868973636887 -0.0038073768163470589
leaf_weight=6.8730477020144489 3.8638841807842272 4.2193926200270644 5.6587662994861594 4.5242768675088882
leaf_count=36 18 24 26 24
internal_value=0 0.00536781 -0.00435116 0.0102992
internal_weight=0 18.2663 14.0469 8.38816
internal_count=128 92 68 42
is_linear=0
shrinkage=0.1


Tree=88
num_leaves=5
num_cat=0
split_feature=7 11 7 7
split_gain=0.205651 0.586994 0.523169 0.495963
threshold=105.50000000000001 0.40000000000000013 60.500000000000007 36.500000000000007
decision_type=2 2 2 2
left_child=1 -1 3 -3
right_child=-2 2 -4 -5
leaf_value=0.035113632296328211 -0.018424462528460129 -0.011083442313271488 -0.03079128202610152 0.033269827459120757
leaf_weight=4.7891712412238183 4.8390333652496329 5.8173482194542867 5.2006987594068042 4.4494779631495476
leaf_count=25 23 31 28 21
internal_value=0 0.00452128 -0.00495096 0.00813855
internal_weight=0 20.2567 15.4675 10.2668
internal_count=128 105 80 52
is_linear=0
shrinkage=0.1


Tree=89
num_leaves=5
num_cat=0
split_feature=7 7 10 3
split_gain=0.202677 0.360129 0.456715 1.36679
threshold=30.500000000000004 96.500000000000014 357.33333333333218 730.3333333333286
decision_type=2 2 2 2
left_child=-1 2 -2 -4
right_child=1 -3 3 -5
leaf_value=0.016757139669216103 -0.040676904644063185 0.015225712175936794 0.041213788572774357 -0.037241278821587995
leaf_weight=5.6544381827116039 4.3323259353637722 6.1609430834650984 4.1157696694135648 4.8222883567214012
leaf_count=30 22 32 20 24
internal_value=0 -0.00475431 -0.0140303 -0.00111453
internal_weight=0 19.4313 13.2704 8.93806
internal_count=128 98 66 44
is_linear=0
shrinkage=0.1


Tree=90
num_leaves=5
num_cat=0
split_feature=7 11 0 5
split_gain=0.198568 0.471801 0.458376 0.781203
threshold=105.50000000000001 1.0000000180025095e-35 0.55000000000000016 279.75243147657073
decision_type=2 2 2 2
left_child=1 -1 -3 -4
right_child=-2 2 3 -5
leaf_value=0.035118612120003709 -0.018101311846390879 -0.029141457366792984 -0.013669564511002309 0.039711729871351291
leaf_weight=4.0186624228954377 4.8399016112089148 4.7848029173910644 6.8383960425853711 4.5759720653295517
leaf_count=21 23 26 33 25
internal_value=0 0.00444833 -0.0031603 0.00773077
internal_weight=0 20.2178 16.1992 11.4144
internal_count=128 105 84 58
is_linear=0
shrinkage=0.1


Tree=91
num_leaves=5
num_cat=0
split_feature=10 10 10 3
split_gain=0.199876 0.382735 0.948489 0.551983
threshold=348.33333333334127 450.00000000000006 639.66666666666799 575.00000000000375
decision_type=2 2 2 2
left_child=-1 3 -3 -2
right_child=1 2 -4 -5
leaf_value=0.016397378690765962 -0.043154781414306578 0.047326189545338959 -0.023813131575252992 0.0013109830528739593
leaf_weight=5.780821822583678 4.588639825582506 3.8643545508384696 3.6391498893499374 7.1290614232420921
leaf_count=29 21 24 18 36
internal_value=0 -0.00480979 0.0128241 -0.0161018
internal_weight=0 19.2212 7.5035 11.7177
internal_count=128 99 42 57
is_linear=0
shrinkage=0.1


Tree=92
num_leaves=5
num_cat=0
split_feature=5 0 0 10
split_gain=0.206324 0.567362 0.514878 0.178216
threshold=193.60504920838693 1.0500000000000003 0.25000000000000006 275.16666666667157
decision_type=2 2 2 2
left_child=2 -2 3 -1
right_child=1 -3 -4 -5
leaf_value=0.0070106504572429191 0.0094511215776683227 -0.040471482181877495 0.026851161970539279 -0.022333407738072256
leaf_weight=3.6523710489273089 5.3804875090718252 3.9460824802517891 7.1598377898335448 4.776279017329216
leaf_count=17 31 19 37 24
internal_value=0 -0.0116712 0.0071325 -0.0096178
internal_weight=0 9.32657 15.5885 8.42865
internal_count=128 50 78 41
is_linear=0
shrinkage=0.1


Tree=93
num_leaves=4
num_cat=0
split_feature=7 5 7
split_gain=0.207168 0.560232 0.329003
threshold=36.500000000000007 135.79242636746184 96.500000000000014
decision_type=2 2 2
left_child=-1 2 -2
right_child=1 -3 -4
leaf_value=-0.014775630641163809 -0.026133361607883428 0.027824060193130218 0.0083814491188001668
leaf_weight=6.8093923702836063 5.3520306572318095 7.0029696486890307 5.7064440548419952
leaf_count=36 27 37 28
internal_value=0 0.00569239 -0.00832287
internal_weight=0 18.0614 11.0585
internal_count=128 92 55
is_linear=0
shrinkage=0.1


Tree=94
num_leaves=5
num_cat=0
split_feature=5 0 7 10
split_gain=0.20118 0.479453 0.437228 0.291398
threshold=193.60504920838693 1.0500000000000003 51.500000000000007 348.33333333334127
decision_type=2 2 2 2
left_child=2 -2 -1 -4
right_child=1 -3 3 -5
leaf_value=0.032819144322376918 0.0079783264121297218 -0.037949393124153803 0.015931329169094708 -0.017312463670929548
leaf_weight=4.6236226260662106 5.3447515927255136 3.9548921883106232 4.4295970350503904 6.5145155861973763
leaf_count=23 31 19 21 34
internal_value=0 -0.0115535 0.00703573 -0.00385714
internal_weight=0 9.29964 15.5677 10.9441
internal_count=128 50 78 55
is_linear=0
shrinkage=0.1


Tree=95
num_leaves=5
num_cat=0
split_feature=7 5 0 7
split_gain=0.198034 0.489455 0.359732 0.572118
threshold=36.500000000000007 279.75243147657073 0.84999999999999998 105.50000000000001
decision_type=2 2 2 2
left_child=-1 2 3 -2
right_child=1 -3 -4 -5
leaf_value=-0.014463115637507878 0.032467651143560601 0.035636296680171188 -0.027145993282718373 -0.016698631158249422
leaf_weight=6.7979244142770794 4.6602950468659419 4.1627944372594348 4.3851322680711737 4.8090049624443054
leaf_count=36 25 24 20 23
internal_value=0 0.00556761 -0.00346703 0.00749845
internal_weight=0 18.0172 13.8544 9.4693
internal_count=128 92 68 48
is_linear=0
shrinkage=0.1


Tree=96
num_leaves=4
num_cat=0
split_feature=7 0 5
split_gain=0.186477 0.351486 0.593418
threshold=96.500000000000014 0.55000000000000016 279.75243147657073
decision_type=2 2 2
left_child=1 -1 -3
right_child=-2 2 -4
leaf_value=-0.023351781692715495 0.015293950022976295 -0.011479520574832461 0.034708651082321483
leaf_weight=6.6345976963639322 6.076794382184743 7.6464915573596937 4.372105672955513
leaf_count=35 32 37 24
internal_value=0 -0.00487626 0.00532274
internal_weight=0 18.6532 12.0186
internal_count=128 96 61
is_linear=0
shrinkage=0.1


Tree=97
num_leaves=5
num_cat=0
split_feature=5 3 10 3
split_gain=0.214571 1.27202 0.549408 0.460812
threshold=228.64923747276717 412.50000000000119 401.50000000000006 798.33333333333223
decision_type=2 2 2 2
left_child=1 2 -1 -2
right_child=3 -3 -4 -5
leaf_value=-0.024459477768213694 -0.034193419657831646 0.05631102736423084 0.020156952860598723 0.012312806059080521
leaf_weight=7.9991929158568436 4.6121224761009199 3.9350139275193206 4.2139127179980278 3.9599023088812828
leaf_count=39 22 19 23 25
internal_value=0 0.00686571 -0.00906538 -0.0127096
internal_weight=0 16.1481 12.2131 8.57202
internal_count=128 81 62 47
is_linear=0
shrinkage=0.1


Tree=98
num_leaves=5
num_cat=0
split_feature=5 0 0 10
split_gain=0.178683 0.401052 0.400781 0.145534
threshold=193.60504920838693 0.25000000000000006 1.0500000000000003 275.16666666667157
decision_type=2 2 2 2
left_child=1 3 -2 -1
right_child=2 -3 -4 -5
leaf_value=0.0069488570461231974 0.0070006905360416012 0.024256112661113167 -0.035209105806382389 -0.019562561402617026
leaf_weight=3.6545979380607623 5.2878774255514127 7.0426239296793929 3.9148621112108231 4.7773295044898987
leaf_count=17 31 37 19 24
internal_value=0 0.00664091 -0.0109554 -0.00807188
internal_weight=0 15.4746 9.20274 8.43193
internal_count=128 78 50 41
is_linear=0
shrinkage=0.1


Tree=99
num_leaves=5
num_cat=0
split_feature=7 10 11 11
split_gain=0.187551 0.456576 0.722046 1.29411
threshold=36.500000000000007 631.49999999999693 1.0000000180025095e-35 1.25
decision_type=2 2 2 2
left_child=-1 2 -2 -4
right_child=1 -3 3 -5
leaf_value=-0.014113767622199919 -0.016067661423041453 -0.025043787154006548 0.074416782891011807 -0.002506474650051957
leaf_weight=6.7602983191609409 5.1270980685949352 3.8538459241390219 3.8794895485043508 5.0131725929677486
leaf_count=36 25 19 21 27
internal_value=0 0.00544033 0.01382 0.0310519
internal_weight=0 17.8736 14.0198 8.89266
internal_count=128 92 73 48
is_linear=0
shrinkage=0.1


end of trees

feature_importances:
taskNum=118
s_view_position=83
response_time=69
scroll_time=60
s_scroll_speed=41
scroll_length=22
event_scroll=7

parameters:
[boosting: gbdt]
[objective: binary]
[metric: binary_error]
[tree_learner: serial]
[device_type: cpu]
[data_sample_strategy: bagging]
[data: ]
[valid: ]
[num_iterations: 100]
[learning_rate: 0.1]
[num_leaves: 31]
[num_threads: 0]
[seed: 0]
[deterministic: 0]
[force_col_wise: 0]
[force_row_wise: 0]
[histogram_pool_size: -1]
[max_depth: -1]
[min_data_in_leaf: 20]
[min_sum_hessian_in_leaf: 0.001]
[bagging_fraction: 1]
[pos_bagging_fraction: 1]
[neg_bagging_fraction: 1]
[bagging_freq: 0]
[bagging_seed: 3]
[feature_fraction: 1]
[feature_fraction_bynode: 1]
[feature_fraction_seed: 2]
[extra_trees: 0]
[extra_seed: 6]
[early_stopping_round: 0]
[first_metric_only: 0]
[max_delta_step: 0]
[lambda_l1: 0]
[lambda_l2: 0]
[linear_lambda: 0]
[min_gain_to_split: 0]
[drop_rate: 0.1]
[max_drop: 50]
[skip_drop: 0.5]
[xgboost_dart_mode: 0]
[uniform_drop: 0]
[drop_seed: 4]
[top_rate: 0.2]
[other_rate: 0.1]
[min_data_per_group: 100]
[max_cat_threshold: 32]
[cat_l2: 10]
[cat_smooth: 10]
[max_cat_to_onehot: 4]
[top_k: 20]
[monotone_constraints: ]
[monotone_constraints_method: basic]
[monotone_penalty: 0]
[feature_contri: ]
[forcedsplits_filename: ]
[refit_decay_rate: 0.9]
[cegb_tradeoff: 1]
[cegb_penalty_split: 0]
[cegb_penalty_feature_lazy: ]
[cegb_penalty_feature_coupled: ]
[path_smooth: 0]
[interaction_constraints: ]
[verbosity: -1]
[saved_feature_importance_type: 0]
[use_quantized_grad: 0]
[num_grad_quant_bins: 4]
[quant_train_renew_leaf: 0]
[stochastic_rounding: 1]
[linear_tree: 0]
[max_bin: 255]
[max_bin_by_feature: ]
[min_data_in_bin: 3]
[bin_construct_sample_cnt: 200000]
[data_random_seed: 1]
[is_enable_sparse: 1]
[enable_bundle: 1]
[use_missing: 1]
[zero_as_missing: 0]
[feature_pre_filter: 0]
[pre_partition: 0]
[two_round: 0]
[header: 0]
[label_column: ]
[weight_column: ]
[group_column: ]
[ignore_column: ]
[categorical_feature: ]
[forcedbins_filename: ]
[precise_float_parser: 0]
[parser_config_file: ]
[objective_seed: 5]
[num_class: 1]
[is_unbalance: 0]
[scale_pos_weight: 1]
[sigmoid: 1]
[boost_from_average: 1]
[reg_sqrt: 0]
[alpha: 0.9]
[fair_c: 1]
[poisson_max_delta_step: 0.7]
[tweedie_variance_power: 1.5]
[lambdarank_truncation_level: 30]
[lambdarank_norm: 1]
[label_gain: ]
[lambdarank_position_bias_regularization: 0]
[eval_at: ]
[multi_error_top_k: 1]
[auc_mu_weights: ]
[num_machines: 1]
[local_listen_port: 12400]
[time_out: 120]
[machine_list_filename: ]
[machines: ]
[gpu_platform_id: -1]
[gpu_device_id: -1]
[gpu_use_dp: 0]
[num_gpu: 1]

end of parameters

pandas_categorical:[]
