tree
version=v4
num_class=1
num_tree_per_iteration=1
label_index=0
max_feature_idx=14
objective=binary sigmoid:1
feature_names=ratio_tap_position_y screen_height tap_position_x tap_position_y s_tap_count scroll_time s_view_position response_time taskNum screen_width ratio_tap_position_x s_choice_left event_scroll s_scroll_speed scroll_length
feature_infos=none [844:844] none none [1:1] [-0.5:113.09999999999795] [-343.99999999999989:1145.6666666666642] [0:111.39999999999796] [1:149] [390:390] none [0:1] [0:6] [-3503.3333333333576:6900.0000000000018] [0:37464.666666666657]
tree_sizes=738 744 748 745 651 743 647 749 747 632 751 646 750 749 753 757 648 649 645 650 751 753 757 851 659 759 738 750 855 854 755 756 764 636 862 755 651 756 651 652 653 758 755 638 756 756 661 759 759 633 758 652 758 657 653 757 651 760 756 757 762 756 651 755 756 755 757 758 763 660 757 752 651 758 654 653 766 760 754 763 650 553 752 754 756 649 650 858 652 750 753 659 761 760 761 764 760 757 757 651

Tree=0
num_leaves=6
num_cat=0
split_feature=14 5 7 13 5
split_gain=3.70935 1.13692 2.57291 1.521 0.765747
threshold=934.33333333333405 2.4000000000000008 0.15000000000000005 215.66411238825108 0.55000000000000004
decision_type=2 2 2 2 2
left_child=1 2 4 -4 -1
right_child=-2 -3 3 -5 -6
leaf_value=0.36384674628688735 0.504208191503838 0.37041685648853179 0.48748427462692473 0.41749158547539877 0.41362030842055775
leaf_weight=6.6969957351684624 4.7835683822631827 5.9794604778289786 5.9794604778289777 6.4578173160552979 5.7402820587158203
leaf_count=28 20 25 25 27 24
internal_value=0.422272 0.409569 0.418981 0.451142 0.386819
internal_weight=0 30.854 24.8746 12.4373 12.4373
internal_count=149 129 104 52 52
is_linear=0
shrinkage=1


Tree=1
num_leaves=6
num_cat=0
split_feature=8 8 7 8 7
split_gain=5.13129 2.0697 4.19569 4.008 1.07804
threshold=120.50000000000001 72.500000000000014 0.15000000000000005 30.500000000000004 1.3500000000000003
decision_type=2 2 2 2 2
left_child=1 3 -3 -1 -5
right_child=-2 2 -4 4 -6
leaf_value=0.05392308882577225 -0.076952951447054829 -0.0011229889808096979 0.12105552066901744 -0.076959802978086189 -0.011393013833587415
leaf_weight=7.1667310595512452 6.965348243713378 6.5038381665945035 4.9497969150543213 4.9878637790679914 5.043042004108429
leaf_count=30 29 27 21 21 21
internal_value=0 0.0187436 0.0516776 -0.00319045 -0.0439961
internal_weight=0 28.6513 11.4536 17.1976 10.0309
internal_count=149 120 48 72 42
is_linear=0
shrinkage=0.1


Tree=2
num_leaves=6
num_cat=0
split_feature=8 8 7 8 7
split_gain=4.11482 1.70979 3.56942 3.25278 0.848029
threshold=120.50000000000001 72.500000000000014 0.15000000000000005 30.500000000000004 1.3500000000000003
decision_type=2 2 2 2 2
left_child=1 3 -3 -1 -5
right_child=-2 2 -4 4 -6
leaf_value=0.04914578082308458 -0.068258469126957405 -0.0010104617032328468 0.1127223593999557 -0.068122145878682275 -0.010229727959465007
leaf_weight=7.0816361904144349 7.0617016106843939 6.5052279084920865 4.7923494428396225 5.066871225833891 5.0542394667863846
leaf_count=30 29 27 21 21 21
internal_value=0 0.0170101 0.0472342 -0.00283891 -0.0392121
internal_weight=0 28.5003 11.2976 17.2027 10.1211
internal_count=149 120 48 72 42
is_linear=0
shrinkage=0.1


Tree=3
num_leaves=6
num_cat=0
split_feature=6 5 6 5 5
split_gain=5.43219 3.05095 3.60574 2.15247 0.258348
threshold=659.66666666667163 2.4000000000000008 466.00000000000006 0.55000000000000004 1.0500000000000003
decision_type=2 2 2 2 2
left_child=1 2 3 -1 -5
right_child=-2 -3 -4 4 -6
leaf_value=-0.028038228467067529 -0.097067462789467457 -0.043836928985457421 0.098783990899682303 0.025682327782727811 0.058571012743934392
leaf_weight=8.1400040388107389 4.9486684799194327 6.680270627140998 6.1223229616880408 4.8315113335847837 4.7234059423208237
leaf_count=34 21 28 26 20 20
internal_value=0 0.015885 0.0326358 0.009749 0.0419406
internal_weight=0 30.4975 23.8172 17.6949 9.55492
internal_count=149 128 100 74 40
is_linear=0
shrinkage=0.1


Tree=4
num_leaves=5
num_cat=0
split_feature=8 12 8 7
split_gain=3.23549 1.58281 2.10202 2.02874
threshold=120.50000000000001 1.0000000180025095e-35 30.500000000000004 0.15000000000000005
decision_type=2 2 2 2
left_child=1 3 -3 -1
right_child=-2 2 -4 -5
leaf_value=0.0050040250887336529 -0.060065662227058697 0.03785752645981335 -0.036072132802994643 0.086184320443850063
leaf_weight=6.7394707798957842 7.1272382885217658 6.5439071506261817 9.3281337916851026 5.6668678820133209
leaf_count=28 29 28 39 25
internal_value=0 0.0153251 -0.00559156 0.0420849
internal_weight=0 28.2784 15.872 12.4063
internal_count=149 120 67 53
is_linear=0
shrinkage=0.1


Tree=5
num_leaves=6
num_cat=0
split_feature=8 14 14 7 7
split_gain=2.61104 2.06847 2.2529 1.14611 1.94756
threshold=120.50000000000001 832.3333333333386 730.3333333333286 1.0500000000000003 0.15000000000000005
decision_type=2 2 2 2 2
left_child=1 2 3 4 -1
right_child=-2 -3 -4 -5 -6
leaf_value=0.0045081605137605981 -0.053690604930682999 0.072730670865156111 -0.051614649848804317 -0.015566738810142287 0.089453641495122471
leaf_weight=6.7330337315797895 7.1734534651041022 4.9287682920694342 5.9576779603958121 6.0010189414024344 4.5049323290586472
leaf_count=28 29 22 25 25 20
internal_value=0 0.0138981 0.00139746 0.0197181 0.03856
internal_weight=0 28.1254 23.1967 17.239 11.238
internal_count=149 120 98 73 48
is_linear=0
shrinkage=0.1


Tree=6
num_leaves=5
num_cat=0
split_feature=6 6 6 13
split_gain=4.52277 1.85195 3.66771 2.05029
threshold=659.66666666667163 466.00000000000006 348.33333333334127 254.70114942528883
decision_type=2 2 2 2
left_child=1 2 -1 -4
right_child=-2 -3 3 -5
leaf_value=0.053621702564814161 -0.088202217292082205 0.059646751288757655 -0.060366043883311453 0.015463318681215596
leaf_weight=8.4409416615963035 4.9712448567152014 7.0401686131954184 8.6401034593582136 6.0711641758680335
leaf_count=35 21 31 36 26
internal_value=0 0.0147339 0.00107675 -0.0290722
internal_weight=0 30.1924 23.1522 14.7113
internal_count=149 128 97 62
is_linear=0
shrinkage=0.1


Tree=7
num_leaves=6
num_cat=0
split_feature=6 5 14 8 5
split_gain=3.62183 2.10858 3.00963 2.0303 2.08069
threshold=659.66666666667163 2.4000000000000008 771.16666666667118 72.500000000000014 1.0000000180025095e-35
decision_type=2 2 2 2 2
left_child=1 2 3 -1 -5
right_child=-2 -3 -4 4 -6
leaf_value=-0.045337378196793565 -0.078271936782668305 -0.035913590687362912 0.089675117146455097 -0.0085485669576307339 0.0742715762638195
leaf_weight=5.2319957911968329 5.0378365516662589 6.7404042780399314 5.8491148948669425 6.6741632670164091 5.5608711838722229
leaf_count=22 21 28 26 28 24
internal_value=0 0.0133483 0.0275893 0.00679882 0.0290935
internal_weight=0 30.0565 23.3161 17.467 12.235
internal_count=149 128 100 74 52
is_linear=0
shrinkage=0.1


Tree=8
num_leaves=6
num_cat=0
split_feature=6 5 6 5 5
split_gain=2.91439 1.71618 2.38323 1.61445 0.209251
threshold=659.66666666667163 2.4000000000000008 466.00000000000006 0.55000000000000004 1.0500000000000003
decision_type=2 2 2 2 2
left_child=1 2 3 -1 -5
right_child=-2 -3 -4 4 -6
leaf_value=-0.025780757907189505 -0.069790426808913272 -0.032124813614576045 0.081473731229471519 0.020542006237340055 0.050496662473594578
leaf_weight=8.1258892565965741 5.0824372917413703 6.7795991897582999 5.6611604988574973 4.7710835635662061 4.5618399977684021
leaf_count=34 21 28 26 20 20
internal_value=0 0.0121178 0.0250913 0.00680881 0.0351835
internal_weight=0 29.8996 23.12 17.4588 9.33292
internal_count=149 128 100 74 40
is_linear=0
shrinkage=0.1


Tree=9
num_leaves=5
num_cat=0
split_feature=6 7 5 5
split_gain=2.56914 3.32375 2.98248 1.11866
threshold=348.33333333334127 0.15000000000000005 2.4000000000000008 1.25
decision_type=2 2 2 2
left_child=-1 -2 3 -3
right_child=1 2 -4 -5
leaf_value=0.048616362445878025 -0.077149142724007691 0.010631590763779375 -0.050027076707475186 0.070834377038680688
leaf_weight=8.3438179939985258 6.4976670444011715 8.6184579730033892 6.5712590962648383 4.8085516691207877
leaf_count=35 27 38 27 22
internal_value=0 -0.0150133 0.00517534 0.0321917
internal_weight=0 26.4959 19.9983 13.427
internal_count=149 114 87 60
is_linear=0
shrinkage=0.1


Tree=10
num_leaves=6
num_cat=0
split_feature=8 5 8 8 7
split_gain=2.12324 2.25525 2.18812 2.82152 1.12756
threshold=105.50000000000001 0.55000000000000004 72.500000000000014 30.500000000000004 1.3500000000000003
decision_type=2 2 2 2 2
left_child=2 -2 3 -1 -5
right_child=1 -3 -4 4 -6
leaf_value=0.045885970191665924 -0.085017528675128573 0.007918982692618393 0.062164301746535047 -0.070757717950191937 -0.0036954757753951926
leaf_weight=6.9114558398723664 5.1019294559955579 5.3482409119606018 7.3165775686502448 5.0036884397268278 5.0250706225633621
leaf_count=30 21 23 33 21 21
internal_value=0 -0.037454 0.0164634 -0.00327509 -0.0371551
internal_weight=0 10.4502 24.2568 16.9402 10.0288
internal_count=149 44 105 72 42
is_linear=0
shrinkage=0.1


Tree=11
num_leaves=5
num_cat=0
split_feature=6 8 8 8
split_gain=2.17998 4.60964 1.80668 1.68944
threshold=348.33333333334127 120.50000000000001 72.500000000000014 45.500000000000007
decision_type=2 2 2 2
left_child=-1 2 3 -2
right_child=1 -3 -4 -5
leaf_value=0.045105541622362633 0.014189046202526904 -0.10150123945972245 0.049442374945633687 -0.054832775183942632
leaf_weight=8.2451605647802335 8.9011127054691368 4.8835078477859488 6.6501995325088492 5.8947329819202414
leaf_count=35 39 20 31 24
internal_value=0 -0.0138174 0.00614917 -0.0133096
internal_weight=0 26.3296 21.446 14.7958
internal_count=149 114 94 63
is_linear=0
shrinkage=0.1


Tree=12
num_leaves=6
num_cat=0
split_feature=6 6 6 5 6
split_gain=1.94052 1.2207 2.24369 0.969174 1.8282
threshold=659.66666666667163 466.00000000000006 348.33333333334127 0.75000000000000011 382.33333333333377
decision_type=2 2 2 2 2
left_child=1 2 -1 -4 -5
right_child=-2 -3 3 4 -6
leaf_value=0.041023553564710338 -0.057223138294663613 0.047864003895517142 -0.062945489108719679 -0.052069416997453134 0.033329322053604581
leaf_weight=8.1634541153907829 5.0206562131643286 6.6144875288009635 4.51590771973133 4.7687057703733426 5.2850669771432877
leaf_count=35 21 31 19 20 23
internal_value=0 0.0100546 -0.000946555 -0.0244626 -0.00717701
internal_weight=0 29.3476 22.7331 14.5697 10.0538
internal_count=149 128 97 62 43
is_linear=0
shrinkage=0.1


Tree=13
num_leaves=6
num_cat=0
split_feature=8 5 8 8 14
split_gain=1.57021 1.83595 1.52091 2.03747 0.731424
threshold=105.50000000000001 0.55000000000000004 72.500000000000014 30.500000000000004 730.3333333333286
decision_type=2 2 2 2 2
left_child=2 -2 3 -1 -5
right_child=1 -3 -4 4 -6
leaf_value=0.040361059854574631 -0.075431445541978351 0.008963436855820895 0.05329613299034907 -0.0052405984428624871 -0.059249399619087123
leaf_weight=6.7793575376272264 5.0535740703344327 5.2613480687141418 7.0504754930734626 5.3502253293991071 4.7192874699831009
leaf_count=30 21 23 33 22 20
internal_value=0 -0.032384 0.0142988 -0.0020198 -0.030553
internal_weight=0 10.3149 23.8993 16.8489 10.0695
internal_count=149 44 105 72 42
is_linear=0
shrinkage=0.1


Tree=14
num_leaves=6
num_cat=0
split_feature=6 5 14 14 5
split_gain=1.56326 1.16542 2.31563 1.59335 1.44291
threshold=659.66666666667163 2.4000000000000008 771.16666666667118 196.00000000000003 1.0000000180025095e-35
decision_type=2 2 2 2 2
left_child=1 2 3 4 -1
right_child=-2 -3 -4 -5 -6
leaf_value=-0.008770595585412445 -0.051453838540412813 -0.027343000460055618 0.077357278812712024 -0.047644931959646308 0.060514126918610946
leaf_weight=7.0140347778797238 4.9952912181615821 6.738526999950408 5.3666330426931372 4.6820063591003409 5.2599260807037354
leaf_count=30 21 28 26 20 24
internal_value=0 0.00910513 0.0201077 0.00198801 0.0209209
internal_weight=0 29.0611 22.3226 16.956 12.274
internal_count=149 128 100 74 54
is_linear=0
shrinkage=0.1


Tree=15
num_leaves=6
num_cat=0
split_feature=7 7 7 13 5
split_gain=1.15069 1.60372 1.71555 1.384 0.170446
threshold=2.6500000000000017 1.0500000000000003 0.25000000000000006 798.33333333333405 0.55000000000000004
decision_type=2 2 2 2 2
left_child=1 2 4 -4 -1
right_child=-2 -3 3 -5 -6
leaf_value=-0.030051196085516353 0.042551513203944034 -0.056365082643980706 0.075221239358319161 -0.00050389334689322459 -0.0073856842882769535
leaf_weight=7.1031553596258217 5.4007853567600241 5.4879519641399375 4.6438595950603467 5.0253506302833557 6.2259460538625717
leaf_count=30 23 23 21 24 28
internal_value=0 -0.00779272 0.00379782 0.0358648 -0.0194643
internal_weight=0 28.4863 22.9983 9.66921 13.3291
internal_count=149 126 103 45 58
is_linear=0
shrinkage=0.1


Tree=16
num_leaves=5
num_cat=0
split_feature=6 8 6 6
split_gain=1.53106 3.37315 1.36606 0.944002
threshold=348.33333333334127 120.50000000000001 446.00000000000006 381.83333333332854
decision_type=2 2 2 2
left_child=-1 2 3 -2
right_child=1 -3 -4 -5
leaf_value=0.038346407031270138 0.016400823908006661 -0.087827907693724616 0.037156415954631129 -0.038573715255122404
leaf_weight=8.0326036810874921 5.4671664535999351 4.743503972887992 8.2791368514299375 7.2866414934396744
leaf_count=35 23 20 39 32
internal_value=0 -0.0116539 0.00552544 -0.0150078
internal_weight=0 25.7764 21.0329 12.7538
internal_count=149 114 94 55
is_linear=0
shrinkage=0.1


Tree=17
num_leaves=5
num_cat=0
split_feature=8 8 7 8
split_gain=1.07438 1.09949 1.8852 0.210592
threshold=30.500000000000004 57.500000000000007 0.25000000000000006 120.50000000000001
decision_type=2 2 2 2
left_child=-1 -2 3 -3
right_child=1 2 -4 -5
leaf_value=0.036230204497033465 -0.045007854058678833 -0.0090379357252103887 0.041989283784189341 -0.034603954031543899
leaf_weight=6.6458525359630576 6.3596216142177608 7.1182784438133258 7.6355538666248313 5.8861544132232666
leaf_count=30 27 32 35 25
internal_value=0 -0.00865347 0.0025481 -0.0206098
internal_weight=0 26.9996 20.64 13.0044
internal_count=149 119 92 57
is_linear=0
shrinkage=0.1


Tree=18
num_leaves=5
num_cat=0
split_feature=6 7 5 6
split_gain=1.33789 1.895 2.32775 0.95309
threshold=348.33333333334127 0.15000000000000005 2.4000000000000008 401.50000000000006
decision_type=2 2 2 2
left_child=-1 -2 3 -3
right_child=1 2 -4 -5
leaf_value=0.035999691804483348 -0.058902628328953238 0.0064957358604281678 -0.044280417141901909 0.061851846196934616
leaf_weight=7.9631958156824103 6.230880573391917 7.6035124361515063 6.4995172321796408 5.2633289843797684
leaf_count=35 27 34 27 26
internal_value=0 -0.010934 0.00449933 0.0291398
internal_weight=0 25.5972 19.3664 12.8668
internal_count=149 114 87 60
is_linear=0
shrinkage=0.1


Tree=19
num_leaves=5
num_cat=0
split_feature=6 6 6 13
split_gain=1.26063 0.930511 1.53254 0.818539
threshold=659.66666666667163 466.00000000000006 381.83333333332854 117.69243156199734
decision_type=2 2 2 2
left_child=1 2 3 -1
right_child=-2 -3 -4 -5
leaf_value=0.0011586693679481095 -0.047004346766200342 0.042176287205512274 -0.034877070165339488 0.052114007277918296
leaf_weight=8.923606023192411 4.8380162864923468 6.2851991206407538 8.4701026976108533 4.874654918909072
leaf_count=39 21 31 37 21
internal_value=0 0.00819692 -0.00139368 0.0191602
internal_weight=0 28.5536 22.2684 13.7983
internal_count=149 128 97 60
is_linear=0
shrinkage=0.1


Tree=20
num_leaves=6
num_cat=0
split_feature=6 6 6 13 6
split_gain=1.06028 0.732597 1.21997 0.917168 1.09726
threshold=219.33333333333943 659.66666666667163 466.00000000000006 37.03723404255328 381.83333333332854
decision_type=2 2 2 2 2
left_child=-1 2 3 -2 -5
right_child=1 -3 -4 4 -6
leaf_value=0.04553537197234294 -0.04282430625605127 -0.042354870377563497 0.038545762221223405 0.038509892063155582 -0.024137781531581901
leaf_weight=4.4651677012443534 6.5234335511922934 4.8324654102325431 6.1944083571434012 5.1171950995922071 6.1627848446369171
leaf_count=20 28 21 31 22 27
internal_value=0 -0.00683188 0.000321419 -0.0129781 0.00428251
internal_weight=0 28.8303 23.9978 17.8034 11.28
internal_count=149 129 108 77 49
is_linear=0
shrinkage=0.1


Tree=21
num_leaves=6
num_cat=0
split_feature=6 7 5 13 13
split_gain=0.938407 1.48364 2.05901 1.27094 0.257657
threshold=348.33333333334127 0.15000000000000005 2.4000000000000008 215.66411238825108 847.77777777777794
decision_type=2 2 2 2 2
left_child=-1 -2 3 -3 -5
right_child=1 2 -4 4 -6
leaf_value=0.030474948450187792 -0.051962613569842254 0.072342653224836961 -0.04125070484534589 0.022685032952813267 -0.012271883601219181
leaf_weight=7.8178554922342292 6.1364066153764751 4.2760141938924816 6.5029564052820197 4.2685717642307264 4.1666960939764977
leaf_count=35 27 20 27 19 21
internal_value=0 -0.0091547 0.00451676 0.0279309 0.00541767
internal_weight=0 25.3506 19.2142 12.7113 8.43527
internal_count=149 114 87 60 40
is_linear=0
shrinkage=0.1


Tree=22
num_leaves=6
num_cat=0
split_feature=8 8 6 6 5
split_gain=0.980348 1.12394 1.88671 0.772862 0.0632311
threshold=30.500000000000004 57.500000000000007 600.83333333333951 379.00000000000551 1.0000000180025095e-35
decision_type=2 2 2 2 2
left_child=-1 -2 3 4 -3
right_child=1 2 -4 -5 -6
leaf_value=0.034836193243233442 -0.045361627517369156 -0.0064586378452458487 -0.049675872082861637 0.048033594713848229 0.010340454950496627
leaf_weight=6.5453206896781913 6.2727522403001812 4.4278042912483233 5.0738393738865843 6.1681210845708838 4.5357866734266281
leaf_count=30 27 19 24 28 21
internal_value=0 -0.00838453 0.0030949 0.0207896 0.0020421
internal_weight=0 26.4783 20.2056 15.1317 8.96359
internal_count=149 119 92 68 40
is_linear=0
shrinkage=0.1


Tree=23
num_leaves=7
num_cat=0
split_feature=7 7 8 8 7 6
split_gain=0.893164 1.4724 1.42117 1.43891 0.45641 0.266548
threshold=2.6500000000000017 1.0500000000000003 105.50000000000001 36.500000000000007 0.35000000000000009 493.83333333332854
decision_type=2 2 2 2 2 2
left_child=1 2 3 -1 -5 -4
right_child=-2 -3 5 4 -6 -7
leaf_value=-0.025447372668837443 0.037892071067620964 -0.053732318721689598 -0.0097641637791099304 0.024978415933798005 0.069878651107128528 -0.04365496172259789
leaf_weight=3.8334879577159944 5.2732225656509391 5.4236157834529868 5.0592856109142286 4.4847808033227903 4.5716663897037506 4.2871424853801727
leaf_count=18 23 23 22 21 22 20
internal_value=0 -0.0070154 0.00437921 0.0259064 0.0476439 -0.0253096
internal_weight=0 27.66 22.2364 12.8899 9.05645 9.34643
internal_count=149 126 103 61 43 42
is_linear=0
shrinkage=0.1


Tree=24
num_leaves=5
num_cat=0
split_feature=14 13 14 5
split_gain=0.77628 0.778727 0.465012 0.0936938
threshold=832.3333333333386 215.66411238825108 358.33333333333513 1.0000000180025095e-35
decision_type=2 2 2 2
left_child=1 2 3 -1
right_child=-2 -3 -4 -5
leaf_value=-0.01215553154021147 0.039492280211672677 -0.035549072713111272 0.029428433138563255 0.0029128855413294427
leaf_weight=8.5043538659811109 4.3554064929485312 6.7352883219718924 5.2065626680850974 8.0158459991216642
leaf_count=38 23 29 22 37
internal_value=0 -0.00584069 0.0033689 -0.00484411
internal_weight=0 28.4621 21.7268 16.5202
internal_count=149 126 97 75
is_linear=0
shrinkage=0.1


Tree=25
num_leaves=6
num_cat=0
split_feature=8 11 8 7 6
split_gain=0.78349 0.901522 2.59974 5.19263 0.901749
threshold=30.500000000000004 1.0000000180025095e-35 63.500000000000007 0.15000000000000005 357.33333333333218
decision_type=2 2 2 2 2
left_child=-1 -2 -3 4 -4
right_child=1 2 3 -5 -6
leaf_value=0.03137161815754088 0.023424310185596792 -0.077413661865044059 -0.0063036892053821361 0.094265516870028404 -0.067678401503570171
leaf_weight=6.4601041078567496 6.9434172883629826 5.4116011261940029 4.7765672802925092 4.3914050012826911 4.7991015315055847
leaf_count=30 32 23 21 22 21
internal_value=0 -0.00749312 -0.0185709 0.00422798 -0.0370633
internal_weight=0 26.3221 19.3787 13.9671 9.57567
internal_count=149 119 87 64 42
is_linear=0
shrinkage=0.1


Tree=26
num_leaves=6
num_cat=0
split_feature=6 5 5 6 6
split_gain=0.764213 0.874276 1.85164 1.09907 0.420947
threshold=348.33333333334127 2.4000000000000008 1.25 600.83333333333951 399.33333333333036
decision_type=2 2 2 2 2
left_child=-1 2 3 4 -2
right_child=1 -3 -4 -5 -6
leaf_value=0.027728028235809971 -0.015903575663745725 -0.040085490127804081 0.059558247843542703 -0.052498557609919075 0.02710245642674778
leaf_weight=7.6934163868427268 4.5085152387619072 6.4313936084508887 4.3752651810646048 5.0132023617625228 4.5962538868188858
leaf_count=35 20 27 22 24 21
internal_value=0 -0.00832671 0.00271805 -0.0148972 0.00580666
internal_weight=0 24.9246 18.4932 14.118 9.10477
internal_count=149 114 87 65 41
is_linear=0
shrinkage=0.1


Tree=27
num_leaves=6
num_cat=0
split_feature=7 8 8 6 8
split_gain=0.698775 1.0792 2.10628 1.49804 0.529796
threshold=2.6500000000000017 30.500000000000004 63.500000000000007 600.83333333333951 105.50000000000001
decision_type=2 2 2 2 2
left_child=1 -1 -3 4 -4
right_child=-2 2 3 -5 -6
leaf_value=0.044703265201854046 0.033843900073057785 -0.066005632555983462 0.041669097080894141 -0.043674179587367086 0.001101212898202582
leaf_weight=3.6114934757351902 5.1806252747774115 5.8575042486190823 6.3419793993234652 4.9446645975112906 6.5376807004213333
leaf_count=17 23 25 31 24 29
internal_value=0 -0.00621665 -0.013982 0.00311427 0.0210769
internal_weight=0 27.2933 23.6818 17.8243 12.8797
internal_count=149 126 109 84 60
is_linear=0
shrinkage=0.1


Tree=28
num_leaves=7
num_cat=0
split_feature=8 8 8 5 5 8
split_gain=1.18822 1.37517 0.912312 1.66793 1.29092 1.05568
threshold=15.500000000000002 36.500000000000007 105.50000000000001 0.55000000000000004 0.55000000000000004 60.500000000000007
decision_type=2 2 2 2 2 2
left_child=-1 -2 3 -3 -4 -5
right_child=1 2 4 5 -6 -7
leaf_value=0.058624201635022494 -0.056486222967257416 0.069767583241828107 -0.057923146104263794 0.030334704718655445 0.015080197806309627 -0.033376778561928409
leaf_weight=3.1398647949099532 4.5712867230176952 4.4837813600897816 4.7435062974691373 4.9464257061481458 4.9497939050197601 5.4842810109257698
leaf_count=15 21 21 21 21 23 27
internal_value=0 -0.00611761 0.00323915 0.0187618 -0.0206447 -0.00316367
internal_weight=0 29.1791 24.6078 14.9145 9.6933 10.4307
internal_count=149 134 113 69 44 48
is_linear=0
shrinkage=0.1


Tree=29
num_leaves=7
num_cat=0
split_feature=8 8 8 5 5 6
split_gain=0.980798 1.09585 0.742785 1.38984 1.04908 0.966365
threshold=15.500000000000002 36.500000000000007 105.50000000000001 0.55000000000000004 0.55000000000000004 379.00000000000551
decision_type=2 2 2 2 2 2
left_child=-1 -2 3 -3 -4 -5
right_child=1 2 4 5 -6 -7
leaf_value=0.053849394872104939 -0.05006387111706892 0.064212217271678057 -0.052291014457335853 -0.040471873603085663 0.013599303103493649 0.02170595910700248
leaf_weight=3.079694837331771 4.6381181925535229 4.3895868808031109 4.7296858727931959 4.1287721246480924 4.9404364451766014 6.3346540704369545
leaf_count=15 21 21 21 19 23 29
internal_value=0 -0.00548913 0.00294139 0.0169841 -0.0186278 -0.00282884
internal_weight=0 29.1613 24.5231 14.853 9.67012 10.4634
internal_count=149 134 113 69 44 48
is_linear=0
shrinkage=0.1


Tree=30
num_leaves=6
num_cat=0
split_feature=14 14 7 5 5
split_gain=0.604206 0.626106 0.520456 0.261866 0.133325
threshold=832.3333333333386 730.3333333333286 0.25000000000000006 1.6500000000000001 0.55000000000000004
decision_type=2 2 2 2 2
left_child=1 2 4 -4 -1
right_child=-2 -3 3 -5 -6
leaf_value=-0.02023177776815992 0.035417742357052438 -0.03360323302098988 0.039338400539413586 0.0055022389239645459 0.00036753934748707661
leaf_weight=6.6386874616146141 4.2261834293603888 6.0572084933519355 4.166628882288931 5.0709894448518753 5.9652996808290482
leaf_count=30 23 26 20 22 28
internal_value=0 -0.00515618 0.00273287 0.020764 -0.0104824
internal_weight=0 27.8988 21.8416 9.23762 12.604
internal_count=149 126 100 42 58
is_linear=0
shrinkage=0.1


Tree=31
num_leaves=6
num_cat=0
split_feature=8 5 7 8 8
split_gain=0.788872 0.917233 0.50087 1.54526 0.234271
threshold=15.500000000000002 2.0500000000000003 0.25000000000000006 63.500000000000007 108.50000000000001
decision_type=2 2 2 2 2
left_child=-1 2 4 -4 -2
right_child=1 -3 3 -5 -6
leaf_value=0.048926104486850454 -0.027294375926038558 -0.040304994583354292 -0.012982987311206768 0.064198367221544914 0.00097041079109418571
leaf_weight=3.0073493346571913 4.6396335810422951 5.838655173778533 6.0581024438142759 4.5365818589925766 7.9694006517529488
leaf_count=15 21 25 27 24 37
internal_value=0 -0.00487703 0.00403757 0.0200656 -0.00942993
internal_weight=0 29.0424 23.2037 10.5947 12.609
internal_count=149 134 109 51 58
is_linear=0
shrinkage=0.1


Tree=32
num_leaves=6
num_cat=0
split_feature=6 8 12 6 14
split_gain=0.707628 1.30269 1.30672 0.568004 0.083019
threshold=348.33333333334127 114.50000000000001 1.0000000180025095e-35 382.33333333333377 798.33333333333223
decision_type=2 2 2 2 2
left_child=-1 2 -2 -4 -5
right_child=1 -3 3 4 -6
leaf_value=0.026937905392462942 0.040142254686292254 -0.053869415770531427 -0.045026182795473359 0.0098292923386942652 -0.0096743197634083684
leaf_weight=7.5446606203913715 6.5005512386560502 4.9562883973121634 4.2016418129205695 4.2076747268438321 4.5343960821628571
leaf_count=35 33 23 18 18 22
internal_value=0 -0.00810384 0.00356168 -0.0148097 -0.000286972
internal_weight=0 24.4006 19.4443 12.9437 8.74207
internal_count=149 114 91 58 40
is_linear=0
shrinkage=0.1


Tree=33
num_leaves=5
num_cat=0
split_feature=6 7 5 5
split_gain=0.609643 1.13252 1.2109 0.908788
threshold=219.33333333333943 0.15000000000000005 2.4000000000000008 1.25
decision_type=2 2 2 2
left_child=-1 -2 3 -3
right_child=1 2 -4 -5
leaf_value=0.035653561660182985 -0.036038492406722036 0.0059024169210279446 -0.026176990802848327 0.061724842230379585
leaf_weight=4.2002236470580128 8.3340696096420306 7.9282310456037539 6.7172215431928626 4.6134314313530922
leaf_count=20 38 38 29 24
internal_value=0 -0.00524137 0.00808574 0.0264366
internal_weight=0 27.593 19.2589 12.5417
internal_count=149 129 91 62
is_linear=0
shrinkage=0.1


Tree=34
num_leaves=7
num_cat=0
split_feature=8 8 6 11 8 8
split_gain=0.72235 0.836853 0.650397 0.647761 0.387989 1.03915
threshold=15.500000000000002 36.500000000000007 600.83333333333951 1.0000000180025095e-35 72.500000000000014 105.50000000000001
decision_type=2 2 2 2 2 2
left_child=-1 -2 3 -3 -5 -6
right_child=1 2 -4 4 5 -7
leaf_value=0.047138424289882554 -0.043428452154552294 0.042346683943142394 -0.026918261366574259 -0.024976661586080338 0.048550017752187952 -0.019097001275624071
leaf_weight=2.9662150666117695 4.6705353707075146 5.0729943588376161 5.6250827759504309 4.1583226472139296 4.1870879530906659 4.9617558941245079
leaf_count=15 21 23 28 18 22 22
internal_value=0 -0.00469942 0.00283582 0.0119418 0.000350752 0.0118625
internal_weight=0 28.6758 24.0052 18.3802 13.3072 9.14884
internal_count=149 134 113 85 62 44
is_linear=0
shrinkage=0.1


Tree=35
num_leaves=6
num_cat=0
split_feature=8 11 8 8 5
split_gain=0.517272 0.661248 1.47889 2.5339 0.35088
threshold=30.500000000000004 1.0000000180025095e-35 63.500000000000007 117.50000000000001 0.40000000000000013
decision_type=2 2 2 2 2
left_child=-1 -2 -3 4 -4
right_child=1 2 3 -5 -6
leaf_value=0.025970628384738004 0.020827179039949361 -0.059999818133370297 0.056066865428667935 -0.054689391607298812 0.014960752781255525
leaf_weight=6.2307496219873455 6.6685913652181688 5.3945710361003867 4.2153558135032636 4.9283198714256278 4.0927240401506424
leaf_count=30 32 23 21 22 21
internal_value=0 -0.00619537 -0.0158676 0.00211879 0.0358172
internal_weight=0 25.2996 18.631 13.2364 8.30808
internal_count=149 119 87 64 42
is_linear=0
shrinkage=0.1


Tree=36
num_leaves=5
num_cat=0
split_feature=6 8 6 14
split_gain=0.476262 0.795007 1.12915 0.579057
threshold=348.33333333334127 114.50000000000001 446.00000000000006 699.33333333333223
decision_type=2 2 2 2
left_child=-1 2 3 -2
right_child=1 -3 -4 -5
leaf_value=0.022418694587567761 -0.038934806601742949 -0.04295453621016939 0.034411750102332307 0.0047813251764081558
leaf_weight=7.354418613016608 5.7699461132288032 4.824026107788085 7.0140577778220168 6.3806077539920807
leaf_count=35 25 23 36 30
internal_value=0 -0.00666948 0.00246402 -0.0159782
internal_weight=0 23.9886 19.1646 12.1506
internal_count=149 114 91 55
is_linear=0
shrinkage=0.1


Tree=37
num_leaves=6
num_cat=0
split_feature=8 11 8 8 5
split_gain=0.412301 0.57282 1.19838 1.91112 0.305656
threshold=30.500000000000004 1.0000000180025095e-35 63.500000000000007 117.50000000000001 0.40000000000000013
decision_type=2 2 2 2 2
left_child=-1 -2 -3 4 -4
right_child=1 2 3 -5 -6
leaf_value=0.023330055162447051 0.01966913840009199 -0.054258077619046177 0.050574930605886463 -0.047828702457508337 0.011876934423351719
leaf_weight=6.1570603623986271 6.6231049150228563 5.3942593783140174 4.1088632866740209 4.8643610030412665 4.0557250827550888
leaf_count=30 32 23 21 22 21
internal_value=0 -0.00555341 -0.0146209 0.00178978 0.0313519
internal_weight=0 25.0463 18.4232 13.0289 8.16459
internal_count=149 119 87 64 42
is_linear=0
shrinkage=0.1


Tree=38
num_leaves=5
num_cat=0
split_feature=6 5 14 6
split_gain=0.377378 0.764942 1.42115 1.94254
threshold=348.33333333334127 2.4000000000000008 771.16666666667118 466.00000000000006
decision_type=2 2 2 2
left_child=-1 2 3 -2
right_child=1 -3 -4 -5
leaf_value=0.020091453806327746 -0.055245604392884187 -0.036204742020893847 0.047134288075606504 0.024808158961754249
leaf_weight=7.261062145233157 5.9355687499046379 6.1846667081117621 5.4440582469105712 6.1945442035794258
leaf_count=35 27 27 29 31
internal_value=0 -0.00595784 0.00468659 -0.0143642
internal_weight=0 23.7588 17.5742 12.1301
internal_count=149 114 87 58
is_linear=0
shrinkage=0.1


Tree=39
num_leaves=5
num_cat=0
split_feature=8 5 7 8
split_gain=0.39054 0.532945 1.24654 0.279263
threshold=30.500000000000004 1.5000000000000002 0.45000000000000007 108.50000000000001
decision_type=2 2 2 2
left_child=-1 2 3 -2
right_child=1 -3 -4 -5
leaf_value=0.022774142034142138 -0.015901627005083827 0.018995819472529055 -0.060240893034962897 0.01287045143869921
leaf_weight=6.1151302158832577 5.8760104775428825 6.5641687735915175 4.4517680406570426 7.9206833317875862
leaf_count=30 31 31 19 38
internal_value=0 -0.00544005 -0.0142299 0.000616426
internal_weight=0 24.8126 18.2485 13.7967
internal_count=149 119 88 69
is_linear=0
shrinkage=0.1


Tree=40
num_leaves=5
num_cat=0
split_feature=14 13 8 8
split_gain=0.335646 0.566858 0.801029 0.274577
threshold=832.3333333333386 215.66411238825108 51.500000000000007 108.50000000000001
decision_type=2 2 2 2
left_child=1 2 -1 -4
right_child=-2 -3 3 -5
leaf_value=0.040547392759007435 0.027408278608923364 -0.029410455360757443 -0.020204478218395799 0.0062480652073432248
leaf_weight=4.7088352143764594 3.9367354512214652 6.565045364201068 7.5580291077494612 8.1611132696270925
leaf_count=21 23 29 37 39
internal_value=0 -0.00384784 0.00436735 -0.00647076
internal_weight=0 26.993 20.428 15.7191
internal_count=149 126 97 76
is_linear=0
shrinkage=0.1


Tree=41
num_leaves=6
num_cat=0
split_feature=6 5 6 6 14
split_gain=0.332718 0.828501 0.613661 2.16809 0.539271
threshold=366.50000000000733 1.0000000180025095e-35 466.00000000000006 684.16666666667163 764.66666666666515
decision_type=2 2 2 2 2
left_child=1 -1 4 -4 -2
right_child=2 -3 3 -5 -6
leaf_value=-0.018840691393676209 -0.050814516813284555 0.036287310784010693 0.044726540732915231 -0.051020629026553944 -0.003047182023792114
leaf_weight=4.6038698703050631 4.5607616156339663 6.684042289853096 6.3980845808982831 3.7517606914043427 4.9055643603205681
leaf_count=21 20 33 34 18 23
internal_value=0 0.0138029 -0.00774637 0.00933482 -0.0260609
internal_weight=0 11.2879 19.6162 10.1498 9.46633
internal_count=149 54 95 52 43
is_linear=0
shrinkage=0.1


Tree=42
num_leaves=6
num_cat=0
split_feature=6 7 13 7 7
split_gain=0.288115 1.01009 0.90232 0.379462 0.104132
threshold=256.16666666667157 0.15000000000000005 215.66411238825108 0.65000000000000002 1.9500000000000008
decision_type=2 2 2 2 2
left_child=-1 -2 4 -4 -3
right_child=1 2 3 -5 -6
leaf_value=0.023023831229106916 -0.035225718699663851 0.044266802721375995 -0.03584371626049921 0.0037999357872401541 0.022162234190849811
leaf_weight=4.6610175892710712 7.4051196575164822 3.9160568192601222 3.9878944903612119 6.1195401400327682 4.6758933514356613
leaf_count=23 35 20 22 28 21
internal_value=0 -0.00396706 0.00841164 -0.0118415 0.0322371
internal_weight=0 26.1045 18.6994 10.1074 8.59195
internal_count=149 126 91 50 41
is_linear=0
shrinkage=0.1


Tree=43
num_leaves=5
num_cat=0
split_feature=5 5 6 5
split_gain=0.359005 0.987093 0.943501 1.48497
threshold=2.4000000000000008 1.25 600.83333333333951 0.55000000000000004
decision_type=2 2 2 2
left_child=1 2 3 -1
right_child=-2 -3 -4 -5
leaf_value=-0.019651268003106636 -0.020102116226011352 0.04633143446301323 -0.04332265249896286 0.045232741152925207
leaf_weight=8.1673919335007756 6.8284453600645056 4.8194946423172942 4.6802965104579917 6.2087084576487532
leaf_count=38 31 26 24 30
internal_value=0 0.00590003 -0.00432535 0.00837065
internal_weight=0 23.8759 19.0564 14.3761
internal_count=149 118 92 68
is_linear=0
shrinkage=0.1


Tree=44
num_leaves=6
num_cat=0
split_feature=5 14 14 8 8
split_gain=0.291093 1.00058 0.738158 0.412994 0.548569
threshold=2.4000000000000008 771.16666666667118 196.00000000000003 105.50000000000001 126.50000000000001
decision_type=2 2 2 2 2
left_child=1 2 3 -1 -5
right_child=-2 -3 -4 4 -6
leaf_value=0.027709797965934729 -0.018058116499608753 0.043732644598039633 -0.040012673377424292 -0.032920339624280322 0.018063613763265953
leaf_weight=5.3596476241946318 6.8405397981405249 5.2821992412209502 4.6650897562503806 4.280261389911173 4.1629631593823433
leaf_count=27 31 29 21 21 20
internal_value=0 0.00535353 -0.00562366 0.00599913 -0.00778251
internal_weight=0 23.7502 18.468 13.8029 8.44322
internal_count=149 118 89 68 41
is_linear=0
shrinkage=0.1


Tree=45
num_leaves=6
num_cat=0
split_feature=7 7 7 8 5
split_gain=0.284638 0.799278 1.26604 0.832693 0.674788
threshold=2.6500000000000017 1.0500000000000003 0.55000000000000016 96.500000000000014 0.55000000000000004
decision_type=2 2 2 2 2
left_child=1 2 3 -1 -5
right_child=-2 -3 -4 4 -6
leaf_value=-0.034141630178068726 0.022472257322173374 -0.038636666461584375 0.055913198405253786 -0.012776911824438112 0.040082328676606493
leaf_weight=6.774321444332613 4.8005662336945525 5.3048645406961432 3.932858169078826 5.2526173144578916 4.4704889953136444
leaf_count=35 23 23 19 25 24
internal_value=0 -0.00405184 0.00492835 -0.00722604 0.0115267
internal_weight=0 25.7352 20.4303 16.4974 9.72311
internal_count=149 126 103 84 49
is_linear=0
shrinkage=0.1


Tree=46
num_leaves=5
num_cat=0
split_feature=13 14 14 5
split_gain=0.253989 1.03184 0.521509 0.00373175
threshold=215.66411238825108 412.50000000000119 798.33333333333223 1.0000000180025095e-35
decision_type=2 2 2 2
left_child=1 3 -2 -1
right_child=2 -3 -4 -5
leaf_value=-0.006832932096348554 -0.033915726239435839 0.049257957217150712 0.011880628081535914 -0.0037844084053556531
leaf_weight=7.8716459572315314 5.4270059838891012 4.4247099608182898 4.5893101245164871 8.1966902762651426
leaf_count=38 24 20 26 41
internal_value=0 0.00649714 -0.0129326 -0.00527784
internal_weight=0 20.493 10.0163 16.0683
internal_count=149 99 50 79
is_linear=0
shrinkage=0.1


Tree=47
num_leaves=6
num_cat=0
split_feature=6 6 6 5 14
split_gain=0.320272 0.56145 1.63724 0.526138 0.381223
threshold=366.50000000000733 466.00000000000006 684.16666666667163 1.0000000180025095e-35 764.66666666666515
decision_type=2 2 2 2 2
left_child=3 4 -3 -1 -2
right_child=1 2 -4 -5 -6
leaf_value=-0.012195234540038173 -0.046000746860595708 0.040138970008085827 -0.043869786199487643 0.031853509344234414 -0.0056806716262239702
leaf_weight=4.6325824558734912 4.5487151890993136 6.2372620031237584 3.6936823427677155 6.5394730269908905 4.8401909619569778
leaf_count=21 20 34 18 33 23
internal_value=0 -0.00768244 0.00889303 0.0135883 -0.0252148
internal_weight=0 19.3199 9.93094 11.1721 9.38891
internal_count=149 95 52 54 43
is_linear=0
shrinkage=0.1


Tree=48
num_leaves=6
num_cat=0
split_feature=12 8 13 8 8
split_gain=0.226022 0.728832 0.646301 0.794654 0.299837
threshold=1.0000000180025095e-35 105.50000000000001 451.0416666666643 39.500000000000007 126.50000000000001
decision_type=2 2 2 2 2
left_child=1 -1 3 -2 -3
right_child=2 4 -4 -5 -6
leaf_value=0.031977141836791879 -0.026946647413038267 -0.030139993783582522 -0.040432389238003574 0.02959415149515849 0.0072524208798757234
leaf_weight=7.1604451015591648 4.3785627484321576 4.2418954223394376 4.4887332990765563 5.7500839084386826 4.336995504796505
leaf_count=38 21 21 22 26 21
internal_value=0 0.00842307 -0.00884625 0.00515185 -0.0112365
internal_weight=0 15.7393 14.6174 10.1286 8.57889
internal_count=149 80 69 47 42
is_linear=0
shrinkage=0.1


Tree=49
num_leaves=5
num_cat=0
split_feature=5 5 6 5
split_gain=0.343374 0.7973 0.748024 1.07
threshold=2.4000000000000008 1.25 600.83333333333951 0.55000000000000004
decision_type=2 2 2 2
left_child=1 2 3 -1
right_child=-2 -3 -4 -5
leaf_value=-0.015597314064750005 -0.019653056085432434 0.042939076584208563 -0.038132540173963919 0.039816300427852599
leaf_weight=8.1584692522883504 6.8191855996847144 4.6468821838498107 4.6476895734667769 6.0824596956372252
leaf_count=38 31 26 24 30
internal_value=0 0.005831 -0.00329814 0.00807046
internal_weight=0 23.5355 18.8886 14.2409
internal_count=149 118 92 68
is_linear=0
shrinkage=0.1


Tree=50
num_leaves=6
num_cat=0
split_feature=6 7 12 6 6
split_gain=0.265128 0.433148 1.07832 0.536427 0.486589
threshold=348.33333333334127 0.15000000000000005 1.0000000180025095e-35 382.33333333333377 399.00000000000369
decision_type=2 2 2 2 2
left_child=-1 -2 -3 -4 -5
right_child=1 2 3 4 -6
leaf_value=0.017090392022918493 -0.029811462256679678 0.043229975287861683 -0.040939849652495239 0.028914351226562475 -0.018903427108862995
leaf_weight=7.048572130501273 5.4170965179801014 4.7576569095253971 4.3735787570476523 3.7860118150711042 4.85952128469944
leaf_count=35 27 27 19 17 24
internal_value=0 -0.00505579 0.00248798 -0.0124006 0.00203671
internal_weight=0 23.1939 17.7768 13.0191 8.64553
internal_count=149 114 87 60 41
is_linear=0
shrinkage=0.1


Tree=51
num_leaves=5
num_cat=0
split_feature=8 8 7 8
split_gain=0.314471 0.505217 0.589147 0.652475
threshold=30.500000000000004 57.500000000000007 0.25000000000000006 108.50000000000001
decision_type=2 2 2 2
left_child=-1 -2 3 -3
right_child=1 2 -4 -5
leaf_value=0.020699623470376533 -0.029907067385833177 -0.041651808618415942 0.027315321272030249 0.0077752006540433754
leaf_weight=5.949134178459647 6.0794097483158138 4.196875989437105 6.5694930255413047 7.3447190076112747
leaf_count=30 27 20 35 37
internal_value=0 -0.00496353 0.00340935 -0.010198
internal_weight=0 24.1905 18.1111 11.5416
internal_count=149 119 92 57
is_linear=0
shrinkage=0.1


Tree=52
num_leaves=6
num_cat=0
split_feature=8 11 8 7 6
split_gain=0.256108 0.455331 1.06552 3.15322 0.257555
threshold=30.500000000000004 1.0000000180025095e-35 63.500000000000007 0.15000000000000005 357.33333333333218
decision_type=2 2 2 2 2
left_child=-1 -2 -3 4 -4
right_child=1 2 3 -5 -6
leaf_value=0.018763798937827498 0.018539873578493543 -0.050314578340010407 -0.012752547910771362 0.080107592890471591 -0.04692828935928936
leaf_weight=5.9088225737214115 6.3503614589572015 5.2844335287809363 4.5221636891365034 3.7435478344559661 4.3037477135658264
leaf_count=30 32 23 21 22 21
internal_value=0 -0.00445786 -0.0126378 0.0032022 -0.0294175
internal_weight=0 24.2043 17.8539 12.5695 8.82591
internal_count=149 119 87 64 42
is_linear=0
shrinkage=0.1


Tree=53
num_leaves=5
num_cat=0
split_feature=13 14 14 5
split_gain=0.315183 0.835782 0.502091 0.0015646
threshold=215.66411238825108 412.50000000000119 798.33333333333223 0.55000000000000004
decision_type=2 2 2 2
left_child=1 3 -2 -1
right_child=2 -3 -4 -5
leaf_value=-0.00245620788503341 -0.035340262888710179 0.045972480114032294 0.010093768899793765 -0.0044480616532452857
leaf_weight=7.8483112081885391 5.3284946754574758 4.3679296374320975 4.4750538021326065 7.9262753948569298
leaf_count=39 24 20 26 40
internal_value=0 0.0072618 -0.0146009 -0.00345706
internal_weight=0 20.1425 9.80355 15.7746
internal_count=149 99 50 79
is_linear=0
shrinkage=0.1


Tree=54
num_leaves=5
num_cat=0
split_feature=5 14 6 8
split_gain=0.349165 0.699156 0.758589 0.840611
threshold=2.4000000000000008 771.16666666667118 466.00000000000006 96.500000000000014
decision_type=2 2 2 2
left_child=1 2 3 -1
right_child=-2 -3 -4 -5
leaf_value=-0.039901267188671874 -0.019917895935218734 0.038876473330458079 0.02614265826267629 0.013199026416539956
leaf_weight=7.0556505993008702 6.7495796680450431 5.0396891683340064 5.9231462478637686 5.1626972407102585
leaf_count=33 31 29 31 25
internal_value=0 0.00592659 -0.00322686 -0.0174645
internal_weight=0 23.1812 18.1415 12.2183
internal_count=149 118 89 58
is_linear=0
shrinkage=0.1


Tree=55
num_leaves=6
num_cat=0
split_feature=6 8 8 7 12
split_gain=0.303106 0.799851 1.1445 0.446172 0.299236
threshold=366.50000000000733 36.500000000000007 114.50000000000001 0.84999999999999998 1.0000000180025095e-35
decision_type=2 2 2 2 2
left_child=4 -2 3 -3 -1
right_child=1 2 -4 -5 -6
leaf_value=0.025861941562518011 -0.041340718076397526 0.045238580894683821 -0.037259584809065417 0.0016000939495690312 -0.0083090166118921695
leaf_weight=6.9610854312777537 5.1189445480704334 4.9598270952701551 4.3814544454216948 4.4406457096338272 4.0558668449521065
leaf_count=34 26 28 22 19 20
internal_value=0 -0.00758648 0.00495067 0.0246244 0.013282
internal_weight=0 18.9009 13.7819 9.40047 11.017
internal_count=149 95 69 47 54
is_linear=0
shrinkage=0.1


Tree=56
num_leaves=5
num_cat=0
split_feature=8 6 8 6
split_gain=0.31738 0.399444 0.82309 0.767421
threshold=30.500000000000004 600.83333333333951 57.500000000000007 379.00000000000551
decision_type=2 2 2 2
left_child=-1 2 -2 -4
right_child=1 -3 3 -5
leaf_value=0.020843279315253652 -0.033559726057433216 -0.028327786922284583 -0.0047709177973564018 0.043838758771177364
leaf_weight=5.9128385037183788 4.7732572853565278 5.6278387010097495 8.0894494578242284 5.4264120459556571
leaf_count=30 21 30 40 28
internal_value=0 -0.00503075 0.00213809 0.0147451
internal_weight=0 23.917 18.2891 13.5159
internal_count=149 119 89 68
is_linear=0
shrinkage=0.1


Tree=57
num_leaves=6
num_cat=0
split_feature=6 8 8 14 12
split_gain=0.266702 0.675857 0.996296 0.598918 0.244578
threshold=366.50000000000733 36.500000000000007 114.50000000000001 730.3333333333286 1.0000000180025095e-35
decision_type=2 2 2 2 2
left_child=4 -2 3 -3 -1
right_child=1 2 -4 -5 -6
leaf_value=0.023900002686621194 -0.038042018315667711 0.046206892499934309 -0.035122972481604446 -0.0047180835235428832 -0.0070373472831324517
leaf_weight=6.9222241714596766 5.1411712318658855 5.0548991784453374 4.3299965411424628 4.2520852461457253 4.0506746247410774
leaf_count=34 26 25 22 22 20
internal_value=0 -0.00714412 0.00450445 0.0229408 0.0124794
internal_weight=0 18.7782 13.637 9.30698 10.9729
internal_count=149 95 69 47 54
is_linear=0
shrinkage=0.1


Tree=58
num_leaves=6
num_cat=0
split_feature=8 7 8 8 8
split_gain=0.338638 0.557657 1.14123 0.629828 0.256304
threshold=30.500000000000004 1.2500000000000002 96.500000000000014 72.500000000000014 120.50000000000001
decision_type=2 2 2 2 2
left_child=-1 2 3 -2 -4
right_child=1 -3 4 -5 -6
leaf_value=0.021485634510807306 -0.067787357678918622 0.022193356963066721 0.027446683574148308 -0.013062106782741579 -0.0051983673271050372
leaf_weight=5.9224943369627026 4.2564494907856041 5.6490142792463294 4.3919613733887655 4.1568701267242432 5.3161639869213104
leaf_count=30 19 25 24 24 27
internal_value=0 -0.00523974 -0.0137915 -0.0407486 0.00957027
internal_weight=0 23.7705 18.1214 8.41332 9.70813
internal_count=149 119 94 43 51
is_linear=0
shrinkage=0.1


Tree=59
num_leaves=6
num_cat=0
split_feature=8 7 8 8 5
split_gain=0.275794 0.451286 0.917128 0.503853 0.490139
threshold=30.500000000000004 1.2500000000000002 96.500000000000014 72.500000000000014 0.55000000000000004
decision_type=2 2 2 2 2
left_child=-1 2 3 -2 -4
right_child=1 -3 4 -5 -6
leaf_value=0.019478703041365245 -0.060484758545466491 0.019981042984130649 -0.012774959139600407 -0.011695835351588066 0.032309089838235473
leaf_weight=5.8816761374473598 4.2912940084934288 5.6471242606639853 5.0736343935132009 4.1770867332816124 4.5956825986504555
leaf_count=30 19 25 25 24 26
internal_value=0 -0.00470511 -0.0123911 -0.0364193 0.00865282
internal_weight=0 23.7848 18.1377 8.46838 9.66932
internal_count=149 119 94 43 51
is_linear=0
shrinkage=0.1


Tree=60
num_leaves=6
num_cat=0
split_feature=5 5 12 6 6
split_gain=0.335837 0.934406 0.526785 0.473137 0.808578
threshold=2.7499999999999996 1.5000000000000002 1.0000000180025095e-35 219.33333333333943 466.00000000000006
decision_type=2 2 2 2 2
left_child=1 2 3 -1 -5
right_child=-2 -3 -4 4 -6
leaf_value=0.043299858383823615 -0.020521789125101379 0.050010099890516038 -0.028559198964952327 -0.032096929988238113 0.022958583205983003
leaf_weight=2.8866334110498526 6.2423087656497946 3.9376745298504821 5.8308739662170401 4.9291085600852949 5.8142022863030434
leaf_count=15 29 22 27 24 32
internal_value=0 0.00558437 -0.00340467 0.00735641 -0.00230128
internal_weight=0 23.3985 19.4608 13.6299 10.7433
internal_count=149 120 98 71 56
is_linear=0
shrinkage=0.1


Tree=61
num_leaves=6
num_cat=0
split_feature=8 5 7 7 5
split_gain=0.291757 0.680718 1.23709 0.909171 0.507697
threshold=105.50000000000001 0.40000000000000013 0.55000000000000016 1.2500000000000002 0.55000000000000004
decision_type=2 2 2 2 2
left_child=1 -1 -3 -4 -2
right_child=4 2 3 -5 -6
leaf_value=0.039050236930086357 -0.03962117846948994 -0.051299743044811219 0.052844833994120523 -0.0063230244248542846 0.0086950374447063872
leaf_weight=4.9133782833814683 4.3192470893263799 4.0446020662784568 3.8293434083461753 8.0699408277869207 4.3803628981113434
leaf_count=25 21 23 19 38 23
internal_value=0 0.0065069 -0.00352188 0.012718 -0.0152934
internal_weight=0 20.8573 15.9439 11.8993 8.69961
internal_count=149 105 80 57 44
is_linear=0
shrinkage=0.1


Tree=62
num_leaves=5
num_cat=0
split_feature=5 14 6 6
split_gain=0.284673 0.830919 0.593179 0.683482
threshold=2.4000000000000008 771.16666666667118 466.00000000000006 337.83333333333809
decision_type=2 2 2 2
left_child=1 2 3 -1
right_child=-2 -3 -4 -5
leaf_value=0.007113172080280227 -0.017956264452563975 0.041725854952080942 0.021855510797119074 -0.04047309663701474
leaf_weight=5.9080690219998448 6.7411539256572715 4.9406486228108397 5.7363669425249091 6.1708896830677986
leaf_count=29 31 29 31 29
internal_value=0 0.00544007 -0.00462291 -0.0171977
internal_weight=0 22.756 17.8153 12.079
internal_count=149 118 89 58
is_linear=0
shrinkage=0.1


Tree=63
num_leaves=6
num_cat=0
split_feature=6 13 13 6 6
split_gain=0.280808 0.404014 0.687488 0.278979 0.189757
threshold=366.50000000000733 145.01700680272111 358.5019841269829 510.50000000000006 268.83333333332854
decision_type=2 2 2 2 2
left_child=4 3 -3 -2 -1
right_child=1 2 -4 -5 -6
leaf_value=-0.0012402681896543804 0.02903603560888092 -0.05249538263658049 0.00066973896731515725 -0.0074744449661894282 0.025245354984756548
leaf_weight=5.0815019831061381 3.758429482579233 4.0936806350946409 5.9930587448179722 4.7225306332111359 5.7842152044177055
leaf_count=26 19 18 33 25 28
internal_value=0 -0.00738131 -0.0209072 0.00870557 0.012859
internal_weight=0 18.5677 10.0867 8.48096 10.8657
internal_count=149 95 51 44 54
is_linear=0
shrinkage=0.1


Tree=64
num_leaves=6
num_cat=0
split_feature=7 7 7 6 5
split_gain=0.236506 0.595928 1.17588 0.804485 0.495157
threshold=2.6500000000000017 1.0500000000000003 0.55000000000000016 600.83333333333951 0.55000000000000004
decision_type=2 2 2 2 2
left_child=1 2 3 4 -1
right_child=-2 -3 -4 -5 -6
leaf_value=-0.013290013679260089 0.020600569757715351 -0.033891262590621155 0.054618369795525049 -0.047314455536817082 0.02774657314090688
leaf_weight=6.5474810227751821 4.7182335108518592 5.2058955281972876 3.7378922775387755 3.8780899196863166 5.337208166718483
leaf_count=32 23 23 19 22 30
internal_value=0 -0.00383272 0.0041917 -0.00776618 0.00513881
internal_weight=0 24.7066 19.5007 15.7628 11.8847
internal_count=149 126 103 84 62
is_linear=0
shrinkage=0.1


Tree=65
num_leaves=6
num_cat=0
split_feature=6 6 6 13 13
split_gain=0.23295 0.446601 0.730417 0.576933 0.161333
threshold=366.50000000000733 466.00000000000006 659.66666666667163 254.70114942528883 1.0000000180025095e-35
decision_type=2 2 2 2 2
left_child=4 3 -3 -2 -1
right_child=1 2 -4 -5 -6
leaf_value=0.0017375236452365165 -0.046161091790635531 0.032738667394490939 -0.023367284380343835 0.0044537250860335505 0.026660747869163726
leaf_weight=6.465590603649618 4.838983282446863 5.3647987954318506 4.0888147130608559 4.2124179750680923 4.341079905629158
leaf_count=32 22 31 21 21 22
internal_value=0 -0.00672898 0.00847209 -0.0226055 0.0117493
internal_weight=0 18.505 9.45361 9.0514 10.8067
internal_count=149 95 52 43 54
is_linear=0
shrinkage=0.1


Tree=66
num_leaves=6
num_cat=0
split_feature=8 5 5 13 5
split_gain=0.262014 0.57768 0.610983 0.696334 0.33542
threshold=105.50000000000001 0.40000000000000013 1.0500000000000003 254.70114942528883 0.55000000000000004
decision_type=2 2 2 2 2
left_child=1 -1 -3 -4 -2
right_child=4 2 3 -5 -6
leaf_value=0.036338799153440862 -0.034474318587570982 -0.032843443961210826 -0.0096524800770506659 0.042260561218611492 0.005119463150298844
leaf_weight=4.856503061950213 4.2698423117399198 4.8051462471485129 6.8616925328969938 4.1444722451269627 4.2886412367224693
leaf_count=25 21 23 32 25 23
internal_value=0 0.00617275 -0.00309286 0.00989585 -0.0146339
internal_weight=0 20.6678 15.8113 11.0062 8.55848
internal_count=149 105 80 57 44
is_linear=0
shrinkage=0.1


Tree=67
num_leaves=6
num_cat=0
split_feature=13 8 6 8 8
split_gain=0.223206 0.929361 0.747208 0.782028 0.618827
threshold=215.66411238825108 51.500000000000007 256.16666666667157 120.50000000000001 36.500000000000007
decision_type=2 2 2 2 2
left_child=1 -1 -3 -4 -2
right_child=4 2 3 -5 -6
leaf_value=0.043907068760072235 -0.043539854220675904 0.034295212532061435 0.00061344147128591182 -0.054552089979993716 0.0084311953654783844
leaf_weight=4.8985173255205217 3.8329249545931798 3.4539828151464453 7.2716710045933706 3.9741449356079102 5.6956657096743584
leaf_count=23 20 18 37 21 30
internal_value=0 0.00618407 -0.00638662 -0.0188814 -0.0124744
internal_weight=0 19.5983 14.6998 11.2458 9.52859
internal_count=149 99 76 58 50
is_linear=0
shrinkage=0.1


Tree=68
num_leaves=6
num_cat=0
split_feature=5 5 12 8 6
split_gain=0.243843 0.725446 0.53984 0.437732 0.0290432
threshold=2.7499999999999996 1.5000000000000002 1.0000000180025095e-35 105.50000000000001 382.49999999999642
decision_type=2 2 2 2 2
left_child=1 2 3 -1 -5
right_child=-2 -3 -4 4 -6
leaf_value=0.030008466058229873 -0.017504093127752599 0.044906493717025257 -0.028529541637394008 -0.00049307826773314228 -0.012702142118677649
leaf_weight=5.3879841566085904 6.2017002999782553 3.7744804285466662 5.7975263819098464 3.6428311467170715 4.1888735517859459
leaf_count=30 29 22 27 17 24
internal_value=0 0.00486051 -0.0030877 0.00806988 -0.00702323
internal_weight=0 22.7917 19.0172 13.2197 7.8317
internal_count=149 120 98 71 41
is_linear=0
shrinkage=0.1


Tree=69
num_leaves=5
num_cat=0
split_feature=5 14 14 5
split_gain=0.205627 0.66471 0.429423 0.0111954
threshold=2.4000000000000008 771.16666666667118 196.00000000000003 1.0000000180025095e-35
decision_type=2 2 2 2
left_child=1 2 3 -1
right_child=-2 -3 -4 -5
leaf_value=0.0023743244031721716 -0.015273576759295877 0.037807757913911666 -0.030687523646813354 0.0083113704827491048
leaf_weight=7.1411271989345639 6.7013277336955062 4.7658862955868235 4.5645288228988639 5.7203799411654472
leaf_count=37 31 29 21 31
internal_value=0 0.00471401 -0.00433687 0.00501493
internal_weight=0 22.1919 17.426 12.8615
internal_count=149 118 89 68
is_linear=0
shrinkage=0.1


Tree=70
num_leaves=6
num_cat=0
split_feature=8 11 8 8 8
split_gain=0.242765 0.456395 0.666278 1.32655 0.0215079
threshold=30.500000000000004 1.0000000180025095e-35 120.50000000000001 63.500000000000007 93.500000000000014
decision_type=2 2 2 2 2
left_child=-1 -2 3 -3 -5
right_child=1 2 -4 4 -6
leaf_value=0.018427003551122156 0.019089411108558243 -0.04202022955275362 -0.049088992466065295 0.028195956950451809 0.017834893855599877
leaf_weight=5.7675748616457012 6.0478397347033086 5.0900899171829215 3.9155098423361769 4.1854294687509519 3.8431651890277863
leaf_count=30 32 23 20 25 19
internal_value=0 -0.0045096 -0.0128882 -0.00208345 0.0232363
internal_weight=0 23.082 17.0342 13.1187 8.02859
internal_count=149 119 87 67 44
is_linear=0
shrinkage=0.1


Tree=71
num_leaves=6
num_cat=0
split_feature=8 7 8 8 5
split_gain=0.197861 0.4773 1.18605 0.268129 0.38146
threshold=30.500000000000004 1.2500000000000002 72.500000000000014 105.50000000000001 0.55000000000000004
decision_type=2 2 2 2 2
left_child=-1 2 -2 -4 -5
right_child=1 -3 3 4 -6
leaf_value=0.016688129277090628 -0.058313400664104981 0.021752199894457244 0.019983056370711176 -0.029878223234091991 0.013856759958881915
leaf_weight=5.7335647270083454 4.2197046428918901 5.4547216743230811 5.2988840751349908 4.1823982521891594 3.8119831904768944
leaf_count=30 19 25 33 21 21
internal_value=0 -0.00407817 -0.0121235 0.00253865 -0.00902395
internal_weight=0 22.9677 17.513 13.2933 7.99438
internal_count=149 119 94 75 42
is_linear=0
shrinkage=0.1


Tree=72
num_leaves=5
num_cat=0
split_feature=5 7 8 5
split_gain=0.21753 0.678422 0.73437 0.21798
threshold=2.4000000000000008 0.55000000000000016 96.500000000000014 0.55000000000000004
decision_type=2 2 2 2
left_child=1 2 -1 -4
right_child=-2 -3 3 -5
leaf_value=-0.032478004319709264 -0.015755288823994493 0.031376076284036936 -0.0021836320431214622 0.029435322458023945
leaf_weight=6.4329192340374055 6.6655504480004302 6.7070679292082778 4.8763129711151105 3.9436302706599236
leaf_count=35 31 34 25 24
internal_value=0 0.0048701 -0.00678525 0.011954
internal_weight=0 21.9599 15.2529 8.81994
internal_count=149 118 84 49
is_linear=0
shrinkage=0.1


Tree=73
num_leaves=6
num_cat=0
split_feature=13 8 6 5 8
split_gain=0.200556 0.824046 0.563886 0.619474 0.479633
threshold=215.66411238825108 51.500000000000007 256.16666666667157 0.55000000000000004 36.500000000000007
decision_type=2 2 2 2 2
left_child=1 -1 -3 -4 -2
right_child=4 2 3 -5 -6
leaf_value=0.041657607807479458 -0.039425940287787314 0.029797693262102409 0.0077490221116727001 -0.039610144341388903 0.0067074628751258875
leaf_weight=4.8296356126666131 3.7828574888408166 3.3630903810262671 5.2940858453512174 5.7745539881289005 5.5746802762150764
leaf_count=23 20 18 29 29 30
internal_value=0 0.00590283 -0.00606265 -0.0169584 -0.0119423
internal_weight=0 19.2614 14.4317 11.0686 9.35754
internal_count=149 99 76 58 50
is_linear=0
shrinkage=0.1


Tree=74
num_leaves=5
num_cat=0
split_feature=5 14 8 7
split_gain=0.190273 0.593667 0.448633 0.795454
threshold=2.4000000000000008 771.16666666667118 108.50000000000001 0.55000000000000016
decision_type=2 2 2 2
left_child=1 2 3 -1
right_child=-2 -3 -4 -5
leaf_value=-0.039918586891687639 -0.014776017296691946 0.036266507707895301 0.015466508058149238 0.017106825481613387
leaf_weight=6.1809435822069734 6.6287424340844145 4.6516117788851252 7.0276591181755057 4.0482144206762314
leaf_count=33 31 29 38 18
internal_value=0 0.00456028 -0.0039862 -0.0173506
internal_weight=0 21.9084 17.2568 10.2292
internal_count=149 118 89 51
is_linear=0
shrinkage=0.1


Tree=75
num_leaves=5
num_cat=0
split_feature=7 7 7 8
split_gain=0.188414 0.637215 0.572684 0.265328
threshold=0.84999999999999998 0.25000000000000006 2.6500000000000017 126.50000000000001
decision_type=2 2 2 2
left_child=1 3 -2 -1
right_child=2 -3 -4 -5
leaf_value=-0.01864558646941664 -0.029183080649120272 0.031738103453490173 0.016987779017473777 0.014419742916954498
leaf_weight=7.4970589019358211 6.5088627338409406 6.3740072175860396 4.5745362192392349 3.5883916243910789
leaf_count=39 30 38 23 19
internal_value=0 0.00654405 -0.0101266 -0.00794225
internal_weight=0 17.4595 11.0834 11.0855
internal_count=149 96 53 58
is_linear=0
shrinkage=0.1


Tree=76
num_leaves=6
num_cat=0
split_feature=13 14 7 7 5
split_gain=0.233154 0.821801 0.525615 0.0169718 0.0110406
threshold=215.66411238825108 412.50000000000119 1.0500000000000003 0.15000000000000005 0.55000000000000004
decision_type=2 2 2 2 2
left_child=1 3 -2 4 -1
right_child=2 -3 -4 -5 -6
leaf_value=-0.010049992927424785 0.0066215450943480497 0.045092892147835656 -0.041866063065615647 0.00023968665844055419 -0.0034473667327553042
leaf_weight=5.4635429903864914 5.5419484451413137 4.2621248289942733 3.7473837062716484 4.7679531387984744 4.7208275645971298
leaf_count=28 32 20 18 27 24
internal_value=0 0.00635727 -0.0129387 -0.00468423 -0.00698943
internal_weight=0 19.2144 9.28933 14.9523 10.1844
internal_count=149 99 50 79 52
is_linear=0
shrinkage=0.1


Tree=77
num_leaves=6
num_cat=0
split_feature=13 7 7 13 5
split_gain=0.188812 0.423204 0.395188 0.0729 0.00780492
threshold=215.66411238825108 1.0500000000000003 0.25000000000000006 82.340465465465456 0.55000000000000004
decision_type=2 2 2 2 2
left_child=2 -2 4 -4 -1
right_child=1 -3 3 -5 -6
leaf_value=-0.0089536585790727721 0.0059685917663330852 -0.03749105597085451 0.012133554507918188 0.031239479484346439 -0.0036430675293252363
leaf_weight=5.9493988007307106 5.5338550321757776 3.7652007788419724 3.6475321836769563 4.4135001748800278 5.1744595170021057
leaf_count=30 32 18 20 21 28
internal_value=0 -0.0116283 0.00573437 0.0225942 -0.00648334
internal_weight=0 9.29906 19.1849 8.06103 11.1239
internal_count=149 50 99 41 58
is_linear=0
shrinkage=0.1


Tree=78
num_leaves=6
num_cat=0
split_feature=5 5 6 8 8
split_gain=0.213503 0.582857 0.44357 0.547377 1.01408
threshold=2.7499999999999996 1.5000000000000002 350.33333333333036 114.50000000000001 63.500000000000007
decision_type=2 2 2 2 2
left_child=1 2 -1 4 -4
right_child=-2 -3 3 -5 -6
leaf_value=-0.024478845383977536 -0.016558260153607045 0.041183231213163252 -0.015168585035046643 -0.024862622103334377 0.052242946239300231
leaf_weight=6.1770720481872656 6.0783783793449393 3.6416597589850417 4.1129003912210447 3.5727838128805152 4.8783922120928764
leaf_count=30 29 22 20 20 28
internal_value=0 0.00457555 -0.00253782 0.00824939 0.0214068
internal_weight=0 22.3828 18.7411 12.5641 8.99129
internal_count=149 120 98 68 48
is_linear=0
shrinkage=0.1


Tree=79
num_leaves=6
num_cat=0
split_feature=13 14 5 7 5
split_gain=0.190728 0.608374 0.768377 0.369769 0.208906
threshold=215.66411238825108 412.50000000000119 0.75000000000000011 1.0500000000000003 1.0000000180025095e-35
decision_type=2 2 2 2 2
left_child=1 2 4 -2 -1
right_child=3 -3 -4 -5 -6
leaf_value=-0.00038795403319784338 0.0048281848219962264 0.039365817694793505 -0.04274564590495282 -0.035897454260294948 0.028454122677877974
leaf_weight=7.3329063728451782 5.4837386123836023 4.2045346871018401 3.7674277275800696 3.7567534819245338 3.8192909471690655
leaf_count=38 32 20 19 18 22
internal_value=0 0.00576776 -0.00370059 -0.011729 0.00948959
internal_weight=0 19.1242 14.9196 9.24049 11.1522
internal_count=149 99 79 50 60
is_linear=0
shrinkage=0.1


Tree=80
num_leaves=5
num_cat=0
split_feature=6 5 5 5
split_gain=0.225054 1.52356 0.835859 0.536273
threshold=381.83333333332854 2.0500000000000003 0.75000000000000011 1.5000000000000002
decision_type=2 2 2 2
left_child=3 2 -2 -1
right_child=1 -3 -4 -5
leaf_value=-0.0058134907466223639 -0.011685278010330456 -0.059664486008056197 0.041498561559469793 0.037947078437754189
leaf_weight=7.5215014368295687 7.1449031978845614 4.1785030737519255 5.0393788702785969 4.461502343416214
leaf_count=37 40 20 29 23
internal_value=0 -0.00755809 0.0103114 0.0104794
internal_weight=0 16.3628 12.1843 11.983
internal_count=149 89 69 60
is_linear=0
shrinkage=0.1


Tree=81
num_leaves=4
num_cat=0
split_feature=14 13 7
split_gain=0.183933 0.477159 1.30854
threshold=196.00000000000003 254.70114942528883 0.65000000000000002
decision_type=2 2 2
left_child=-1 -2 -3
right_child=1 2 -4
leaf_value=0.0088755757032771172 -0.025231487929431275 -0.034813499648299467 0.047246121123627798
leaf_weight=12.904043860733511 7.5618123188614828 3.5600831396877766 4.2787965014576912
leaf_count=69 36 22 22
internal_value=0 -0.00730994 0.00997816
internal_weight=0 15.4007 7.83888
internal_count=149 80 44
is_linear=0
shrinkage=0.1


Tree=82
num_leaves=6
num_cat=0
split_feature=8 7 8 8 8
split_gain=0.188044 0.373167 1.20448 0.282772 0.304478
threshold=30.500000000000004 1.2500000000000002 72.500000000000014 105.50000000000001 129.50000000000003
decision_type=2 2 2 2 2
left_child=-1 2 -2 -4 -5
right_child=1 -3 3 4 -6
leaf_value=0.016442761366895351 -0.057908869496163355 0.019183917728601823 0.021668018359406783 -0.02572323749415777 0.013765469411177778
leaf_weight=5.6204251833260086 4.1737946271896424 5.3190840333700171 5.2732051722705346 4.4064982868731022 3.5062631443142891
leaf_count=30 19 25 33 24 18
internal_value=0 -0.00398975 -0.0110902 0.00372941 -0.0082252
internal_weight=0 22.6788 17.3598 13.186 7.91276
internal_count=149 119 94 75 42
is_linear=0
shrinkage=0.1


Tree=83
num_leaves=6
num_cat=0
split_feature=6 6 6 14 8
split_gain=0.230182 0.569458 0.818564 0.677302 0.968842
threshold=659.66666666667163 466.00000000000006 393.1666666666643 412.50000000000119 96.500000000000014
decision_type=2 2 2 2 2
left_child=1 2 3 4 -1
right_child=-2 -3 -4 -5 -6
leaf_value=-0.044226184459355167 -0.022383932990071242 0.033213590141411592 -0.043820399463841322 0.031781546112491718 0.022031993226499531
leaf_weight=4.43690726161004 3.9314397349953643 5.1512800157070151 4.1053861714899531 6.2354511171579352 4.3907593339681625
leaf_count=23 21 31 21 31 22
internal_value=0 0.00369554 -0.00423704 0.00655123 -0.0112703
internal_weight=0 24.3198 19.1685 15.0631 8.82767
internal_count=149 128 97 76 45
is_linear=0
shrinkage=0.1


Tree=84
num_leaves=6
num_cat=0
split_feature=6 12 7 14 6
split_gain=0.215942 0.391149 0.407474 0.801385 0.495412
threshold=348.33333333334127 1.5000000000000002 0.55000000000000016 765.00000000000193 600.83333333333951
decision_type=2 2 2 2 2
left_child=-1 2 4 -4 -2
right_child=1 -3 3 -5 -6
leaf_value=0.015686676884206413 0.0054092759748421209 -0.034242229439708456 0.04955606097745914 -0.01266084474605543 -0.041592637920007058
leaf_weight=6.7384220398962524 5.7754158638417774 3.7354838699102393 4.0236043334007245 4.2644247859716415 3.6659542880952358
leaf_count=35 33 18 18 23 22
internal_value=0 -0.00483322 0.0013631 0.0175437 -0.0128409
internal_weight=0 21.4649 17.7294 8.28803 9.44137
internal_count=149 114 96 41 55
is_linear=0
shrinkage=0.1


Tree=85
num_leaves=5
num_cat=0
split_feature=6 8 6 6
split_gain=0.17561 0.363565 0.623234 0.476524
threshold=348.33333333334127 114.50000000000001 446.00000000000006 381.83333333332854
decision_type=2 2 2 2
left_child=-1 2 3 -2
right_child=1 -3 -4 -5
leaf_value=0.01418806442441725 0.011738815104995004 -0.031094969252334584 0.027664995405167189 -0.029907985904525303
leaf_weight=6.7068890929222134 4.816259711980825 4.109240546822547 6.1167073734104624 6.3958630375564098
leaf_count=35 23 23 36 32
internal_value=0 -0.00435245 0.00198908 -0.0120183
internal_weight=0 21.4381 17.3288 11.2121
internal_count=149 114 91 55
is_linear=0
shrinkage=0.1


Tree=86
num_leaves=5
num_cat=0
split_feature=13 8 7 8
split_gain=0.183811 0.608612 0.4162 0.320703
threshold=215.66411238825108 51.500000000000007 1.0500000000000003 108.50000000000001
decision_type=2 2 2 2
left_child=1 -1 -2 -3
right_child=2 3 -4 -5
leaf_value=0.036859291590811902 0.0060501144299124092 -0.019671175168056162 -0.037434437997449076 0.010356491225799715
leaf_weight=4.705270901322371 5.4248299635946733 7.1000257134437543 3.7038502171635628 7.1272498182952404
leaf_count=23 32 37 18 39
internal_value=0 0.0056823 -0.0115932 -0.00462861
internal_weight=0 18.9325 9.12868 14.2273
internal_count=149 99 50 76
is_linear=0
shrinkage=0.1


Tree=87
num_leaves=7
num_cat=0
split_feature=7 7 7 8 6 6
split_gain=0.162825 0.540281 0.366069 0.754729 0.537712 0.326741
threshold=1.0500000000000003 2.6500000000000017 0.25000000000000006 36.500000000000007 256.16666666667157 466.00000000000006
decision_type=2 2 2 2 2 2
left_child=2 -2 4 -4 -1 -6
right_child=1 -3 3 -5 5 -7
leaf_value=0.027602290011640704 -0.033285304908909692 0.014524148084116834 -0.015480058960475883 0.048653335756167954 -0.04402500963585057 -0.0024504557466104976
leaf_weight=3.2979238480329567 4.9819435477256757 4.4976053088903427 3.1071576736867419 4.4815190136432648 3.3659192472696304 4.3122270405292511
leaf_count=17 23 23 17 28 16 25
internal_value=0 -0.0106019 0.00550617 0.0223941 -0.0061699 -0.0206758
internal_weight=0 9.47955 18.5647 7.58868 10.9761 7.67815
internal_count=149 46 103 45 58 41
is_linear=0
shrinkage=0.1


Tree=88
num_leaves=5
num_cat=0
split_feature=6 8 13 6
split_gain=0.176695 0.519693 0.773444 0.65058
threshold=659.66666666667163 36.500000000000007 130.65993788819875 399.33333333333036
decision_type=2 2 2 2
left_child=1 -1 3 -3
right_child=-2 2 -4 -5
leaf_value=-0.021352800217378343 -0.019861795873027624 -0.020394862488892537 0.040946503662479414 0.029081706095322981
leaf_weight=6.3328834958374562 3.8383770585060111 7.5796658396720904 6.0767943151295176 4.0927076786756516
leaf_count=34 21 39 33 22
internal_value=0 0.0032404 0.0120152 -0.00304679
internal_weight=0 24.0821 17.7492 11.6724
internal_count=149 128 94 61
is_linear=0
shrinkage=0.1


Tree=89
num_leaves=6
num_cat=0
split_feature=5 6 8 8 6
split_gain=0.187287 0.552728 1.20638 1.1937 0.788572
threshold=2.7499999999999996 382.33333333333377 51.500000000000007 96.500000000000014 600.83333333333951
decision_type=2 2 2 2 2
left_child=1 3 -3 -1 -4
right_child=-2 2 4 -5 -6
leaf_value=-0.048545855182094082 -0.015618311263052043 0.061033906953169549 0.021674810912986009 0.023886561819602789 -0.040113831013867451
leaf_weight=4.8328131549060398 5.9820996820926657 4.2845251671969882 4.962762385606764 4.299360029399395 3.5380124673247337
leaf_count=25 29 23 28 22 22
internal_value=0 0.00434488 0.0177661 -0.0144452 -0.00404155
internal_weight=0 21.9175 12.7853 9.13217 8.50077
internal_count=149 120 73 47 50
is_linear=0
shrinkage=0.1


Tree=90
num_leaves=6
num_cat=0
split_feature=13 8 6 6 8
split_gain=0.201791 0.507894 0.416623 0.814405 0.316434
threshold=215.66411238825108 51.500000000000007 337.83333333333809 446.00000000000006 36.500000000000007
decision_type=2 2 2 2 2
left_child=1 -1 -3 -4 -2
right_child=4 2 3 -5 -6
leaf_value=0.034628887453046334 -0.034505687578643279 0.019452841537064447 -0.05159385953552547 0.0091856187555932039 0.003476149398118258
leaf_weight=4.654921203851706 3.7344167940318567 5.0839068405330172 3.7987316474318487 5.2533462345600128 5.3157664649188519
leaf_count=23 20 26 19 31 30
internal_value=0 0.00597923 -0.00345498 -0.0163207 -0.0121965
internal_weight=0 18.7909 14.136 9.05208 9.05018
internal_count=149 99 76 50 50
is_linear=0
shrinkage=0.1


Tree=91
num_leaves=5
num_cat=0
split_feature=5 5 12 6
split_gain=0.150656 0.492674 0.492943 0.212761
threshold=2.7499999999999996 1.5000000000000002 1.0000000180025095e-35 466.00000000000006
decision_type=2 2 2 2
left_child=1 2 3 -1
right_child=-2 -3 -4 -5
leaf_value=-0.0026877712749335805 -0.014048344713060178 0.038103197345352856 -0.027428061795311865 0.023594182452755349
leaf_weight=7.4304393790662377 5.9421279653906813 3.5321580022573462 5.5923743173480025 5.261089701205492
leaf_count=39 29 22 27 32
internal_value=0 0.00391264 -0.00269243 0.00820703
internal_weight=0 21.8161 18.2839 12.6915
internal_count=149 120 98 71
is_linear=0
shrinkage=0.1


Tree=92
num_leaves=6
num_cat=0
split_feature=13 14 5 14 5
split_gain=0.15343 0.55756 0.534938 0.273244 0.133514
threshold=215.66411238825108 412.50000000000119 0.75000000000000011 771.16666666667118 1.0000000180025095e-35
decision_type=2 2 2 2 2
left_child=1 2 4 -2 -1
right_child=3 -3 -4 -5 -6
leaf_value=-0.00063434718968370847 -0.03128760698981415 0.037647097746734533 -0.03668093139035928 0.0040266232541245565 0.022855691461403788
leaf_weight=7.1991684623062664 3.7482060045003873 4.1337160915136328 3.7211352437734595 5.2740271240472794 3.6446923427283764
leaf_count=38 17 20 19 33 22
internal_value=0 0.00523367 -0.00396564 -0.0106444 0.00726081
internal_weight=0 18.6987 14.565 9.02223 10.8439
internal_count=149 99 79 50 60
is_linear=0
shrinkage=0.1


Tree=93
num_leaves=6
num_cat=0
split_feature=6 13 5 5 6
split_gain=0.172994 0.361426 0.659558 0.28247 0.158873
threshold=366.50000000000733 145.01700680272111 2.0500000000000003 1.0000000180025095e-35 510.50000000000006
decision_type=2 2 2 2 2
left_child=3 4 -3 -1 -2
right_child=1 2 -4 -5 -6
leaf_value=-0.0086216552208291438 0.025457785525894696 0.0042581796761429324 -0.048826089560461437 0.024791445304741023 -0.0030560623274260121
leaf_weight=4.4608646631240862 3.5562234520912197 5.3036533631384355 4.1894002854824066 5.8455977700650692 4.337347000837326
leaf_count=21 19 31 20 33 25
internal_value=0 -0.00602128 -0.0191686 0.0103295 0.00979004
internal_weight=0 17.3866 9.49305 10.3065 7.89357
internal_count=149 95 51 54 44
is_linear=0
shrinkage=0.1


Tree=94
num_leaves=6
num_cat=0
split_feature=8 11 6 6 8
split_gain=0.212024 0.372048 0.662613 0.953807 0.181376
threshold=105.50000000000001 1.0000000180025095e-35 446.00000000000006 366.50000000000733 129.50000000000003
decision_type=2 2 2 2 2
left_child=1 -1 3 -3 -2
right_child=4 2 -4 -5 -6
leaf_value=-0.020681174371490113 -0.027765577502892932 0.025981522103272134 0.044426569329256878 -0.033959476390300856 0.0022894751556917572
leaf_weight=4.2060208320617702 4.2583078220486623 5.9486263096332568 4.6473979279398909 4.7941677086055279 3.7994888052344322
leaf_count=22 24 32 27 24 20
internal_value=0 0.00567607 0.0128793 -0.000768241 -0.0135937
internal_weight=0 19.5962 15.3902 10.7428 8.0578
internal_count=149 105 83 56 44
is_linear=0
shrinkage=0.1


Tree=95
num_leaves=6
num_cat=0
split_feature=8 11 6 5 7
split_gain=0.190709 0.356736 0.760825 1.58922 0.350744
threshold=30.500000000000004 1.0000000180025095e-35 268.83333333332854 0.55000000000000004 0.55000000000000016
decision_type=2 2 2 2 2
left_child=-1 -2 -3 -4 -5
right_child=1 2 3 4 -6
leaf_value=0.016696470271080625 0.017227633186862653 -0.051777233133260041 0.049855143481557694 -0.043730828884107557 -0.0025812932989857556
leaf_weight=5.5153564922511604 5.7894020266830983 3.6655976101756087 4.240856058895587 4.6192671917378885 3.7553806155920029
leaf_count=30 32 19 24 25 19
internal_value=0 -0.00409263 -0.0116739 -2.13733e-05 -0.0252785
internal_weight=0 22.0705 16.2811 12.6155 8.37465
internal_count=149 119 87 68 44
is_linear=0
shrinkage=0.1


Tree=96
num_leaves=6
num_cat=0
split_feature=5 5 12 6 6
split_gain=0.179547 0.492929 0.411452 0.272954 0.489788
threshold=2.7499999999999996 1.5000000000000002 1.0000000180025095e-35 219.33333333333943 466.00000000000006
decision_type=2 2 2 2 2
left_child=1 2 3 -1 -5
right_child=-2 -3 -4 4 -6
leaf_value=0.03568994335051167 -0.015418280799757714 0.038685049635828125 -0.025043268150762129 -0.023359617344233242 0.021127291485245264
leaf_weight=2.7202953398227789 5.8881409242749205 3.4921002388000479 5.545710861682891 4.7265685312449914 5.194817665964365
leaf_count=15 29 22 27 24 32
internal_value=0 0.00427308 -0.00233425 0.00762784 -6.63622e-05
internal_weight=0 21.6795 18.1874 12.6417 9.92139
internal_count=149 120 98 71 56
is_linear=0
shrinkage=0.1


Tree=97
num_leaves=6
num_cat=0
split_feature=6 8 8 14 8
split_gain=0.179785 1.1097 0.795561 0.510918 0.631605
threshold=399.00000000000369 42.500000000000007 96.500000000000014 412.50000000000119 96.500000000000014
decision_type=2 2 2 2 2
left_child=3 -2 -3 4 -1
right_child=1 2 -4 -5 -6
leaf_value=-0.035849695007914739 0.040195869971718909 -0.062852695351699947 -0.00059408960013586744 0.026493708490988338 0.018032695823192786
leaf_weight=4.4339708425104636 3.2361653037369242 3.7596159242093545 4.5200702212750912 7.2742265462875357 4.2709371671080589
leaf_count=23 19 19 28 38 22
internal_value=0 -0.00945712 -0.0288643 0.00693287 -0.00941308
internal_weight=0 11.5159 8.27969 15.9791 8.70491
internal_count=149 66 47 83 45
is_linear=0
shrinkage=0.1


Tree=98
num_leaves=6
num_cat=0
split_feature=8 5 7 7 5
split_gain=0.205521 0.521389 0.817724 0.546558 0.181454
threshold=105.50000000000001 0.40000000000000013 0.55000000000000016 1.6500000000000006 0.55000000000000004
decision_type=2 2 2 2 2
left_child=1 -1 -3 -4 -2
right_child=4 2 3 -5 -6
leaf_value=0.03501458117788294 -0.028160011319459933 -0.042999464182303888 0.037155115819750673 -0.0082610862428396988 0.0018715542469028826
leaf_weight=4.6085578650236192 4.0834289118647558 3.8710522688925257 4.512021850794552 6.4203215837478638 3.9659602716565132
leaf_count=25 21 23 24 33 23
internal_value=0 0.00564185 -0.00350239 0.0104832 -0.0133634
internal_weight=0 19.412 14.8034 10.9323 8.04939
internal_count=149 105 80 57 44
is_linear=0
shrinkage=0.1


Tree=99
num_leaves=5
num_cat=0
split_feature=7 7 7 6
split_gain=0.185391 0.405417 0.380796 0.386418
threshold=0.84999999999999998 2.6500000000000017 0.25000000000000006 337.83333333333809
decision_type=2 2 2 2
left_child=2 -2 3 -1
right_child=1 -3 -4 -5
leaf_value=0.01637393166313653 -0.02681628720802855 0.012878579548838656 0.026827889722729412 -0.021619118520611554
leaf_weight=4.8501306176185661 6.1812771484255773 4.4076454266905785 5.990308988839387 5.9747044146060944
leaf_count=24 30 23 38 34
internal_value=0 -0.0102933 0.00659853 -0.00459611
internal_weight=0 10.5889 16.8151 10.8248
internal_count=149 53 96 58
is_linear=0
shrinkage=0.1


end of trees

feature_importances:
taskNum=124
s_view_position=105
scroll_time=90
response_time=66
scroll_length=37
s_scroll_speed=30
event_scroll=11
s_choice_left=8

parameters:
[boosting: gbdt]
[objective: binary]
[metric: binary_error]
[tree_learner: serial]
[device_type: cpu]
[data_sample_strategy: bagging]
[data: ]
[valid: ]
[num_iterations: 100]
[learning_rate: 0.1]
[num_leaves: 31]
[num_threads: 0]
[seed: 0]
[deterministic: 0]
[force_col_wise: 0]
[force_row_wise: 0]
[histogram_pool_size: -1]
[max_depth: -1]
[min_data_in_leaf: 20]
[min_sum_hessian_in_leaf: 0.001]
[bagging_fraction: 1]
[pos_bagging_fraction: 1]
[neg_bagging_fraction: 1]
[bagging_freq: 0]
[bagging_seed: 3]
[feature_fraction: 0.6]
[feature_fraction_bynode: 1]
[feature_fraction_seed: 2]
[extra_trees: 0]
[extra_seed: 6]
[early_stopping_round: 0]
[first_metric_only: 0]
[max_delta_step: 0]
[lambda_l1: 0]
[lambda_l2: 0]
[linear_lambda: 0]
[min_gain_to_split: 0]
[drop_rate: 0.1]
[max_drop: 50]
[skip_drop: 0.5]
[xgboost_dart_mode: 0]
[uniform_drop: 0]
[drop_seed: 4]
[top_rate: 0.2]
[other_rate: 0.1]
[min_data_per_group: 100]
[max_cat_threshold: 32]
[cat_l2: 10]
[cat_smooth: 10]
[max_cat_to_onehot: 4]
[top_k: 20]
[monotone_constraints: ]
[monotone_constraints_method: basic]
[monotone_penalty: 0]
[feature_contri: ]
[forcedsplits_filename: ]
[refit_decay_rate: 0.9]
[cegb_tradeoff: 1]
[cegb_penalty_split: 0]
[cegb_penalty_feature_lazy: ]
[cegb_penalty_feature_coupled: ]
[path_smooth: 0]
[interaction_constraints: ]
[verbosity: -1]
[saved_feature_importance_type: 0]
[use_quantized_grad: 0]
[num_grad_quant_bins: 4]
[quant_train_renew_leaf: 0]
[stochastic_rounding: 1]
[linear_tree: 0]
[max_bin: 255]
[max_bin_by_feature: ]
[min_data_in_bin: 3]
[bin_construct_sample_cnt: 200000]
[data_random_seed: 1]
[is_enable_sparse: 1]
[enable_bundle: 1]
[use_missing: 1]
[zero_as_missing: 0]
[feature_pre_filter: 0]
[pre_partition: 0]
[two_round: 0]
[header: 0]
[label_column: ]
[weight_column: ]
[group_column: ]
[ignore_column: ]
[categorical_feature: ]
[forcedbins_filename: ]
[precise_float_parser: 0]
[parser_config_file: ]
[objective_seed: 5]
[num_class: 1]
[is_unbalance: 0]
[scale_pos_weight: 1]
[sigmoid: 1]
[boost_from_average: 1]
[reg_sqrt: 0]
[alpha: 0.9]
[fair_c: 1]
[poisson_max_delta_step: 0.7]
[tweedie_variance_power: 1.5]
[lambdarank_truncation_level: 30]
[lambdarank_norm: 1]
[label_gain: ]
[lambdarank_position_bias_regularization: 0]
[eval_at: ]
[multi_error_top_k: 1]
[auc_mu_weights: ]
[num_machines: 1]
[local_listen_port: 12400]
[time_out: 120]
[machine_list_filename: ]
[machines: ]
[gpu_platform_id: -1]
[gpu_device_id: -1]
[gpu_use_dp: 0]
[num_gpu: 1]

end of parameters

pandas_categorical:[]
