tree
version=v4
num_class=1
num_tree_per_iteration=1
label_index=0
max_feature_idx=15
objective=binary sigmoid:1
feature_names=ratio_tap_position_y screen_height tap_position_x tap_position_y predicted_isAnswerCorrect s_tap_count scroll_time s_view_position response_time taskNum screen_width ratio_tap_position_x s_choice_left event_scroll s_scroll_speed scroll_length
feature_infos=none [844:844] none none [0:1] [1:1] [-0.5:18.799999999999962] [-343.99999999999989:1145.6666666666642] [0:10.399999999999981] [1:143] [390:390] none [0:1] [0:6] [-3503.3333333333576:6900.0000000000018] [0:14300.666666666672]
tree_sizes=726 730 646 644 646 646 734 647 647 647 655 650 655 650 750 754 752 651 752 752 755 738 753 653 652 647 651 754 737 658 653 651 654 652 653 750 652 656 752 651 649 652 756 659 650 648 754 653 755 658 650 755 757 752 652 757 653 649 651 750 760 656 651 647 660 651 652 757 858 655 654 753 757 755 658 653 655 649 754 758 652 757 751 655 756 654 651 755 653 660 656 758 750 651 755 654 650 752 650 755

Tree=0
num_leaves=6
num_cat=0
split_feature=4 9 6 6 6
split_gain=53.2552 2.52876 1.48308 1.54326 1.06876
threshold=1.0000000180025095e-35 96.500000000000014 1.25 0.40000000000000013 2.7499999999999996
decision_type=2 2 2 2 2
left_child=-1 2 3 -2 -4
right_child=1 -3 4 -5 -6
leaf_value=0.21000362294999519 0.52687862826202625 0.57969112914736476 0.57214648616374508 0.44880797477935197 0.50575362790789091
leaf_weight=6.3905326277017585 4.7337278723716789 7.5739645957946768 4.9704142659902555 5.4437870532274246 4.7337278723716736
leaf_count=27 20 32 21 23 20
internal_value=0.470004 0.530521 0.511789 0.48512 0.53976
internal_weight=0 27.4556 19.8817 10.1775 9.70414
internal_count=143 116 84 43 41
is_linear=0
shrinkage=1


Tree=1
num_leaves=6
num_cat=0
split_feature=4 9 6 6 6
split_gain=41.6022 2.17001 1.24242 1.26693 0.916688
threshold=1.0000000180025095e-35 96.500000000000014 1.25 0.40000000000000013 2.7499999999999996
decision_type=2 2 2 2 2
left_child=-1 2 3 -2 -4
right_child=1 -3 4 -5 -6
leaf_value=-0.22336824962310753 0.05194244715458618 0.1016876540413469 0.094483002077513312 -0.018979941880236245 0.032466525387620987
leaf_weight=6.6761223077774039 4.6684440970420891 7.3638410568237296 4.8427495658397657 5.4698970019817352 4.693419337272644
leaf_count=27 20 32 21 23 20
internal_value=0 0.0553813 0.0380497 0.013678 0.0639603
internal_weight=0 27.0384 19.6745 10.1383 9.53617
internal_count=143 116 84 43 41
is_linear=0
shrinkage=0.1


Tree=2
num_leaves=5
num_cat=0
split_feature=4 9 7 6
split_gain=33.4904 1.87326 1.22144 1.67538
threshold=1.0000000180025095e-35 96.500000000000014 446.00000000000006 1.5000000000000002
decision_type=2 2 2 2
left_child=-1 2 3 -2
right_child=1 -3 -4 -5
leaf_value=-0.19867242608351332 -0.016936723041811597 0.094560401997563992 0.073048605666236027 0.053150084009455582
leaf_weight=6.7496986538171759 6.7811999171972328 7.1388411521911612 5.8147752434015265 6.8619928359985352
leaf_count=27 29 32 25 30
internal_value=0 0.0507458 0.0346709 0.0183142
internal_weight=0 26.5968 19.458 13.6432
internal_count=143 116 84 59
is_linear=0
shrinkage=0.1


Tree=3
num_leaves=5
num_cat=0
split_feature=4 9 8 9
split_gain=27.4964 1.78531 1.29224 1.55298
threshold=1.0000000180025095e-35 36.500000000000007 0.15000000000000005 72.500000000000014
decision_type=2 2 2 2
left_child=-1 -2 -3 -4
right_child=1 2 3 -5
leaf_value=-0.18089348160297336 0.0072716994910896494 0.032329326369551541 0.052358563808514828 0.12956443855155048
leaf_weight=6.6746952384710303 8.0413246899843234 7.5629685819149044 5.8957232683897001 4.6682997345924377
leaf_count=27 35 34 26 21
internal_value=0 0.0464882 0.063885 0.0864763
internal_weight=0 26.1683 18.127 10.564
internal_count=143 116 81 47
is_linear=0
shrinkage=0.1


Tree=4
num_leaves=5
num_cat=0
split_feature=4 9 7 6
split_gain=22.8938 1.54826 1.02214 1.41573
threshold=1.0000000180025095e-35 96.500000000000014 446.00000000000006 1.5000000000000002
decision_type=2 2 2 2
left_child=-1 2 3 -2
right_child=1 -3 -4 -5
leaf_value=-0.16750756923797278 -0.019364708661567046 0.083772716770008873 0.063759154776522289 0.045624402757482668
leaf_weight=6.4960198849439612 6.7371284812688881 6.7331946194171897 5.6246929019689551 6.6710197031497955
leaf_count=27 29 32 25 30
internal_value=0 0.0425592 0.0279792 0.0129696
internal_weight=0 25.766 19.0328 13.4081
internal_count=143 116 84 59
is_linear=0
shrinkage=0.1


Tree=5
num_leaves=5
num_cat=0
split_feature=4 9 8 9
split_gain=19.2701 1.44571 1.18247 1.37809
threshold=1.0000000180025095e-35 36.500000000000007 0.15000000000000005 72.500000000000014
decision_type=2 2 2 2
left_child=-1 -2 -3 -4
right_child=1 2 3 -5
leaf_value=-0.1570958838359717 0.0036487959492147205 0.024538798036982893 0.045107312749224887 0.11974015359244775
leaf_weight=6.2465317994356182 7.9460660964250591 7.3217975199222591 5.7291733473539335 4.3545895218849182
leaf_count=27 35 34 26 21
internal_value=0 0.0389919 0.0551269 0.0773369
internal_weight=0 25.3516 17.4056 10.0838
internal_count=143 116 81 47
is_linear=0
shrinkage=0.1


Tree=6
num_leaves=6
num_cat=0
split_feature=4 9 6 6 6
split_gain=16.3556 1.2856 0.86927 1.09631 0.756485
threshold=1.0000000180025095e-35 96.500000000000014 1.25 0.40000000000000013 2.7499999999999996
decision_type=2 2 2 2 2
left_child=-1 2 3 -2 -4
right_child=1 -3 4 -5 -6
leaf_value=-0.14879540404431379 0.038583514817564557 0.074600010244439949 0.074581929912196518 -0.028671568643410202 0.016133264680883531
leaf_weight=5.9506396204233196 4.443545609712606 6.3369397670030585 4.3973813951015455 5.3321706503629684 4.4605661928653717
leaf_count=27 20 32 21 23 20
internal_value=0 0.0356912 0.0224591 0.00189919 0.0451491
internal_weight=0 24.9706 18.6337 9.77572 8.85795
internal_count=143 116 84 43 41
is_linear=0
shrinkage=0.1


Tree=7
num_leaves=5
num_cat=0
split_feature=4 7 7 15
split_gain=13.9807 1.29404 2.7862 2.67613
threshold=1.0000000180025095e-35 446.00000000000006 348.50000000000489 699.33333333333223
decision_type=2 2 2 2
left_child=-1 2 -2 -4
right_child=1 -3 3 -5
leaf_value=-0.14204922386421256 0.068184396767187766 0.06628875978480113 -0.072859705396576671 0.030030130024659485
leaf_weight=5.6265733838081387 6.5096220672130647 7.8192672431468955 4.5324668139219266 5.7158196270465851
leaf_count=27 31 38 21 26
internal_value=0 0.0326969 0.0170228 -0.0154745
internal_weight=0 24.5772 16.7579 10.2483
internal_count=143 116 78 47
is_linear=0
shrinkage=0.1


Tree=8
num_leaves=5
num_cat=0
split_feature=4 9 8 9
split_gain=12.0178 1.12145 1.18648 1.19111
threshold=1.0000000180025095e-35 36.500000000000007 0.15000000000000005 72.500000000000014
decision_type=2 2 2 2
left_child=-1 -2 -3 -4
right_child=1 2 3 -5
leaf_value=-0.13648099090376073 -0.0013040289996608064 0.01336616241055198 0.037791558233246786 0.10969156577831252
leaf_weight=5.2879351079463985 7.8081148117780712 6.9590696543455151 5.5316852182149869 3.9488019794225693
leaf_count=27 35 34 26 21
internal_value=0 0.0299012 0.0447225 0.0677393
internal_weight=0 24.2477 16.4396 9.48049
internal_count=143 116 81 47
is_linear=0
shrinkage=0.1


Tree=9
num_leaves=5
num_cat=0
split_feature=4 7 7 9
split_gain=10.3806 1.05986 2.44518 0.224474
threshold=1.0000000180025095e-35 446.00000000000006 366.50000000000733 84.500000000000014
decision_type=2 2 2 2
left_child=-1 2 3 -2
right_child=1 -3 -4 -5
leaf_value=-0.13182685895556165 0.062353084877107348 0.058627192761580772 -0.030655283370194266 0.031259822166274896
leaf_weight=4.9448116421699551 4.7174296826124245 7.4518256187438956 7.1793006062507621 4.5722404420375824
leaf_count=27 22 38 33 23
internal_value=0 0.0273348 0.0131757 0.0470494
internal_weight=0 23.9208 16.469 9.28967
internal_count=143 116 78 45
is_linear=0
shrinkage=0.1


Tree=10
num_leaves=5
num_cat=0
split_feature=4 9 6 13
split_gain=9.0033 0.966985 0.892948 0.916311
threshold=1.0000000180025095e-35 96.500000000000014 1.5000000000000002 1.0000000180025095e-35
decision_type=2 2 2 2
left_child=-1 2 3 -2
right_child=1 -3 -4 -5
leaf_value=-0.12789601979729812 0.025301317486681459 0.060819787810078123 0.039288495143527613 -0.034594466304354768
leaf_weight=4.604599446058276 4.9176059514284187 5.703117996454238 7.6910787075757971 5.3144852668046951
leaf_count=27 23 32 37 24
internal_value=0 0.0249554 0.0135434 -0.00580818
internal_weight=0 23.6263 17.9232 10.2321
internal_count=143 116 84 47
is_linear=0
shrinkage=0.1


Tree=11
num_leaves=5
num_cat=0
split_feature=4 7 7 15
split_gain=7.83894 0.912199 2.02857 2.41441
threshold=1.0000000180025095e-35 446.00000000000006 348.50000000000489 699.33333333333223
decision_type=2 2 2 2
left_child=-1 2 -2 -4
right_child=1 -3 3 -5
leaf_value=-0.12454694474671345 0.05547926089168799 0.052508505151473456 -0.071927233753463368 0.026252133218245079
leaf_weight=4.2726286053657558 6.0439534932375016 7.1575984358787528 4.5371959209442121 5.5917557626962662
leaf_count=27 31 38 21 26
internal_value=0 0.0227855 0.00963102 -0.0177267
internal_weight=0 23.3305 16.1729 10.129
internal_count=143 116 78 47
is_linear=0
shrinkage=0.1


Tree=12
num_leaves=5
num_cat=0
split_feature=4 9 8 8
split_gain=6.84987 0.837824 1.29743 0.897862
threshold=1.0000000180025095e-35 36.500000000000007 0.15000000000000005 0.45000000000000007
decision_type=2 2 2 2
left_child=-1 -2 -3 -4
right_child=1 2 3 -5
leaf_value=-0.12167242295227564 -0.0062458235004817187 0.00045799205132638661 0.099778936271714913 0.034231522774174662
leaf_weight=3.9526371806859997 7.6500247716903713 6.5426863580942145 3.3725492358207685 5.4941967129707336
leaf_count=27 35 34 20 27
internal_value=0 0.0208071 0.0342375 0.0591631
internal_weight=0 23.0595 15.4094 8.86675
internal_count=143 116 81 47
is_linear=0
shrinkage=0.1


Tree=13
num_leaves=5
num_cat=0
split_feature=4 7 7 15
split_gain=6.00263 0.792179 1.71713 1.91681
threshold=1.0000000180025095e-35 348.50000000000489 446.00000000000006 699.33333333333223
decision_type=2 2 2 2
left_child=-1 -2 3 -3
right_child=1 2 -4 -5
leaf_value=-0.11918959747054217 0.050669023555369765 -0.065743058665333129 0.046600431955578003 0.021764838524402856
leaf_weight=3.6471441686153439 5.8606330603361156 4.6108589321374911 6.8643324673175803 5.4758383482694626
leaf_count=27 31 21 38 26
internal_value=0 0.0189764 0.00801896 -0.018237
internal_weight=0 22.8117 16.951 10.0867
internal_count=143 116 85 47
is_linear=0
shrinkage=0.1


Tree=14
num_leaves=6
num_cat=0
split_feature=8 8 8 7 7
split_gain=1.29352 1.52785 1.35012 0.937409 0.177664
threshold=2.6500000000000017 1.0500000000000003 0.55000000000000016 399.00000000000369 268.83333333332854
decision_type=2 2 2 2 2
left_child=1 2 3 4 -1
right_child=-2 -3 -4 -5 -6
leaf_value=-0.0016774932532957765 0.050866609871706853 -0.063485430019287928 0.057187817530413382 -0.040042707011736144 0.028956361076838234
leaf_weight=4.1308085918426602 4.1788872778415671 4.2723644226789466 3.6643226593732825 6.179233193397522 3.4949914067983627
leaf_count=23 21 23 18 39 19
internal_value=0 -0.0098814 0.00322818 -0.0110945 0.0123624
internal_weight=0 21.7417 17.4694 13.805 7.6258
internal_count=143 122 99 81 42
is_linear=0
shrinkage=0.1


Tree=15
num_leaves=6
num_cat=0
split_feature=8 8 8 7 7
split_gain=1.06103 1.22096 1.11386 0.752681 0.145788
threshold=2.6500000000000017 1.0500000000000003 0.55000000000000016 399.00000000000369 268.83333333332854
decision_type=2 2 2 2 2
left_child=1 2 3 4 -1
right_child=-2 -3 -4 -5 -6
leaf_value=-0.0015086205808902318 0.046486057382855328 -0.056445030119295449 0.052530452337113454 -0.035713455221879672 0.026303110662552975
leaf_weight=4.133721888065347 4.1186837553977957 4.3219152539968482 3.5940799713134757 6.2324769496917725 3.4644613265991211
leaf_count=23 21 23 18 39 19
internal_value=0 -0.00886782 0.00293291 -0.00995566 0.0111724
internal_weight=0 21.7467 17.4247 13.8307 7.59818
internal_count=143 122 99 81 42
is_linear=0
shrinkage=0.1


Tree=16
num_leaves=6
num_cat=0
split_feature=8 8 8 9 7
split_gain=0.870034 0.978076 0.89093 2.87016 1.27209
threshold=2.6500000000000017 1.0500000000000003 0.15000000000000005 36.500000000000007 348.50000000000489
decision_type=2 2 2 2 2
left_child=1 2 4 -4 -1
right_child=-2 -3 3 -5 -6
leaf_value=0.017592765882828265 0.042456714015455574 -0.050293474776925022 -0.044508286910406182 0.070652696038604787 -0.060389723351773297
leaf_weight=4.2455781549215406 4.0617125034332267 4.3631481081247321 3.612455800175665 5.3982314765453339 4.1234758645296097
leaf_count=24 21 23 17 33 25
internal_value=0 -0.00796337 0.00266352 0.0244837 -0.0208296
internal_weight=0 21.7429 17.3797 9.01069 8.36905
internal_count=143 122 99 50 49
is_linear=0
shrinkage=0.1


Tree=17
num_leaves=5
num_cat=0
split_feature=7 15 7 9
split_gain=0.766729 1.07819 1.37493 0.558483
threshold=348.50000000000489 798.33333333333223 446.00000000000006 54.500000000000007
decision_type=2 2 2 2
left_child=-1 2 3 -2
right_child=1 -3 -4 -5
leaf_value=0.03097939413465178 -0.068751670986226268 0.028167571817053844 0.017922228878215842 -0.018743751313249585
leaf_weight=6.0962508842349079 5.2113528922200221 5.4449975937604895 5.0014607459306708 3.9078683331608772
leaf_count=35 24 30 33 21
internal_value=0 -0.00963563 -0.0242127 -0.0473217
internal_weight=0 19.5657 14.1207 9.11922
internal_count=143 108 78 45
is_linear=0
shrinkage=0.1


Tree=18
num_leaves=6
num_cat=0
split_feature=9 9 8 8 7
split_gain=0.86989 0.876492 1.28986 0.789865 0.762534
threshold=30.500000000000004 54.500000000000007 0.15000000000000005 0.45000000000000007 348.50000000000489
decision_type=2 2 2 2 2
left_child=-1 -2 4 -4 -3
right_child=1 2 3 -5 -6
leaf_value=0.03231603331258031 -0.047946378094565791 0.006363973890671071 0.067957425532171684 -0.001843882939768829 -0.055029243453381893
leaf_weight=6.2948955446481731 4.7203456014394787 3.9586354494094831 3.4126455187797538 3.0881901830434799 4.137752078473568
leaf_count=30 24 23 23 18 25
internal_value=0 -0.0104883 0.00162467 0.0347987 -0.0250117
internal_weight=0 19.3176 14.5972 6.50084 8.09639
internal_count=143 113 89 41 48
is_linear=0
shrinkage=0.1


Tree=19
num_leaves=6
num_cat=0
split_feature=8 9 9 8 7
split_gain=0.754655 1.06638 1.88795 1.32578 0.615123
threshold=2.6500000000000017 30.500000000000004 63.500000000000007 0.15000000000000005 348.50000000000489
decision_type=2 2 2 2 2
left_child=1 -1 -3 4 -4
right_child=-2 2 3 -5 -6
leaf_value=0.041843971602281392 0.039914248629028454 -0.070876703499764965 0.0057430133535515777 0.043343504733030003 -0.04940138816589866
leaf_weight=3.6537560224533143 4.0036859810352317 4.8256282210350063 3.9485564529895765 4.9125043824315062 4.147654727101326
leaf_count=17 21 25 23 32 25
internal_value=0 -0.00737315 -0.0174564 0.0023601 -0.0225072
internal_weight=0 21.4881 17.8343 13.0087 8.09621
internal_count=143 122 105 80 48
is_linear=0
shrinkage=0.1


Tree=20
num_leaves=6
num_cat=0
split_feature=8 9 9 8 6
split_gain=0.618317 0.872018 1.50527 1.08937 0.59773
threshold=2.6500000000000017 30.500000000000004 63.500000000000007 0.15000000000000005 0.55000000000000004
decision_type=2 2 2 2 2
left_child=1 -1 -3 4 -4
right_child=-2 2 3 -5 -6
leaf_value=0.038234929579709379 0.036408806681759776 -0.063034011079757632 -0.04711672963799636 0.039785754774726186 0.0072336990852556009
leaf_weight=3.6016108244657579 3.9530129730701438 4.8803002312779453 4.0944534465670568 4.8215709850192061 4.0005615204572678
leaf_count=17 21 25 25 32 23
internal_value=0 -0.00663907 -0.0157204 0.00215625 -0.0202567
internal_weight=0 21.3985 17.7969 12.9166 8.09501
internal_count=143 122 105 80 48
is_linear=0
shrinkage=0.1


Tree=21
num_leaves=6
num_cat=0
split_feature=7 6 6 14 9
split_gain=0.630346 0.980694 1.6597 1.65461 1.55013
threshold=348.50000000000489 2.4000000000000008 1.25 781.33333333333405 93.500000000000014
decision_type=2 2 2 2 2
left_child=-1 2 3 4 -2
right_child=1 -3 -4 -5 -6
leaf_value=0.028517507464334253 0.059753145385171937 -0.050073751086105345 0.062433855106395902 -0.069459957817938608 -0.031447220008822101
leaf_weight=5.9579042866826084 3.5478636324405688 4.4161845296621314 3.6249788403511038 3.7632672041654587 3.9260420352220535
leaf_count=35 17 24 21 18 28
internal_value=0 -0.00869769 0.00359692 -0.0153832 0.0118456
internal_weight=0 19.2783 14.8622 11.2372 7.47391
internal_count=143 108 84 63 45
is_linear=0
shrinkage=0.1


Tree=22
num_leaves=6
num_cat=0
split_feature=8 9 9 8 6
split_gain=0.565145 0.75702 1.22543 1.7682 0.505611
threshold=2.6500000000000017 30.500000000000004 72.500000000000014 0.15000000000000005 0.55000000000000004
decision_type=2 2 2 2 2
left_child=1 -1 -3 4 -4
right_child=-2 2 3 -5 -6
leaf_value=0.035816862917373335 0.034976189998314679 -0.049448606305046203 -0.044357851199131236 0.068737348698756487 0.0058063370969800698
leaf_weight=3.5479037165641847 3.9244874417781821 6.469135835766795 4.080325596034525 3.1497255265712729 3.9584271311759949
leaf_count=17 21 34 25 23 23
internal_value=0 -0.00633428 -0.0148036 0.00522799 -0.0196561
internal_weight=0 21.2055 17.6576 11.1885 8.03875
internal_count=143 122 105 71 48
is_linear=0
shrinkage=0.1


Tree=23
num_leaves=5
num_cat=0
split_feature=7 6 8 7
split_gain=0.569025 0.865863 1.45507 0.462226
threshold=348.50000000000489 2.4000000000000008 0.65000000000000002 446.00000000000006
decision_type=2 2 2 2
left_child=-1 2 3 -2
right_child=1 -3 -4 -5
leaf_value=0.027303948462316679 -0.043028643107439882 -0.047127111255492724 0.047601825105098111 0.00073022126707390355
leaf_weight=5.891802333295348 4.3950566351413745 4.4060581028461447 4.9445541426539412 5.3551432117819786
leaf_count=35 23 24 25 36
internal_value=0 -0.00824456 0.00341393 -0.0189948
internal_weight=0 19.1008 14.6948 9.7502
internal_count=143 108 84 59
is_linear=0
shrinkage=0.1


Tree=24
num_leaves=5
num_cat=0
split_feature=8 9 9 9
split_gain=0.504923 0.691107 1.04807 0.685237
threshold=2.6500000000000017 30.500000000000004 72.500000000000014 105.50000000000001
decision_type=2 2 2 2
left_child=1 -1 -3 -4
right_child=-2 2 3 -5
leaf_value=0.034498611916508451 0.033255079347853794 -0.046071307327567597 0.028795943790889556 -0.020958581468830704
leaf_weight=3.5154373198747697 3.8871420472860327 6.4663560166955021 5.6899604648351652 5.3903802409768105
leaf_count=17 21 34 33 38
internal_value=0 -0.00597103 -0.014079 0.00459129
internal_weight=0 21.0621 17.5467 11.0803
internal_count=143 122 105 71
is_linear=0
shrinkage=0.1


Tree=25
num_leaves=5
num_cat=0
split_feature=7 7 7 14
split_gain=0.48689 1.11635 1.77963 0.85711
threshold=379.83333333333582 446.00000000000006 639.66666666666799 102.95752895752945
decision_type=2 2 2 2
left_child=3 -2 -3 -1
right_child=1 2 -4 -5
leaf_value=-0.0058330641574711696 -0.040858199221223163 0.049980815569733196 -0.046566715620068082 0.054922710871371343
leaf_weight=6.0579224079847354 6.8741973489522925 5.1020030826330167 3.0508020296692848 3.7651869431138039
leaf_count=36 35 30 22 20
internal_value=0 -0.0111753 0.0138525 0.0174546
internal_weight=0 15.027 8.15281 9.82311
internal_count=143 87 52 56
is_linear=0
shrinkage=0.1


Tree=26
num_leaves=5
num_cat=0
split_feature=7 6 8 8
split_gain=0.447644 0.827405 1.31121 0.4445
threshold=348.50000000000489 2.4000000000000008 0.65000000000000002 0.15000000000000005
decision_type=2 2 2 2
left_child=-1 2 3 -2
right_child=1 -3 -4 -5
leaf_value=0.024487241930748284 -0.042379991048180299 -0.045291006684000358 0.046442157352381698 0.0010043881013655496
leaf_weight=5.7924130409956005 4.0469652414321917 4.3983080089092246 4.8859601691365233 5.6707371547818184
leaf_count=35 25 24 25 34
internal_value=0 -0.00726788 0.00418387 -0.0170632
internal_weight=0 19.002 14.6037 9.7177
internal_count=143 108 84 59
is_linear=0
shrinkage=0.1


Tree=27
num_leaves=6
num_cat=0
split_feature=8 9 9 8 6
split_gain=0.429584 0.614021 1.01355 0.845833 0.41432
threshold=2.6500000000000017 30.500000000000004 63.500000000000007 0.15000000000000005 0.55000000000000004
decision_type=2 2 2 2 2
left_child=1 -1 -3 4 -4
right_child=-2 2 3 -5 -6
leaf_value=0.032845561367994242 0.030887564219341114 -0.05212068469126873 -0.04047714189397645 0.035733727882471339 0.0052401483351217047
leaf_weight=3.4787973016500535 3.8400816321372977 4.8279411643743542 4.0396364852786046 4.6332647502422333 3.8923948854207993
leaf_count=17 21 25 25 32 23
internal_value=0 -0.00550617 -0.0131768 0.00178648 -0.0180428
internal_weight=0 20.872 17.3932 12.5653 7.93203
internal_count=143 122 105 80 48
is_linear=0
shrinkage=0.1


Tree=28
num_leaves=6
num_cat=0
split_feature=7 6 6 14 8
split_gain=0.41004 0.720876 1.16496 1.3567 2.28781
threshold=348.50000000000489 2.4000000000000008 1.25 781.33333333333405 0.15000000000000005
decision_type=2 2 2 2 2
left_child=-1 2 3 4 -2
right_child=1 -3 -4 -5 -6
leaf_value=0.023568285664965844 -0.036763379548224326 -0.042463932274874862 0.05444455459102359 -0.060721969874489939 0.076349804750235728
leaf_weight=5.7344864308834103 4.0466515049338359 4.3898895978927603 3.4570535048842421 3.7728131860494614 3.2037726044654846
leaf_count=35 25 24 21 18 20
internal_value=0 -0.00696591 0.00379577 -0.0120884 0.0132184
internal_weight=0 18.8702 14.4803 11.0232 7.25042
internal_count=143 108 84 63 45
is_linear=0
shrinkage=0.1


Tree=29
num_leaves=5
num_cat=0
split_feature=15 15 6 6
split_gain=0.403649 0.759667 0.527003 0.911472
threshold=798.33333333333223 730.3333333333286 1.0000000180025095e-35 0.75000000000000011
decision_type=2 2 2 2
left_child=1 2 -1 -4
right_child=-2 -3 3 -5
leaf_value=-0.020958311481073792 0.02522901319303127 -0.049475381549739447 0.056974796166351073 -0.0058024221424847391
leaf_weight=5.9321315810084441 5.0912520810961714 3.3816329911351195 3.5970942303538305 6.4778181463479996
leaf_count=37 30 17 24 35
internal_value=0 -0.00640984 0.00268814 0.0166112
internal_weight=0 19.3887 16.007 10.0749
internal_count=143 113 96 59
is_linear=0
shrinkage=0.1


Tree=30
num_leaves=5
num_cat=0
split_feature=8 9 9 9
split_gain=0.424456 0.546693 0.870659 0.660258
threshold=2.6500000000000017 30.500000000000004 72.500000000000014 105.50000000000001
decision_type=2 2 2 2
left_child=1 -1 -3 -4
right_child=-2 2 3 -5
leaf_value=0.031050565665793201 0.030783742578366219 -0.041988958003199434 0.028461305810798389 -0.021012194579020822
leaf_weight=3.4135548472404542 3.8204079568386069 6.3996254950761822 5.5828245058655721 5.2195559665560722
leaf_count=17 21 34 33 38
internal_value=0 -0.00550558 -0.0127598 0.00455642
internal_weight=0 20.6156 17.202 10.8024
internal_count=143 122 105 71
is_linear=0
shrinkage=0.1


Tree=31
num_leaves=5
num_cat=0
split_feature=7 7 7 14
split_gain=0.379175 0.876833 1.61053 0.79169
threshold=379.83333333333582 446.00000000000006 639.66666666666799 102.95752895752945
decision_type=2 2 2 2
left_child=3 -2 -3 -1
right_child=1 2 -4 -5
leaf_value=-0.0069409271717234588 -0.036070353964852434 0.047810323573028987 -0.045283136612207314 0.052257931149150783
leaf_weight=5.9142032638192195 6.8530545309185964 4.9392348527908325 2.9793024212121964 3.6552818268537521
leaf_count=36 35 30 22 20
internal_value=0 -0.00988098 0.0127845 0.0156714
internal_weight=0 14.7716 7.91854 9.56949
internal_count=143 87 52 56
is_linear=0
shrinkage=0.1


Tree=32
num_leaves=5
num_cat=0
split_feature=7 6 8 6
split_gain=0.333276 0.665775 1.08132 0.402619
threshold=348.50000000000489 2.4000000000000008 0.65000000000000002 0.40000000000000013
decision_type=2 2 2 2
left_child=-1 2 3 -2
right_child=1 -3 -4 -5
leaf_value=0.021475500019418087 0.011870848110055529 -0.040370722286161564 0.043073560114137925 -0.030893252872449428
leaf_weight=5.6370196267962482 3.4653767198324221 4.3809256292879573 4.7651658877730361 6.0368448570370674
leaf_count=35 23 24 25 36
internal_value=0 -0.00627238 0.00419781 -0.0152976
internal_weight=0 18.6483 14.2674 9.50222
internal_count=143 108 84 59
is_linear=0
shrinkage=0.1


Tree=33
num_leaves=5
num_cat=0
split_feature=8 15 7 7
split_gain=0.360908 0.523471 0.956803 1.1519
threshold=2.6500000000000017 771.16666666667118 446.00000000000006 348.50000000000489
decision_type=2 2 2 2
left_child=1 2 3 -1
right_child=-2 -3 -4 -5
leaf_value=0.0050346076656812601 0.028579371255739363 0.021935821826609712 0.024384877953749166 -0.060843375569482216
leaf_weight=4.8845574483275467 3.7741496041417113 5.3125956840813151 4.4568279013037673 5.8128247857093811
leaf_count=30 21 31 32 29
internal_value=0 -0.00507479 -0.0145439 -0.0307627
internal_weight=0 20.4668 15.1542 10.6974
internal_count=143 122 91 59
is_linear=0
shrinkage=0.1


Tree=34
num_leaves=5
num_cat=0
split_feature=6 6 13 9
split_gain=0.344455 0.781982 0.337217 0.46125
threshold=1.0500000000000003 2.4000000000000008 1.0000000180025095e-35 105.50000000000001
decision_type=2 2 2 2
left_child=2 -2 3 -1
right_child=1 -3 -4 -5
leaf_value=0.02210938715158435 0.045775245520033293 -0.011499698768349567 -0.03266732190817772 -0.020449742654437407
leaf_weight=5.0078407302498835 4.4184611961245519 5.1765891797840595 4.3967769443988791 5.181279830634594
leaf_count=27 28 29 21 38
internal_value=0 0.0148751 -0.0095206 0.000467602
internal_weight=0 9.59505 14.5859 10.1891
internal_count=143 57 86 65
is_linear=0
shrinkage=0.1


Tree=35
num_leaves=6
num_cat=0
split_feature=7 14 9 9 6
split_gain=0.325402 0.79652 1.56443 1.23337 0.573005
threshold=366.50000000000733 150.81410825199643 36.500000000000007 93.500000000000014 1.0000000180025095e-35
decision_type=2 2 2 2 2
left_child=4 3 -3 -2 -1
right_child=1 2 -4 -5 -6
leaf_value=-0.01687207245901028 0.057050865066730662 -0.069640397361467141 0.014961514414582511 -0.029791831580550206 0.035691100543431241
leaf_weight=3.3651879876852053 3.6010068431496611 4.4848519563674909 4.263646773993969 2.9960856363177299 5.4049743264913559
leaf_count=20 18 22 26 24 33
internal_value=0 -0.00862493 -0.028409 0.017611 0.0155222
internal_weight=0 15.3456 8.7485 6.59709 8.77016
internal_count=143 90 48 42 53
is_linear=0
shrinkage=0.1


Tree=36
num_leaves=5
num_cat=0
split_feature=9 6 8 9
split_gain=0.343822 0.597046 1.56059 0.491777
threshold=30.500000000000004 1.5000000000000002 0.45000000000000007 105.50000000000001
decision_type=2 2 2 2
left_child=-1 2 3 -2
right_child=1 -3 -4 -5
leaf_value=0.021189216091811514 0.027301546506744087 0.026858969534963195 -0.069365526529401256 -0.016917142903832241
leaf_weight=5.8783265501260784 4.8844810575246829 4.1171237453818312 3.9901749119162551 5.1849042475223541
leaf_count=30 28 28 19 38
internal_value=0 -0.0066326 -0.0164401 0.00453256
internal_weight=0 18.1767 14.0596 10.0694
internal_count=143 113 85 66
is_linear=0
shrinkage=0.1


Tree=37
num_leaves=5
num_cat=0
split_feature=15 9 13 7
split_gain=0.311201 0.4433 0.84625 0.487348
threshold=798.33333333333223 39.500000000000007 1.0000000180025095e-35 379.83333333333582
decision_type=2 2 2 2
left_child=1 -1 3 -3
right_child=-2 2 -4 -5
leaf_value=-0.031282149967831428 0.022557866802478663 0.010805670041737566 0.043001661312213529 -0.032999277873230225
leaf_weight=4.9774099588394227 4.9294568225741378 4.9305766075849515 3.9061959236860266 5.2377569302916527
leaf_count=24 30 30 23 36
internal_value=0 -0.00563172 0.00343947 -0.0117585
internal_weight=0 19.0519 14.0745 10.1683
internal_count=143 113 89 66
is_linear=0
shrinkage=0.1


Tree=38
num_leaves=6
num_cat=0
split_feature=9 7 12 9 9
split_gain=0.32868 0.423425 1.82223 1.80215 1.06492
threshold=30.500000000000004 631.49999999999693 1.0000000180025095e-35 66.500000000000014 105.50000000000001
decision_type=2 2 2 2 2
left_child=-1 2 -2 -4 -5
right_child=1 -3 3 4 -6
leaf_value=0.020762271575477123 0.061080213443122804 -0.040066792385990091 -0.081401052198451118 0.036011001701388476 -0.03893700774004584
leaf_weight=5.8493850082159069 3.725981399416928 3.1126273721456519 3.3247100040316546 4.785114586353302 3.1397735029459
leaf_count=30 23 23 19 27 21
internal_value=0 -0.00650704 0.000468244 -0.0196071 0.00631724
internal_weight=0 18.0882 14.9756 11.2496 7.92489
internal_count=143 113 90 67 48
is_linear=0
shrinkage=0.1


Tree=39
num_leaves=5
num_cat=0
split_feature=15 7 7 14
split_gain=0.289541 0.472537 1.1462 0.459261
threshold=798.33333333333223 446.00000000000006 379.83333333333582 102.95752895752945
decision_type=2 2 2 2
left_child=1 2 3 -1
right_child=-2 -3 -4 -5
leaf_value=-0.009249159204205706 0.021887567456960709 0.022781569998657589 -0.050640809976346804 0.03790837253211482
leaf_weight=5.7808704227209144 4.8773680329322806 4.517654486000537 5.4135575182735911 3.2129980325698853
leaf_count=36 30 33 26 18
internal_value=0 -0.00543704 -0.0142854 0.00759755
internal_weight=0 18.9251 14.4074 8.99387
internal_count=143 113 80 54
is_linear=0
shrinkage=0.1


Tree=40
num_leaves=5
num_cat=0
split_feature=9 6 8 9
split_gain=0.291794 0.418878 1.21486 0.31347
threshold=30.500000000000004 1.5000000000000002 0.45000000000000007 105.50000000000001
decision_type=2 2 2 2
left_child=-1 2 3 -2
right_child=1 -3 -4 -5
leaf_value=0.01968368196102336 0.022758201160792149 0.022250980544758325 -0.061044090057549599 -0.012736316722972109
leaf_weight=5.7887869998812702 4.787346154451372 4.0338018387556067 3.9799195528030387 5.1806963235139847
leaf_count=30 28 28 19 38
internal_value=0 -0.00612988 -0.0143377 0.00431062
internal_weight=0 17.9818 13.948 9.96804
internal_count=143 113 85 66
is_linear=0
shrinkage=0.1


Tree=41
num_leaves=5
num_cat=0
split_feature=15 7 7 6
split_gain=0.263113 0.442949 1.37208 0.505142
threshold=771.16666666667118 446.00000000000006 382.33333333333036 1.5000000000000002
decision_type=2 2 2 2
left_child=1 2 3 -1
right_child=-2 -3 -4 -5
leaf_value=-0.012287490322791375 0.01800303883967241 0.020991320486412824 -0.068190982147229393 0.036179980607413356
leaf_weight=6.2130108550190979 6.1224226616322985 4.5003745481371871 3.5748789906501761 3.2885680422186852
leaf_count=37 37 33 16 20
internal_value=0 -0.00606865 -0.0153816 0.00448747
internal_weight=0 17.5768 13.0765 9.50158
internal_count=143 106 73 57
is_linear=0
shrinkage=0.1


Tree=42
num_leaves=6
num_cat=0
split_feature=9 7 12 9 9
split_gain=0.258507 0.41047 1.48927 1.44628 0.830035
threshold=30.500000000000004 631.49999999999693 1.0000000180025095e-35 66.500000000000014 105.50000000000001
decision_type=2 2 2 2 2
left_child=-1 2 -2 -4 -5
right_child=1 -3 3 4 -6
leaf_value=0.018648155034088246 0.056693618653736469 -0.038714214025746665 -0.072361358645802829 0.033166597483307338 -0.033008168954152498
leaf_weight=5.725357852876189 3.6449432447552725 3.1215188205242148 3.3109928593039477 4.6887306347489357 3.1816456094384193
leaf_count=30 23 23 19 27 21
internal_value=0 -0.00575563 0.00118344 -0.016912 0.00641506
internal_weight=0 17.9478 14.8263 11.1814 7.87038
internal_count=143 113 90 67 48
is_linear=0
shrinkage=0.1


Tree=43
num_leaves=5
num_cat=0
split_feature=8 12 14 7
split_gain=0.246499 0.883161 0.939402 0.318156
threshold=0.15000000000000005 1.0000000180025095e-35 157.42200328407236 348.50000000000489
decision_type=2 2 2 2
left_child=3 -2 -3 -1
right_child=1 2 -4 -5
leaf_value=0.0055875545858187128 -0.032853302082264862 0.055408694399815245 -0.0022544333131114605 -0.034830355592363187
leaf_weight=3.9381702840328243 4.0575038902461538 4.7753243818879092 6.9183706156909466 3.8530312851071358
leaf_count=24 25 30 39 25
internal_value=0 0.00734516 0.0212933 -0.0144006
internal_weight=0 15.7512 11.6937 7.7912
internal_count=143 94 69 49
is_linear=0
shrinkage=0.1


Tree=44
num_leaves=5
num_cat=0
split_feature=15 7 7 8
split_gain=0.257561 0.418029 0.763553 0.330568
threshold=798.33333333333223 446.00000000000006 348.50000000000489 1.6500000000000006
decision_type=2 2 2 2
left_child=1 2 -1 -4
right_child=-2 -3 3 -5
leaf_value=0.016343233808289614 0.02084677182535254 0.021665886136075917 -0.014889724850063239 -0.053858222611287532
leaf_weight=5.3600488863885465 4.7865118309855452 4.4354115054011336 5.13200496137142 3.7804465070366859
leaf_count=35 30 33 25 20
internal_value=0 -0.00514887 -0.013482 -0.0314192
internal_weight=0 18.7079 14.2725 8.91245
internal_count=143 113 80 45
is_linear=0
shrinkage=0.1


Tree=45
num_leaves=5
num_cat=0
split_feature=8 14 9 6
split_gain=0.28451 0.982576 0.545239 1.23386
threshold=0.55000000000000016 279.75243147657073 96.500000000000014 0.55000000000000004
decision_type=2 2 2 2
left_child=2 -2 -1 -4
right_child=1 -3 3 -5
leaf_value=-0.030798952495290546 -0.013770420613878401 0.04673704979772543 -0.033588652634875919 0.056119016062177632
leaf_weight=6.3269661888480204 6.3335075266659242 4.6572850421071053 3.0816847458481789 3.0513691157102585
leaf_count=35 37 25 23 23
internal_value=0 0.0118693 -0.0102033 0.0110435
internal_weight=0 10.9908 12.46 6.13305
internal_count=143 62 81 46
is_linear=0
shrinkage=0.1


Tree=46
num_leaves=6
num_cat=0
split_feature=8 8 8 6 7
split_gain=0.232624 0.581172 1.1837 0.448808 0.330809
threshold=2.6500000000000017 1.0500000000000003 0.55000000000000016 0.75000000000000011 466.00000000000006
decision_type=2 2 2 2 2
left_child=1 2 3 4 -1
right_child=-2 -3 -4 -5 -6
leaf_value=-0.01084603388718546 0.023502306929327671 -0.037318018002119181 0.059237657878101146 -0.038291994343951995 0.03009350349712879
leaf_weight=5.7530273124575668 3.6076432093977919 4.1618894487619391 3.1752594560384741 3.7120305858552447 3.0045410320162773
leaf_count=35 21 23 18 22 24
internal_value=0 -0.00410668 0.0047283 -0.00915197 0.00319948
internal_weight=0 19.8067 15.6449 12.4696 8.75757
internal_count=143 122 99 81 59
is_linear=0
shrinkage=0.1


Tree=47
num_leaves=5
num_cat=0
split_feature=7 6 8 8
split_gain=0.243328 0.567968 1.08006 0.0557045
threshold=600.83333333333951 0.55000000000000004 1.6500000000000006 0.15000000000000005
decision_type=2 2 2 2
left_child=1 -1 3 -3
right_child=-2 2 -4 -5
leaf_value=-0.018837406293916989 -0.020086849332771748 0.032487921301223334 -0.017820158918805343 0.050198104305484194
leaf_weight=6.4074033945798936 4.7389917075633994 3.1158717721700651 5.0051081329584122 4.1301147677004337
leaf_count=37 34 18 29 25
internal_value=0 0.00528775 0.0179054 0.0425825
internal_weight=0 18.6585 12.2511 7.24599
internal_count=143 109 72 43
is_linear=0
shrinkage=0.1


Tree=48
num_leaves=6
num_cat=0
split_feature=8 8 8 6 9
split_gain=0.22245 0.45384 0.945602 0.41407 0.348658
threshold=2.6500000000000017 1.0500000000000003 0.55000000000000016 0.75000000000000011 105.50000000000001
decision_type=2 2 2 2 2
left_child=1 2 3 4 -1
right_child=-2 -3 -4 -5 -6
leaf_value=0.026752955146501913 0.023004418140146934 -0.033244980795747579 0.053052936567188513 -0.036404610049590037 -0.01366818222193739
leaf_weight=3.6943051069974953 3.6011638641357413 4.1879324465990058 3.1217631995677939 3.7258065082132807 5.0523172169923782
leaf_count=21 21 23 18 22 38
internal_value=0 -0.00401716 0.00383218 -0.00848744 0.00340447
internal_weight=0 19.7821 15.5942 12.4724 8.74662
internal_count=143 122 99 81 59
is_linear=0
shrinkage=0.1


Tree=49
num_leaves=5
num_cat=0
split_feature=9 8 12 9
split_gain=0.252367 0.72875 0.837678 0.263711
threshold=36.500000000000007 0.15000000000000005 1.0000000180025095e-35 111.50000000000001
decision_type=2 2 2 2
left_child=-1 3 -3 -2
right_child=1 2 -4 -5
leaf_value=-0.015876481250489901 -0.035234251419342416 -0.015242209967336898 0.049089631172882744 0.0021337682865652241
leaf_weight=6.9178781434893635 3.6509640216827419 3.1300222910940692 5.7284265831112799 3.9122666046023369
leaf_count=36 20 20 39 28
internal_value=0 0.00689374 0.0263588 -0.0159047
internal_weight=0 16.4217 8.85845 7.56323
internal_count=143 107 59 48
is_linear=0
shrinkage=0.1


Tree=50
num_leaves=5
num_cat=0
split_feature=7 6 9 6
split_gain=0.22749 0.64955 0.869244 0.477016
threshold=348.50000000000489 2.4000000000000008 51.500000000000007 0.75000000000000011
decision_type=2 2 2 2
left_child=-1 2 -2 -4
right_child=1 -3 3 -5
leaf_value=0.01821029199440365 0.038807744858158841 -0.038997763161799232 0.0052129348743542121 -0.042839815480123195
leaf_weight=5.36629141122103 4.9683801680803326 4.3294918201863757 5.2591612786054593 3.4022752568125725
leaf_count=35 26 24 38 20
internal_value=0 -0.00525444 0.00546408 -0.0136625
internal_weight=0 17.9593 13.6298 8.66144
internal_count=143 108 84 58
is_linear=0
shrinkage=0.1


Tree=51
num_leaves=6
num_cat=0
split_feature=8 9 9 7 6
split_gain=0.223585 0.418346 0.603783 0.424732 1.01288
threshold=2.6500000000000017 30.500000000000004 72.500000000000014 510.50000000000006 1.0000000180025095e-35
decision_type=2 2 2 2 2
left_child=1 -1 -3 4 -4
right_child=-2 2 3 -5 -6
leaf_value=0.028881455517582807 0.023030492746293797 -0.035141838142408947 -0.015987475576489218 -0.025207511353720399 0.060644977668048695
leaf_weight=3.2257619500160279 3.6071951463818541 6.2001274898648289 3.8484671488404256 3.2954341024160385 3.1255632452666759
leaf_count=17 21 34 23 26 22
internal_value=0 -0.00405001 -0.0105 0.00437732 0.018357
internal_weight=0 19.6954 16.4696 10.2695 6.97403
internal_count=143 122 105 71 45
is_linear=0
shrinkage=0.1


Tree=52
num_leaves=6
num_cat=0
split_feature=9 9 8 8 9
split_gain=0.322131 1.01156 0.71043 0.703993 0.187211
threshold=15.500000000000002 36.500000000000007 0.15000000000000005 1.0500000000000003 111.50000000000001
decision_type=2 2 2 2 2
left_child=-1 -2 4 -4 -3
right_child=1 2 3 -5 -6
leaf_value=0.032507617103419449 -0.048034414130710398 -0.031597276454016089 0.054127366955118598 -0.0025300055279619512 -4.4904363732608285e-05
leaf_weight=2.7159892842173603 4.1795792803168323 3.6708717718720463 4.4876158982515317 4.2892080098390579 3.8555579483509064
leaf_count=15 21 20 33 26 28
internal_value=0 -0.00414372 0.0071083 0.0264391 -0.015434
internal_weight=0 20.4828 16.3033 8.77682 7.52643
internal_count=143 128 107 59 48
is_linear=0
shrinkage=0.1


Tree=53
num_leaves=6
num_cat=0
split_feature=9 9 7 9 9
split_gain=0.215638 1.2342 0.734998 0.846312 0.75841
threshold=36.500000000000007 51.500000000000007 399.00000000000369 84.500000000000014 96.500000000000014
decision_type=2 2 2 2 2
left_child=-1 -2 3 -3 -4
right_child=1 2 4 -5 -6
leaf_value=-0.014667326357176958 0.06842307647632738 0.052002831915162598 -0.068868003521592946 -0.014322476745070357 0.0041794677808786509
leaf_weight=6.8916019573807743 2.6821609474718597 3.3563661128282529 2.9110806882381439 4.5075776539742947 2.7773671820759773
leaf_count=36 15 23 16 28 25
internal_value=0 0.00644491 -0.00582123 0.0139855 -0.0332028
internal_weight=0 16.2346 13.5524 7.86394 5.68845
internal_count=143 107 92 51 41
is_linear=0
shrinkage=0.1


Tree=54
num_leaves=5
num_cat=0
split_feature=7 6 15 7
split_gain=0.192512 0.643909 0.770626 1.06119
threshold=348.50000000000489 2.4000000000000008 771.16666666667118 446.00000000000006
decision_type=2 2 2 2
left_child=-1 2 3 -2
right_child=1 -3 -4 -5
leaf_value=0.016921894696221844 -0.043808993302561806 -0.038336134606835513 0.039188172305474195 0.025292974700858142
leaf_weight=5.2854212708771255 4.7094033434987086 4.3361505493521681 4.6013076528906813 4.2081982642412186
leaf_count=35 24 24 28 32
internal_value=0 -0.00480484 0.00595022 -0.0111999
internal_weight=0 17.8551 13.5189 8.9176
internal_count=143 108 84 56
is_linear=0
shrinkage=0.1


Tree=55
num_leaves=6
num_cat=0
split_feature=9 7 12 9 9
split_gain=0.226926 0.332097 1.38241 1.23264 1.07544
threshold=30.500000000000004 631.49999999999693 1.0000000180025095e-35 72.500000000000014 105.50000000000001
decision_type=2 2 2 2 2
left_child=-1 2 -2 -4 -5
right_child=1 -3 3 4 -6
leaf_value=0.017695723142453088 0.055855443237673691 -0.035079079400776869 -0.061395677584422992 0.043380887281210485 -0.035829316418123279
leaf_weight=5.5881302803754833 3.4769991301000163 3.1105590015649787 3.9238414391875232 3.9134042263031006 3.049866434186697
leaf_count=30 23 23 23 23 21
internal_value=0 -0.0054548 0.000960362 -0.0165714 0.00868734
internal_weight=0 17.4747 14.3641 10.8871 6.96327
internal_count=143 113 90 67 44
is_linear=0
shrinkage=0.1


Tree=56
num_leaves=5
num_cat=0
split_feature=8 14 9 6
split_gain=0.187749 0.681094 0.339639 0.786783
threshold=0.55000000000000016 279.75243147657073 96.500000000000014 0.55000000000000004
decision_type=2 2 2 2
left_child=2 -2 -1 -4
right_child=1 -3 3 -5
leaf_value=-0.024399782373990948 -0.011437598983251862 0.039737655475717087 -0.026271541937198242 0.046684928776369823
leaf_weight=6.3293197527527827 6.2573120370507223 4.450346402823925 3.0643074959516525 2.8557599522173405
leaf_count=35 37 25 23 23
internal_value=0 0.009832 -0.00829569 0.00892167
internal_weight=0 10.7077 12.2494 5.92007
internal_count=143 62 81 46
is_linear=0
shrinkage=0.1


Tree=57
num_leaves=5
num_cat=0
split_feature=9 6 8 9
split_gain=0.17973 0.318268 0.91015 0.409015
threshold=30.500000000000004 1.5000000000000002 0.45000000000000007 105.50000000000001
decision_type=2 2 2 2
left_child=-1 2 3 -2
right_child=1 -3 -4 -5
leaf_value=0.015820841203861204 0.025676382451838654 0.020539749735230393 -0.052623203101273532 -0.01562492626295797
leaf_weight=5.5510320737957981 4.6826111897826213 3.8444575779139987 3.9267674535512915 4.914142481982708
leaf_count=30 28 28 19 38
internal_value=0 -0.00484947 -0.0120671 0.00452751
internal_weight=0 17.368 13.5235 9.59675
internal_count=143 113 85 66
is_linear=0
shrinkage=0.1


Tree=58
num_leaves=5
num_cat=0
split_feature=9 14 7 9
split_gain=0.176914 0.549725 0.38385 0.961022
threshold=36.500000000000007 135.79242636746184 446.00000000000006 96.500000000000014
decision_type=2 2 2 2
left_child=-1 2 3 -2
right_child=1 -3 -4 -5
leaf_value=-0.013329442120204319 -0.059531137821100734 0.031333932181196004 0.017351361869108555 0.01688330572573769
leaf_weight=6.8285142406821278 3.3773331567645091 5.5506328903138629 3.881162703037262 3.2101908028125763
leaf_count=36 19 37 30 21
internal_value=0 0.00589343 -0.00759545 -0.0222933
internal_weight=0 16.0193 10.4687 6.58752
internal_count=143 107 70 40
is_linear=0
shrinkage=0.1


Tree=59
num_leaves=6
num_cat=0
split_feature=7 14 8 9 7
split_gain=0.180226 0.75451 1.57095 1.09519 0.359434
threshold=366.50000000000733 150.81410825199643 0.15000000000000005 36.500000000000007 268.83333333332854
decision_type=2 2 2 2 2
left_child=4 2 -2 -3 -1
right_child=1 3 -4 -5 -6
leaf_value=-0.0096690578924243861 -0.028143362063560023 -0.061521233914844015 0.072813686498931121 0.010768461859260916 0.032067382637039357
leaf_weight=3.9853893294930476 3.2343338429927817 4.275311626493929 2.944491021335125 4.1108511462807655 4.2787045203149319
leaf_count=26 22 22 20 26 27
internal_value=0 -0.00654863 0.0199673 -0.0260852 0.0119398
internal_weight=0 14.565 6.17882 8.38616 8.26409
internal_count=143 90 42 48 53
is_linear=0
shrinkage=0.1


Tree=60
num_leaves=6
num_cat=0
split_feature=9 7 12 9 9
split_gain=0.224624 0.320678 1.01371 0.995808 0.933822
threshold=30.500000000000004 631.49999999999693 1.0000000180025095e-35 72.500000000000014 105.50000000000001
decision_type=2 2 2 2 2
left_child=-1 2 -2 -4 -5
right_child=1 -3 3 4 -6
leaf_value=0.017619738954647763 0.048689728984677487 -0.034677638601293796 -0.054782931064766151 0.041376709002651918 -0.032784679222174103
leaf_weight=5.5626525655388859 3.3760050758719489 3.0896553024649611 3.8604904040694201 3.8490837439894676 3.037981066852808
leaf_count=30 23 23 23 23 21
internal_value=0 -0.00549525 0.000888655 -0.0141265 0.00866308
internal_weight=0 17.2132 14.1236 10.7476 6.88706
internal_count=143 113 90 67 44
is_linear=0
shrinkage=0.1


Tree=61
num_leaves=5
num_cat=0
split_feature=12 15 8 7
split_gain=0.187445 0.911004 0.815918 0.319488
threshold=1.0000000180025095e-35 771.16666666667118 0.65000000000000002 379.83333333333582
decision_type=2 2 2 2
left_child=-1 2 3 -2
right_child=1 -3 -4 -5
leaf_value=-0.0172065127635922 -0.0050402536116755233 0.045674175476270513 0.02892134563594519 -0.041952921350272454
leaf_weight=4.88147980347276 4.5519976355135459 4.1916274018585673 4.2116251811385146 4.8357397355139256
leaf_count=33 28 27 24 31
internal_value=0 0.00491476 -0.00764821 -0.0240544
internal_weight=0 17.791 13.5994 9.38774
internal_count=143 110 83 59
is_linear=0
shrinkage=0.1


Tree=62
num_leaves=5
num_cat=0
split_feature=6 15 7 9
split_gain=0.182222 0.632834 0.609768 0.709496
threshold=2.4000000000000008 771.16666666667118 446.00000000000006 96.500000000000014
decision_type=2 2 2 2
left_child=1 2 3 -1
right_child=-2 -3 -4 -5
leaf_value=-0.04068432170883772 -0.016791121837958941 0.037826794126344238 0.026144407966402761 0.017481471253371617
leaf_weight=5.9697462469339424 4.9598450660705558 4.388149380683898 4.0924871675670138 3.2326618954539299
leaf_count=32 29 28 32 22
internal_value=0 0.00489858 -0.00596979 -0.0202516
internal_weight=0 17.683 13.2949 9.20241
internal_count=143 114 86 54
is_linear=0
shrinkage=0.1


Tree=63
num_leaves=5
num_cat=0
split_feature=7 8 6 9
split_gain=0.207728 0.35606 0.861406 0.470446
threshold=600.83333333333951 1.6500000000000006 0.55000000000000004 69.500000000000014
decision_type=2 2 2 2
left_child=1 2 -1 -4
right_child=-2 -3 3 -5
leaf_value=-0.01309421443233069 -0.018852516111423967 -0.018151650185284609 0.06862963776920443 0.015577499238162124
leaf_weight=6.3199503868818336 4.587893594056367 4.8594035841524592 2.9058714359998703 3.9348806440830231
leaf_count=37 34 29 16 27
internal_value=0 0.0049813 0.0135228 0.0381134
internal_weight=0 18.0201 13.1607 6.84075
internal_count=143 109 80 43
is_linear=0
shrinkage=0.1


Tree=64
num_leaves=5
num_cat=0
split_feature=7 12 15 15
split_gain=0.203003 0.625231 0.665551 0.530164
threshold=348.50000000000489 1.0000000180025095e-35 771.16666666667118 412.50000000000119
decision_type=2 2 2 2
left_child=-1 -2 3 -3
right_child=1 2 -4 -5
leaf_value=0.01744595002229998 -0.040158406836184164 0.011770818566379418 0.038757801446911426 -0.036099354776444458
leaf_weight=5.2136122621595886 3.9274191148579165 5.1996693499386257 4.1055083088576803 4.1681405007839203
leaf_count=35 25 36 27 20
internal_value=0 -0.00504928 0.00518489 -0.00952868
internal_weight=0 17.4007 13.4733 9.36781
internal_count=143 108 83 56
is_linear=0
shrinkage=0.1


Tree=65
num_leaves=5
num_cat=0
split_feature=9 7 9 7
split_gain=0.197765 0.262848 0.794836 0.559194
threshold=30.500000000000004 600.83333333333951 57.500000000000007 350.33333333333036
decision_type=2 2 2 2
left_child=-1 2 -2 -4
right_child=1 -3 3 -5
leaf_value=0.016667977209674317 -0.039173662458450928 -0.029183693010631531 -0.010108022311049653 0.037579336135376035
leaf_weight=5.4777925759553936 3.5764503590762642 3.5975596196949473 4.5225701667368394 5.3891303911805153
leaf_count=30 21 27 31 34
internal_value=0 -0.0051673 0.00123835 0.0158203
internal_weight=0 17.0857 13.4882 9.9117
internal_count=143 113 86 65
is_linear=0
shrinkage=0.1


Tree=66
num_leaves=5
num_cat=0
split_feature=7 6 9 7
split_gain=0.188706 0.504673 0.788919 0.622524
threshold=348.50000000000489 2.4000000000000008 51.500000000000007 399.00000000000369
decision_type=2 2 2 2
left_child=-1 2 -2 -4
right_child=1 -3 3 -5
leaf_value=0.016856020556931462 0.037730271668031945 -0.034700155776930995 0.023799582105944846 -0.033493537785541622
leaf_weight=5.1889427490532425 4.6864025220274952 4.2753319256007662 2.9105797819793207 5.4432257004082203
leaf_count=35 26 24 18 40
internal_value=0 -0.0048845 0.00489079 -0.0135318
internal_weight=0 17.3155 13.0402 8.35381
internal_count=143 108 84 58
is_linear=0
shrinkage=0.1


Tree=67
num_leaves=6
num_cat=0
split_feature=14 15 9 7 7
split_gain=0.194068 0.938329 0.747443 0.472409 0.674541
threshold=240.90773809523799 491.66666666666703 36.500000000000007 446.00000000000006 348.50000000000489
decision_type=2 2 2 2 2
left_child=1 3 -2 4 -1
right_child=2 -3 -4 -5 -6
leaf_value=0.0042493877765007312 -0.045939278955831379 0.055193789155014827 0.017494644960395191 0.022338726993442554 -0.054809959278684255
leaf_weight=4.6819448843598384 3.5861599594354621 3.1493069455027571 3.8535530045628548 3.8956691063940525 3.2948213219642639
leaf_count=31 19 19 25 31 18
internal_value=0 0.00666719 -0.0130824 -0.00620507 -0.0201452
internal_weight=0 15.0217 7.43971 11.8724 7.97677
internal_count=143 99 44 80 49
is_linear=0
shrinkage=0.1


Tree=68
num_leaves=7
num_cat=0
split_feature=8 9 7 9 7 9
split_gain=0.196102 0.409422 0.475304 1.12213 0.467242 0.166261
threshold=2.6500000000000017 30.500000000000004 446.00000000000006 63.500000000000007 624.49999999999829 96.500000000000014
decision_type=2 2 2 2 2 2
left_child=1 -1 3 -3 -4 -5
right_child=-2 2 4 5 -6 -7
leaf_value=0.029065271461034378 0.021973948072276442 -0.072062957397418331 0.043077098227726873 -0.015578191997429561 -0.013852246751743236 0.015847236087469251
leaf_weight=3.1451077833771768 3.4712320417165747 3.2382125146687013 2.6673999950289717 3.4956944100558758 3.1373742967844009 3.2476446069777012
leaf_count=17 21 19 18 21 24 23
internal_value=0 -0.0038818 -0.0104458 -0.0236782 0.0123078 -0.000443461
internal_weight=0 18.9314 15.7863 9.98155 5.80477 6.74334
internal_count=143 122 105 63 42 44
is_linear=0
shrinkage=0.1


Tree=69
num_leaves=5
num_cat=0
split_feature=8 14 6 9
split_gain=0.223828 0.600041 0.340878 0.418199
threshold=0.55000000000000016 279.75243147657073 0.75000000000000011 105.50000000000001
decision_type=2 2 2 2
left_child=2 -2 3 -1
right_child=1 -3 -4 -5
leaf_value=0.027705531846196507 -0.0093113440987361764 0.039530263940408879 -0.03507861881413258 -0.017538674061280284
leaf_weight=3.5728488266468066 6.0917981490492803 4.2844636514782906 3.5728603154420844 4.7709932252764702
leaf_count=21 37 25 22 38
internal_value=0 0.0108559 -0.00923244 0.00183498
internal_weight=0 10.3763 11.9167 8.34384
internal_count=143 62 81 59
is_linear=0
shrinkage=0.1


Tree=70
num_leaves=5
num_cat=0
split_feature=8 14 6 9
split_gain=0.181573 0.492601 0.272446 0.340774
threshold=0.55000000000000016 279.75243147657073 0.75000000000000011 105.50000000000001
decision_type=2 2 2 2
left_child=2 -2 3 -1
right_child=1 -3 -4 -5
leaf_value=0.025197468156912546 -0.008365257586992433 0.036028758016854304 -0.0312331160243591 -0.015733924211846984
leaf_weight=3.5375665724277514 6.1021127365529519 4.2335543110966682 3.6094235107302657 4.7856095992028713
leaf_count=21 37 25 22 38
internal_value=0 0.00981881 -0.00828757 0.00166298
internal_weight=0 10.3357 11.9326 8.32318
internal_count=143 62 81 59
is_linear=0
shrinkage=0.1


Tree=71
num_leaves=6
num_cat=0
split_feature=14 15 9 7 7
split_gain=0.219277 0.78225 0.710309 0.371297 0.531663
threshold=240.90773809523799 491.66666666666703 36.500000000000007 446.00000000000006 348.50000000000489
decision_type=2 2 2 2 2
left_child=1 3 -2 4 -1
right_child=2 -3 -4 -5 -6
leaf_value=0.0047118842577955579 -0.046297862113611657 0.051975512415054798 0.015828624243412498 0.020944390299174935 -0.04780588728737134
leaf_weight=4.6758103519678134 3.5385046526789656 3.0804139487445346 3.8346769772469997 3.8340282402932644 3.2797131799161434
leaf_count=31 19 19 25 31 18
internal_value=0 0.00710491 -0.0139868 -0.00461903 -0.0169389
internal_weight=0 14.87 7.37318 11.7896 7.95552
internal_count=143 99 44 80 49
is_linear=0
shrinkage=0.1


Tree=72
num_leaves=6
num_cat=0
split_feature=14 15 9 7 9
split_gain=0.179751 0.635019 0.328817 0.325907 0.525322
threshold=228.64923747276717 412.50000000000119 36.500000000000007 446.00000000000006 96.500000000000014
decision_type=2 2 2 2 2
left_child=1 3 -2 4 -1
right_child=2 -3 -4 -5 -6
leaf_value=-0.040378855076988941 -0.033542768459988097 0.045116105391872864 0.0076979015346626007 0.018927900708083398 0.013797538325402531
leaf_weight=4.1690652295947093 3.7323709577321997 3.3155417740344992 4.0109037347137928 3.8190676309168339 3.1361895725131035
leaf_count=25 20 19 27 31 21
internal_value=0 0.00670373 -0.0121807 -0.00474487 -0.0171206
internal_weight=0 14.4399 7.74327 11.1243 7.30525
internal_count=143 96 47 77 46
is_linear=0
shrinkage=0.1


Tree=73
num_leaves=6
num_cat=0
split_feature=9 14 7 9 9
split_gain=0.180072 0.522751 0.517561 0.624554 0.488195
threshold=51.500000000000007 157.42200328407236 399.00000000000369 84.500000000000014 96.500000000000014
decision_type=2 2 2 2 2
left_child=1 -1 3 -2 -4
right_child=2 -3 4 -5 -6
leaf_value=0.040230054785772802 0.043858403411044355 -0.0085462756345505552 -0.059454668665627465 -0.014695426886154026 0.00036868878818127225
leaf_weight=3.6456291079521197 3.1112023107707483 5.5304671563208103 2.85537388920784 4.3948131836950779 2.6119383499026299
leaf_count=20 23 31 16 28 25
internal_value=0 0.0108324 -0.00747176 0.00957482 -0.0308748
internal_weight=0 9.1761 12.9733 7.50602 5.46731
internal_count=143 51 92 51 41
is_linear=0
shrinkage=0.1


Tree=74
num_leaves=5
num_cat=0
split_feature=9 12 7 9
split_gain=0.157155 0.559715 0.633763 0.646609
threshold=105.50000000000001 1.0000000180025095e-35 446.00000000000006 30.500000000000004
decision_type=2 2 2 2
left_child=1 -1 3 -3
right_child=-2 2 -4 -5
leaf_value=-0.030414489192930577 -0.015925838770721356 0.033778845681009077 0.046611357896502552 -0.020057233745334229
leaf_weight=3.6233789511024996 4.7868716679513446 3.5249121859669668 4.1148033849895009 6.0775875076651573
leaf_count=22 38 18 27 38
internal_value=0 0.00454199 0.0137756 -0.000294937
internal_weight=0 17.3407 13.7173 9.6025
internal_count=143 105 83 56
is_linear=0
shrinkage=0.1


Tree=75
num_leaves=5
num_cat=0
split_feature=7 6 9 6
split_gain=0.183313 0.571912 0.747715 0.528763
threshold=348.50000000000489 2.4000000000000008 51.500000000000007 0.55000000000000004
decision_type=2 2 2 2
left_child=-1 2 -2 -4
right_child=1 -3 3 -5
leaf_value=0.016636943721568567 0.038135269702751134 -0.036946397864386589 0.019979943565054302 -0.032331441536155706
leaf_weight=5.1503552645444897 4.5505343601107624 4.1924233250319949 3.120104428380726 5.0755452699959278
leaf_count=35 26 24 24 34
internal_value=0 -0.00490709 0.00563115 -0.0124164
internal_weight=0 16.9386 12.7462 8.19565
internal_count=143 108 84 58
is_linear=0
shrinkage=0.1


Tree=76
num_leaves=5
num_cat=0
split_feature=9 8 8 6
split_gain=0.183938 0.435499 0.575092 0.134457
threshold=36.500000000000007 0.15000000000000005 1.0500000000000003 0.55000000000000004
decision_type=2 2 2 2
left_child=-1 3 -3 -2
right_child=1 2 -4 -5
leaf_value=-0.013926015685478988 -0.024650357361286485 0.047712312423251212 -0.0053753441765798582 0.0024522517430332373
leaf_weight=6.5569690540432957 3.8121536262333384 4.202277943491934 3.9667719416320324 3.5212608352303505
leaf_count=36 25 33 26 23
internal_value=0 0.00605334 0.0219337 -0.0116366
internal_weight=0 15.5025 8.16905 7.33341
internal_count=143 107 59 48
is_linear=0
shrinkage=0.1


Tree=77
num_leaves=5
num_cat=0
split_feature=7 6 8 8
split_gain=0.182367 0.384322 0.738171 0.443525
threshold=600.83333333333951 0.55000000000000004 1.6500000000000006 0.45000000000000007
decision_type=2 2 2 2
left_child=1 -1 3 -3
right_child=-2 2 -4 -5
leaf_value=-0.01557735130076256 -0.017959966903654308 0.015183377171991686 -0.014492978966154155 0.067466163393434975
leaf_weight=6.1003870517015519 4.4531251676380625 3.8919697068631631 4.7823418453335762 2.7826415598392487
leaf_count=37 34 27 29 16
internal_value=0 0.00469827 0.0154943 0.03698
internal_weight=0 17.5573 11.457 6.67461
internal_count=143 109 72 43
is_linear=0
shrinkage=0.1


Tree=78
num_leaves=6
num_cat=0
split_feature=14 9 15 7 7
split_gain=0.212924 0.545106 0.513921 0.242385 0.420329
threshold=240.90773809523799 36.500000000000007 491.66666666666703 446.00000000000006 348.50000000000489
decision_type=2 2 2 2 2
left_child=2 -2 3 4 -1
right_child=1 -3 -4 -5 -6
leaf_value=0.0068129401988643191 -0.041839158489360345 0.01273581145854694 0.044211905924486823 0.01850270519392723 -0.039996090741303364
leaf_weight=4.7041844502091426 3.5642985254526129 3.7617505788803101 2.9697222635149947 3.7744228355586529 3.2393682040274143
leaf_count=31 19 25 19 31 18
internal_value=0 -0.0138162 0.00705498 -0.00236182 -0.0122757
internal_weight=0 7.32605 14.6877 11.718 7.94355
internal_count=143 44 99 80 49
is_linear=0
shrinkage=0.1


Tree=79
num_leaves=6
num_cat=0
split_feature=8 8 15 7 9
split_gain=0.190236 0.401992 0.539469 0.237159 0.595238
threshold=2.6500000000000017 1.2500000000000002 771.16666666667118 446.00000000000006 96.500000000000014
decision_type=2 2 2 2 2
left_child=1 2 3 4 -1
right_child=-2 -3 -4 -5 -6
leaf_value=-0.037972581408124539 0.021798473292425319 -0.036098533707616044 0.037873659044607585 0.013841372598423744 0.017304393726967723
leaf_weight=5.0517889410257393 3.4138803780078879 3.2049779184162608 3.4166007190942755 3.6957186795771113 3.1707586161792278
leaf_count=27 21 19 23 31 22
internal_value=0 -0.00388911 0.00284264 -0.00719967 -0.0166568
internal_weight=0 18.5398 15.3349 11.9183 8.22255
internal_count=143 122 103 80 49
is_linear=0
shrinkage=0.1


Tree=80
num_leaves=5
num_cat=0
split_feature=7 6 8 8
split_gain=0.192506 0.290964 0.634291 0.430562
threshold=600.83333333333951 0.55000000000000004 1.6500000000000006 0.45000000000000007
decision_type=2 2 2 2
left_child=1 -1 3 -3
right_child=-2 2 -4 -5
leaf_value=-0.012724053066359549 -0.018473514742826838 0.01269786964603783 -0.013468074270174865 0.064548799894060982
leaf_weight=6.1274057663977208 4.4456407725810996 3.8175833486020547 4.7634103000164032 2.7588085755705833
leaf_count=37 34 27 29 16
internal_value=0 0.00483383 0.0143211 0.0344494
internal_weight=0 17.4672 11.3398 6.57639
internal_count=143 109 72 43
is_linear=0
shrinkage=0.1


Tree=81
num_leaves=6
num_cat=0
split_feature=14 15 9 6 9
split_gain=0.209266 0.452069 0.255988 0.245255 0.626591
threshold=228.64923747276717 412.50000000000119 36.500000000000007 0.75000000000000011 105.50000000000001
decision_type=2 2 2 2 2
left_child=1 3 -2 4 -1
right_child=2 -3 -4 -5 -6
leaf_value=0.041180617983095691 -0.031875950713203871 0.040250802267276328 0.0046610957683802592 -0.026194791071678231 -0.016144835101206293
leaf_weight=3.195881590247156 3.7538087144494048 3.2177340760827056 3.9201054163277149 3.1007774993777275 4.7268926687538624
leaf_count=19 20 19 27 20 38
internal_value=0 0.00727362 -0.0132115 -0.0023523 0.00697905
internal_weight=0 14.2413 7.67391 11.0236 7.92277
internal_count=143 96 47 77 57
is_linear=0
shrinkage=0.1


Tree=82
num_leaves=6
num_cat=0
split_feature=7 9 9 14 7
split_gain=0.17958 0.453424 1.00188 0.396654 0.344841
threshold=379.83333333333582 36.500000000000007 66.500000000000014 102.95752895752945 510.50000000000006
decision_type=2 2 2 2 2
left_child=3 -2 -3 -1 -4
right_child=1 2 4 -5 -6
leaf_value=-0.0049276428555423517 -0.031929585031805145 0.055473083440658891 0.012038936870880623 0.039611465271031675 -0.038102844258754362
leaf_weight=5.478942636400463 4.7561370655894271 2.809882849454878 2.324267003685236 3.1486209891736507 3.3462148644030094
leaf_count=36 26 18 16 20 27
internal_value=0 -0.00721544 0.00664526 0.0113269 -0.0175503
internal_weight=0 13.2365 8.48036 8.62756 5.67048
internal_count=143 87 61 56 43
is_linear=0
shrinkage=0.1


Tree=83
num_leaves=5
num_cat=0
split_feature=9 14 7 7
split_gain=0.181076 0.287286 0.298684 0.379044
threshold=30.500000000000004 346.36363636363666 268.83333333332854 399.00000000000369
decision_type=2 2 2 2
left_child=-1 2 -2 -4
right_child=1 -3 3 -5
leaf_value=0.016151658755264527 -0.021897720463875725 -0.027844107176594364 0.034725324956914841 -0.0068130592870342468
leaf_weight=5.3186524510383633 3.5587099120020893 4.1467146463692179 4.0900386720895749 4.7458346262574196
leaf_count=30 23 27 27 36
internal_value=0 -0.00505976 0.00256294 0.0124146
internal_weight=0 16.5413 12.3946 8.83587
internal_count=143 113 86 63
is_linear=0
shrinkage=0.1


Tree=84
num_leaves=6
num_cat=0
split_feature=7 6 15 14 9
split_gain=0.187821 0.47675 0.444629 0.578672 0.696382
threshold=348.50000000000489 3.0000000000000013 771.16666666667118 150.81410825199643 93.500000000000014
decision_type=2 2 2 2 2
left_child=-1 2 3 4 -2
right_child=1 -3 -4 -5 -6
leaf_value=0.016859824123284781 0.051070960823621392 -0.041853662264462375 0.030292185349611613 -0.038041314254172155 -0.019256186472127713
leaf_weight=5.1198196038603809 2.5011870488524455 2.9053972326219073 4.1080744042992583 4.0148763060569763 3.2214563637971878
leaf_count=35 14 18 28 20 28
internal_value=0 -0.00502568 0.00270241 -0.00893719 0.0114816
internal_weight=0 16.751 13.8456 9.73752 5.72264
internal_count=143 108 90 62 42
is_linear=0
shrinkage=0.1


Tree=85
num_leaves=5
num_cat=0
split_feature=9 14 7 7
split_gain=0.185186 0.242055 0.27133 0.349282
threshold=30.500000000000004 346.36363636363666 268.83333333332854 399.00000000000369
decision_type=2 2 2 2
left_child=-1 2 -2 -4
right_child=1 -3 3 -5
leaf_value=0.016379822549214103 -0.021351123099624395 -0.026000637705877318 0.032918523342045203 -0.0071118413804730331
leaf_weight=5.2902691960334804 3.5657620951533344 4.1541540250182143 4.0481066666543466 4.7225809879601002
leaf_count=30 23 27 27 36
internal_value=0 -0.00512245 0.00190804 0.0113642
internal_weight=0 16.4906 12.3364 8.77069
internal_count=143 113 86 63
is_linear=0
shrinkage=0.1


Tree=86
num_leaves=5
num_cat=0
split_feature=7 6 9 6
split_gain=0.1678 0.429767 0.57622 0.402785
threshold=348.50000000000489 2.7499999999999996 51.500000000000007 0.55000000000000004
decision_type=2 2 2 2
left_child=-1 2 -2 -4
right_child=1 -3 3 -5
leaf_value=0.015981375384516626 0.030855954026799848 -0.034762988696317491 0.016169307667361351 -0.029927828539051321
leaf_weight=5.0949630104005363 4.9064925089478519 3.7109501287341109 3.0380467884242517 5.0401976779103279
leaf_count=35 28 22 24 34
internal_value=0 -0.00475142 0.00382568 -0.0125917
internal_weight=0 16.6957 12.9847 8.07824
internal_count=143 108 86 58
is_linear=0
shrinkage=0.1


Tree=87
num_leaves=6
num_cat=0
split_feature=8 8 15 7 9
split_gain=0.153759 0.41074 0.413974 0.301527 0.549342
threshold=2.6500000000000017 1.0500000000000003 771.16666666667118 446.00000000000006 96.500000000000014
decision_type=2 2 2 2 2
left_child=1 2 3 4 -1
right_child=-2 -3 -4 -5 -6
leaf_value=-0.039554153227486934 0.019865352268452426 -0.032560462343117907 0.034749209316819664 0.018403204889872318 0.015204188773520675
leaf_weight=4.3637389689683967 3.3314101845026007 3.8438529185950747 3.3987082988023749 3.6688579730689526 3.1578701436519623
leaf_count=23 21 23 23 31 22
internal_value=0 -0.00347895 0.00418324 -0.00510009 -0.0165644
internal_weight=0 18.433 14.5892 11.1905 7.52161
internal_count=143 122 99 76 45
is_linear=0
shrinkage=0.1


Tree=88
num_leaves=5
num_cat=0
split_feature=7 9 7 7
split_gain=0.163622 0.425467 0.526465 0.245713
threshold=379.83333333333582 36.500000000000007 631.49999999999693 268.83333333332854
decision_type=2 2 2 2
left_child=3 -2 -3 -1
right_child=1 2 -4 -5
leaf_value=-0.0074970147398980072 -0.030925919880693577 0.024774434537739462 -0.027605292989472553 0.026527417152032814
leaf_weight=3.9311678409576434 4.7253895699977866 5.5116008296608907 2.9437089934945107 4.6132413372397423
leaf_count=26 26 38 23 30
internal_value=0 -0.00689282 0.00653848 0.0108732
internal_weight=0 13.1807 8.45531 8.54441
internal_count=143 87 61 56
is_linear=0
shrinkage=0.1


Tree=89
num_leaves=5
num_cat=0
split_feature=9 13 8 7
split_gain=0.185455 0.207394 0.508237 0.128474
threshold=30.500000000000004 1.0000000180025095e-35 0.15000000000000005 357.33333333333218
decision_type=2 2 2 2
left_child=-1 2 3 -2
right_child=1 -3 -4 -5
leaf_value=0.016416504728923521 0.0007441087613745855 -0.019617653355751035 0.038290512130646687 -0.026145388079667844
leaf_weight=5.2691983506083515 4.1756833493709582 6.1776902116835108 2.9884910546243191 3.0929599069058895
leaf_count=30 25 39 26 23
internal_value=0 -0.00514276 0.00357521 -0.0106979
internal_weight=0 16.4348 10.2571 7.26864
internal_count=143 113 74 48
is_linear=0
shrinkage=0.1


Tree=90
num_leaves=5
num_cat=0
split_feature=9 6 13 9
split_gain=0.150848 0.201063 0.895583 0.360854
threshold=30.500000000000004 1.5000000000000002 1.0000000180025095e-35 105.50000000000001
decision_type=2 2 2 2
left_child=-1 2 3 -2
right_child=1 -3 -4 -5
leaf_value=0.014855242027214659 0.025662853555602546 0.016575018968936664 -0.053239073201804835 -0.013637382592417355
leaf_weight=5.242174997925761 4.6259098425507563 3.513173170387744 3.5412061139941207 4.7205275930464268
leaf_count=30 28 28 19 38
internal_value=0 -0.00463155 -0.0104125 0.00581381
internal_weight=0 16.4008 12.8876 9.34644
internal_count=143 113 85 66
is_linear=0
shrinkage=0.1


Tree=91
num_leaves=6
num_cat=0
split_feature=7 9 6 8 14
split_gain=0.152316 0.59965 1.13016 0.649682 0.554493
threshold=219.33333333333943 111.50000000000001 0.40000000000000013 0.55000000000000016 279.75243147657073
decision_type=2 2 2 2 2
left_child=-1 2 -2 -4 -5
right_child=1 -3 3 4 -6
leaf_value=0.021312936858018702 0.056282054573624334 -0.043736013666019889 -0.045847878957447026 -0.017207103969699093 0.033428747681693544
leaf_weight=2.9221780002117184 3.3381290957331684 3.0573832243680945 3.4889995716512194 4.8932878449559194 3.8753565102815628
leaf_count=20 21 25 23 30 24
internal_value=0 -0.00324102 0.00469759 -0.00935043 0.00517172
internal_weight=0 18.6532 15.5958 12.2576 8.76864
internal_count=143 123 98 77 54
is_linear=0
shrinkage=0.1


Tree=92
num_leaves=6
num_cat=0
split_feature=7 7 7 6 9
split_gain=0.168878 0.638285 0.474719 0.50215 0.354188
threshold=446.00000000000006 639.66666666666799 382.66666666666703 1.5000000000000002 96.500000000000014
decision_type=2 2 2 2 2
left_child=2 -2 3 4 -1
right_child=1 -3 -4 -5 -6
leaf_value=-0.033195709205776039 0.037075265720238386 -0.025370767636237385 -0.036128788256902522 0.032662330088460277 0.012940993801987852
leaf_weight=3.6199702024459857 4.2411873973906031 2.6655821688473225 3.8506729938089839 4.0360658466815948 3.079450074583292
leaf_count=20 30 22 22 28 21
internal_value=0 0.012975 -0.00600632 0.0047982 -0.0119885
internal_weight=0 6.90677 14.5862 10.7355 6.69942
internal_count=143 52 91 69 41
is_linear=0
shrinkage=0.1


Tree=93
num_leaves=5
num_cat=0
split_feature=7 7 7 7
split_gain=0.137548 0.522309 0.389773 0.195919
threshold=446.00000000000006 639.66666666666799 379.83333333333582 268.83333333332854
decision_type=2 2 2 2
left_child=2 -2 3 -1
right_child=1 -3 -4 -5
leaf_value=-0.0077911139099985432 0.033817175210665844 -0.022751102344008872 -0.024431028671572652 0.022868320543172595
leaf_weight=3.8856735303998011 4.1877513676881781 2.6747483015060425 6.1908126138150683 4.4957183972001076
leaf_count=26 30 22 35 30
internal_value=0 0.011769 -0.00540152 0.00865439
internal_weight=0 6.8625 14.5722 8.38139
internal_count=143 52 91 56
is_linear=0
shrinkage=0.1


Tree=94
num_leaves=6
num_cat=0
split_feature=7 6 9 7 7
split_gain=0.137038 0.429641 0.511985 0.395819 0.104582
threshold=348.50000000000489 2.7499999999999996 51.500000000000007 399.00000000000369 575.00000000000011
decision_type=2 2 2 2 2
left_child=-1 2 -2 -4 -5
right_child=1 -3 3 4 -6
leaf_value=0.014589596915029838 0.03019999922453135 -0.034369936432862819 0.020021799953183331 -0.042349633566461264 -0.014014912959752305
leaf_weight=4.9975654967129257 4.7904703244566935 3.6888534091413012 2.6817157901823521 2.4402057677507401 2.7942120768129826
leaf_count=35 28 22 18 17 23
internal_value=0 -0.00432578 0.00439634 -0.0112188 -0.0272241
internal_weight=0 16.3955 12.7066 7.91613 5.23442
internal_count=143 108 86 58 40
is_linear=0
shrinkage=0.1


Tree=95
num_leaves=5
num_cat=0
split_feature=7 13 6 8
split_gain=0.145442 0.463604 0.39534 0.474087
threshold=446.00000000000006 1.0000000180025095e-35 0.55000000000000004 1.6500000000000006
decision_type=2 2 2 2
left_child=2 -2 -1 -4
right_child=1 -3 3 -5
leaf_value=-0.027030722323040754 0.033447346153084305 -0.019661716007342997 0.02873229576166076 -0.016919292530982469
leaf_weight=5.3953952379524734 4.0919945314526549 2.747093640267849 4.8041720837354642 4.3207072876393795
leaf_count=32 35 17 32 27
internal_value=0 0.0121147 -0.0055722 0.00711588
internal_weight=0 6.83909 14.5203 9.12488
internal_count=143 52 91 59
is_linear=0
shrinkage=0.1


Tree=96
num_leaves=5
num_cat=0
split_feature=9 9 8 9
split_gain=0.137643 0.186654 0.408078 0.272966
threshold=30.500000000000004 72.500000000000014 1.2500000000000002 105.50000000000001
decision_type=2 2 2 2
left_child=-1 2 -2 -3
right_child=1 3 -4 -5
leaf_value=0.014243078393545914 -0.042002708658835514 0.021357929507837305 0.007304669322186823 -0.012663120160099003
leaf_weight=5.1985113918781307 3.33813198655844 4.788840536028145 3.3760502114892006 4.6468140669167042
leaf_count=30 19 33 23 38
internal_value=0 -0.00446525 -0.0172098 0.00460345
internal_weight=0 16.1498 6.71418 9.43565
internal_count=143 113 42 71
is_linear=0
shrinkage=0.1


Tree=97
num_leaves=6
num_cat=0
split_feature=7 6 9 7 7
split_gain=0.129239 0.348375 0.543794 0.357377 0.073052
threshold=348.50000000000489 2.4000000000000008 51.500000000000007 399.00000000000369 575.00000000000011
decision_type=2 2 2 2 2
left_child=-1 2 -2 -4 -5
right_child=1 -3 3 4 -6
leaf_value=0.014222142085562307 0.033190457416415714 -0.029053921215030434 0.018551127737074298 -0.039118662988025334 -0.01537369480592146
leaf_weight=4.9597402401268509 4.2540026083588618 4.1942301467061034 2.6723381839692593 2.425394032150507 2.7815863750874996
leaf_count=35 26 24 18 17 23
internal_value=0 -0.00420964 0.0043785 -0.0111769 -0.026434
internal_weight=0 16.3276 12.1333 7.87932 5.20698
internal_count=143 108 84 58 40
is_linear=0
shrinkage=0.1


Tree=98
num_leaves=5
num_cat=0
split_feature=7 7 6 8
split_gain=0.148012 0.461392 0.33705 0.371147
threshold=446.00000000000006 639.66666666666799 0.55000000000000004 1.6500000000000006
decision_type=2 2 2 2
left_child=2 -2 -1 -4
right_child=1 -3 3 -5
leaf_value=-0.025492629161369885 0.033158467885195171 -0.020127465920584921 0.025450989119505774 -0.015066024727655579
leaf_weight=5.3739555440843132 4.1376383230090132 2.6758488193154335 4.7377274557948095 4.32449646666646
leaf_count=32 30 22 32 27
internal_value=0 0.0122316 -0.00565034 0.00611626
internal_weight=0 6.81349 14.4362 9.06222
internal_count=143 52 91 59
is_linear=0
shrinkage=0.1


Tree=99
num_leaves=6
num_cat=0
split_feature=14 9 15 7 7
split_gain=0.143777 0.575344 0.439299 0.281417 0.418591
threshold=240.90773809523799 36.500000000000007 491.66666666666703 446.00000000000006 348.50000000000489
decision_type=2 2 2 2 2
left_child=2 -2 3 4 -1
right_child=1 -3 -4 -5 -6
leaf_value=0.0055409240642929911 -0.040973718548502173 0.016005601101227743 0.040874526333648999 0.020307688996831882 -0.041923409442745745
leaf_weight=4.5803387239575404 3.4293122738599768 3.6671331711113453 2.865610033273696 3.5520841740071774 3.1262062415480614
leaf_count=31 19 25 19 31 18
internal_value=0 -0.0115293 0.00591771 -0.0029797 -0.0137133
internal_weight=0 7.09645 14.1242 11.2586 7.70654
internal_count=143 44 99 80 49
is_linear=0
shrinkage=0.1


end of trees

feature_importances:
taskNum=117
s_view_position=111
response_time=72
scroll_time=62
s_scroll_speed=25
scroll_length=25
predicted_isAnswerCorrect=14
s_choice_left=9
event_scroll=6

parameters:
[boosting: gbdt]
[objective: binary]
[metric: binary_error]
[tree_learner: serial]
[device_type: cpu]
[data_sample_strategy: bagging]
[data: ]
[valid: ]
[num_iterations: 100]
[learning_rate: 0.1]
[num_leaves: 31]
[num_threads: 0]
[seed: 0]
[deterministic: 0]
[force_col_wise: 0]
[force_row_wise: 0]
[histogram_pool_size: -1]
[max_depth: -1]
[min_data_in_leaf: 20]
[min_sum_hessian_in_leaf: 0.001]
[bagging_fraction: 1]
[pos_bagging_fraction: 1]
[neg_bagging_fraction: 1]
[bagging_freq: 0]
[bagging_seed: 3]
[feature_fraction: 1]
[feature_fraction_bynode: 1]
[feature_fraction_seed: 2]
[extra_trees: 0]
[extra_seed: 6]
[early_stopping_round: 0]
[first_metric_only: 0]
[max_delta_step: 0]
[lambda_l1: 0]
[lambda_l2: 0]
[linear_lambda: 0]
[min_gain_to_split: 0]
[drop_rate: 0.1]
[max_drop: 50]
[skip_drop: 0.5]
[xgboost_dart_mode: 0]
[uniform_drop: 0]
[drop_seed: 4]
[top_rate: 0.2]
[other_rate: 0.1]
[min_data_per_group: 100]
[max_cat_threshold: 32]
[cat_l2: 10]
[cat_smooth: 10]
[max_cat_to_onehot: 4]
[top_k: 20]
[monotone_constraints: ]
[monotone_constraints_method: basic]
[monotone_penalty: 0]
[feature_contri: ]
[forcedsplits_filename: ]
[refit_decay_rate: 0.9]
[cegb_tradeoff: 1]
[cegb_penalty_split: 0]
[cegb_penalty_feature_lazy: ]
[cegb_penalty_feature_coupled: ]
[path_smooth: 0]
[interaction_constraints: ]
[verbosity: -1]
[saved_feature_importance_type: 0]
[use_quantized_grad: 0]
[num_grad_quant_bins: 4]
[quant_train_renew_leaf: 0]
[stochastic_rounding: 1]
[linear_tree: 0]
[max_bin: 255]
[max_bin_by_feature: ]
[min_data_in_bin: 3]
[bin_construct_sample_cnt: 200000]
[data_random_seed: 1]
[is_enable_sparse: 1]
[enable_bundle: 1]
[use_missing: 1]
[zero_as_missing: 0]
[feature_pre_filter: 0]
[pre_partition: 0]
[two_round: 0]
[header: 0]
[label_column: ]
[weight_column: ]
[group_column: ]
[ignore_column: ]
[categorical_feature: ]
[forcedbins_filename: ]
[precise_float_parser: 0]
[parser_config_file: ]
[objective_seed: 5]
[num_class: 1]
[is_unbalance: 0]
[scale_pos_weight: 1]
[sigmoid: 1]
[boost_from_average: 1]
[reg_sqrt: 0]
[alpha: 0.9]
[fair_c: 1]
[poisson_max_delta_step: 0.7]
[tweedie_variance_power: 1.5]
[lambdarank_truncation_level: 30]
[lambdarank_norm: 1]
[label_gain: ]
[lambdarank_position_bias_regularization: 0]
[eval_at: ]
[multi_error_top_k: 1]
[auc_mu_weights: ]
[num_machines: 1]
[local_listen_port: 12400]
[time_out: 120]
[machine_list_filename: ]
[machines: ]
[gpu_platform_id: -1]
[gpu_device_id: -1]
[gpu_use_dp: 0]
[num_gpu: 1]

end of parameters

pandas_categorical:[]
