tree
version=v4
num_class=1
num_tree_per_iteration=1
label_index=0
max_feature_idx=15
objective=binary sigmoid:1
feature_names=ratio_tap_position_y screen_height tap_position_x tap_position_y predicted_isAnswerCorrect s_tap_count scroll_time s_view_position response_time taskNum screen_width ratio_tap_position_x s_choice_left event_scroll s_scroll_speed scroll_length
feature_infos=none [844:844] none none [0:1] [1:1] [-0.5:18.799999999999962] [-343.99999999999989:1145.6666666666642] [0:10.399999999999981] [1:141] [390:390] none [0:1] [0:6] [-3503.3333333333576:6900.0000000000018] [0:14300.666666666672]
tree_sizes=725 733 645 644 645 644 736 649 645 645 656 651 655 754 650 750 650 752 754 648 651 752 737 753 756 652 751 651 651 653 738 655 653 755 754 650 653 756 650 651 657 652 657 657 757 752 654 654 652 758 655 758 653 652 659 757 658 654 648 754 652 651 758 652 757 656 659 654 651 759 655 656 652 653 753 650 662 758 657 757 651 654 760 645 757 659 551 658 752 549 653 757 659 650 754 751 656 755 661 652

Tree=0
num_leaves=6
num_cat=0
split_feature=4 9 6 6 6
split_gain=50.4554 2.55129 1.4963 1.55701 1.07829
threshold=1.0000000180025095e-35 96.500000000000014 1.25 0.40000000000000013 2.7499999999999996
decision_type=2 2 2 2 2
left_child=-1 2 3 -2 -4
right_child=1 -3 4 -5 -6
leaf_value=0.24100715992364563 0.56070591930063385 0.61398904586346537 0.60637717064020369 0.4819395582947093 0.5393926686755014
leaf_weight=5.8648962527513495 4.6919170022010857 7.5070672035217276 4.9265128523111326 5.3957045525312424 4.6919170022010803
leaf_count=25 20 32 21 23 20
internal_value=0.507045 0.564381 0.545482 0.518575 0.573702
internal_weight=0 27.2131 19.7061 10.0876 9.61843
internal_count=141 116 84 43 41
is_linear=0
shrinkage=1


Tree=1
num_leaves=6
num_cat=0
split_feature=4 9 6 6 6
split_gain=39.1938 2.19136 1.25268 1.27564 0.925639
threshold=1.0000000180025095e-35 96.500000000000014 1.25 0.40000000000000013 2.7499999999999996
decision_type=2 2 2 2 2
left_child=-1 2 3 -2 -4
right_child=1 -3 4 -5 -6
leaf_value=-0.22725302857153917 0.049012725074354016 0.099256577328697901 0.09197373327833136 -0.022450096853170242 0.02936820862151452
leaf_weight=6.1601143330335608 4.6267220377922111 7.2909955978393546 4.7955073714256269 5.4286299645900726 4.6532541513442993
leaf_count=25 20 32 21 23 20
internal_value=0 0.0524832 0.0349984 0.0104318 0.0611422
internal_weight=0 26.7951 19.5041 10.0554 9.44876
internal_count=141 116 84 43 41
is_linear=0
shrinkage=0.1


Tree=2
num_leaves=5
num_cat=0
split_feature=4 9 7 6
split_gain=31.4425 1.89164 1.2319 1.68741
threshold=1.0000000180025095e-35 96.500000000000014 446.00000000000006 1.5000000000000002
decision_type=2 2 2 2
left_child=-1 2 3 -2
right_child=1 -3 -4 -5
leaf_value=-0.20138490785550653 -0.020118203388072881 0.092371927004927967 0.070582190568196077 0.050520869099241555
leaf_weight=6.2497045844793311 6.7281403094530159 7.0629968643188468 5.7675249129533759 6.7988857626914978
leaf_count=25 29 32 25 30
internal_value=0 0.0480938 0.0318853 0.0153861
internal_weight=0 26.3575 19.2946 13.527
internal_count=141 116 84 59
is_linear=0
shrinkage=0.1


Tree=3
num_leaves=5
num_cat=0
split_feature=4 9 8 9
split_gain=25.7567 1.79924 1.30441 1.56837
threshold=1.0000000180025095e-35 36.500000000000007 0.15000000000000005 72.500000000000014
decision_type=2 2 2 2
left_child=-1 -2 -3 -4
right_child=1 2 3 -5
leaf_value=-0.182892069566991 0.0045366879606472772 0.029750039533977368 0.049981318505209163 0.12792720665672638
leaf_weight=6.1953127384185782 7.977297559380534 7.4908211082220104 5.8448079228401166 4.6234654486179352
leaf_count=25 35 34 26 21
internal_value=0 0.0440555 0.0616095 0.0844073
internal_weight=0 25.9364 17.9591 10.4683
internal_count=141 116 81 47
is_linear=0
shrinkage=0.1


Tree=4
num_leaves=5
num_cat=0
split_feature=4 9 7 6
split_gain=21.4128 1.56042 1.02976 1.42229
threshold=1.0000000180025095e-35 96.500000000000014 446.00000000000006 1.5000000000000002
decision_type=2 2 2 2
left_child=-1 2 3 -2
right_child=1 -3 -4 -5
leaf_value=-0.16903732479371925 -0.021972139809895305 0.081947016666296973 0.061710726708367185 0.043418068689178087
leaf_weight=6.0403034090995815 6.6926060318946892 6.659186676144599 5.578945279121398 6.6130830049514771
leaf_count=25 29 32 25 30
internal_value=0 0.0403251 0.0256482 0.0105276
internal_weight=0 25.5438 18.8846 13.3057
internal_count=141 116 84 59
is_linear=0
shrinkage=0.1


Tree=5
num_leaves=5
num_cat=0
split_feature=4 9 8 9
split_gain=18.0047 1.45343 1.19309 1.3918
threshold=1.0000000180025095e-35 36.500000000000007 0.15000000000000005 72.500000000000014
decision_type=2 2 2 2
left_child=-1 -2 -3 -4
right_child=1 2 3 -5
leaf_value=-0.15830046444504528 0.0013875201651256121 0.022337191060018399 0.04311019688404729 0.11846652455034619
leaf_weight=5.8163113892078426 7.8913405239582088 7.2567010968923595 5.6827961206436139 4.3097331821918488
leaf_count=25 35 34 26 21
internal_value=0 0.0369359 0.0531989 0.075611
internal_weight=0 25.1406 17.2492 9.99253
internal_count=141 116 81 47
is_linear=0
shrinkage=0.1


Tree=6
num_leaves=6
num_cat=0
split_feature=4 9 6 6 6
split_gain=15.271 1.29187 0.871926 1.09928 0.761155
threshold=1.0000000180025095e-35 96.500000000000014 1.25 0.40000000000000013 2.7499999999999996
decision_type=2 2 2 2 2
left_child=-1 2 3 -2 -4
right_child=1 -3 4 -5 -6
leaf_value=-0.14976487943426256 0.036741062640168472 0.073034505221232879 0.073008793429843385 -0.030816112009253778 0.014143167935681294
leaf_weight=5.546806380152705 4.4124372452497536 6.2684471160173407 4.3573911935091001 5.3037918955087662 4.4295744895935059
leaf_count=25 20 32 21 23 20
internal_value=0 0.0337993 0.0205073 -0.00013633 0.0433342
internal_weight=0 24.7716 18.5032 9.71623 8.78697
internal_count=141 116 84 43 41
is_linear=0
shrinkage=0.1


Tree=7
num_leaves=5
num_cat=0
split_feature=4 7 7 15
split_gain=13.0476 1.30173 2.80275 2.69774
threshold=1.0000000180025095e-35 446.00000000000006 348.50000000000489 699.33333333333223
decision_type=2 2 2 2
left_child=-1 2 -2 -4
right_child=1 -3 3 -5
leaf_value=-0.14284310554229801 0.066713636597508216 0.064796401133479356 -0.075340354962379424 0.028316381562584175
leaf_weight=5.2493117749691036 6.4580993801355424 7.7528992295265189 4.5001507401466352 5.6795285791158676
leaf_count=25 31 38 21 26
internal_value=0 0.0309538 0.0151838 -0.0175074
internal_weight=0 24.3907 16.6378 10.1797
internal_count=141 116 78 47
is_linear=0
shrinkage=0.1


Tree=8
num_leaves=5
num_cat=0
split_feature=4 9 8 9
split_gain=11.2129 1.12287 1.19515 1.20032
threshold=1.0000000180025095e-35 36.500000000000007 0.15000000000000005 72.500000000000014
decision_type=2 2 2 2
left_child=-1 -2 -3 -4
right_child=1 2 3 -5
leaf_value=-0.13714025319619191 -0.002998469468516968 0.011611088911715833 0.036263157772117444 0.10875621816130561
leaf_weight=4.936907812952998 7.7655017971992519 6.9049894213676479 5.4941494911909086 3.9091528058052063
leaf_count=25 35 34 26 21
internal_value=0 0.0282992 0.0432022 0.0664001
internal_weight=0 24.0738 16.3083 9.4033
internal_count=141 116 81 47
is_linear=0
shrinkage=0.1


Tree=9
num_leaves=5
num_cat=0
split_feature=4 7 7 9
split_gain=9.6842 1.06348 2.45491 0.226741
threshold=1.0000000180025095e-35 446.00000000000006 366.50000000000733 84.500000000000014
decision_type=2 2 2 2
left_child=-1 2 3 -2
right_child=1 -3 -4 -5
leaf_value=-0.13238066067240148 0.061131699229661135 0.057341906036187162 -0.032382738356707678 0.029775056311228905
leaf_weight=4.6193048357963589 4.689545959234243 7.3923538625240317 7.140139326453208 4.5372264981269836
leaf_count=25 22 38 33 23
internal_value=0 0.0258615 0.0116429 0.0457122
internal_weight=0 23.7593 16.3669 9.22677
internal_count=141 116 78 45
is_linear=0
shrinkage=0.1


Tree=10
num_leaves=5
num_cat=0
split_feature=4 9 6 13
split_gain=8.39922 0.965742 0.894258 0.918815
threshold=1.0000000180025095e-35 96.500000000000014 1.5000000000000002 1.0000000180025095e-35
decision_type=2 2 2 2
left_child=-1 2 3 -2
right_child=1 -3 -4 -5
leaf_value=-0.12836569794291003 0.024019696830951801 0.059630146425519809 0.038033625723841079 -0.036104623027479368
leaf_weight=4.3036360293626812 4.8915597796440178 5.649684101343154 7.6444249451160422 5.2909834533929825
leaf_count=25 23 32 37 24
internal_value=0 0.0236022 0.0121843 -0.00722169
internal_weight=0 23.4767 17.827 10.1825
internal_count=141 116 84 47
is_linear=0
shrinkage=0.1


Tree=11
num_leaves=5
num_cat=0
split_feature=4 7 7 15
split_gain=7.31342 0.913222 2.03259 2.42526
threshold=1.0000000180025095e-35 446.00000000000006 348.50000000000489 699.33333333333223
decision_type=2 2 2 2
left_child=-1 2 -2 -4
right_child=1 -3 3 -5
leaf_value=-0.12494853201309707 0.054418315733379477 0.051399508436013409 -0.07352335777903965 0.025101740366847699
leaf_weight=3.9950542151927975 6.0039250254631105 7.1056160777807227 4.5163650363683683 5.5663669854402542
leaf_count=25 31 38 21 26
internal_value=0 0.0215423 0.00835417 -0.0190755
internal_weight=0 23.1923 16.0867 10.0827
internal_count=141 116 78 47
is_linear=0
shrinkage=0.1


Tree=12
num_leaves=5
num_cat=0
split_feature=4 9 8 8
split_gain=6.39152 0.834948 1.30374 0.901516
threshold=1.0000000180025095e-35 36.500000000000007 0.15000000000000005 0.45000000000000007
decision_type=2 2 2 2
left_child=-1 -2 -3 -4
right_child=1 2 3 -5
leaf_value=-0.12201813499407368 -0.0073806309214185075 -0.00083474367572073489 0.099102413244235021 0.033179002917732854
leaf_weight=3.6971900612115887 7.6204813867807415 6.502592906355857 3.3432715982198697 5.4657591432332993
leaf_count=25 35 34 20 27
internal_value=0 0.0196669 0.0331282 0.0581988
internal_weight=0 22.9321 15.3116 8.80903
internal_count=141 116 81 47
is_linear=0
shrinkage=0.1


Tree=13
num_leaves=6
num_cat=0
split_feature=8 8 8 7 7
split_gain=1.15908 1.78102 1.30342 0.824203 0.120416
threshold=2.6500000000000017 1.0500000000000003 0.55000000000000016 399.00000000000369 268.83333333332854
decision_type=2 2 2 2 2
left_child=1 2 3 4 -1
right_child=-2 -3 -4 -5 -6
leaf_value=0.0011203990546775904 0.048037689341047511 -0.066682101552724832 0.057644082915867416 -0.036603949466351308 0.026158170303269324
leaf_weight=4.2281535267829984 4.2078420370817176 4.3336455821990958 3.6984785795211783 6.1189333647489548 3.5199900716543198
leaf_count=23 21 23 18 37 19
internal_value=0 -0.00926721 0.00489777 -0.00917017 0.0124951
internal_weight=0 21.8992 17.5656 13.8671 7.74814
internal_count=141 120 97 79 42
is_linear=0
shrinkage=0.1


Tree=14
num_leaves=5
num_cat=0
split_feature=7 8 6 14
split_gain=1.00508 1.28715 1.83414 1.91571
threshold=348.50000000000489 0.15000000000000005 2.4000000000000008 346.36363636363666
decision_type=2 2 2 2
left_child=-1 -2 3 -3
right_child=1 2 -4 -5
leaf_value=0.034626577297026985 -0.061784304938576631 0.079026460969942924 -0.051181874802338934 -0.0074694281511783894
leaf_weight=6.3414253294467953 4.0004097968339947 4.0104171782731992 4.6212027817964545 7.082864448428154
leaf_count=35 23 23 24 36
internal_value=0 -0.0111418 0.00175012 0.0238004
internal_weight=0 19.7149 15.7145 11.0933
internal_count=141 106 83 59
is_linear=0
shrinkage=0.1


Tree=15
num_leaves=6
num_cat=0
split_feature=8 8 8 7 7
split_gain=1.03462 1.41604 1.08406 0.545068 0.123143
threshold=2.6500000000000017 1.0500000000000003 0.55000000000000016 399.00000000000369 268.83333333332854
decision_type=2 2 2 2 2
left_child=1 2 3 4 -1
right_child=-2 -3 -4 -5 -6
leaf_value=-0.0024641657587702679 0.045740289067255413 -0.059569974126572105 0.0526241820842187 -0.030879003301068599 0.023050912454335853
leaf_weight=4.1667695492506116 4.1576361358165732 4.373271331191062 3.638739973306655 6.1553968638181686 3.4640834033489227
leaf_count=23 21 23 18 37 19
internal_value=0 -0.00869426 0.00407437 -0.00873986 0.0091186
internal_weight=0 21.7983 17.425 13.7862 7.63085
internal_count=141 120 97 79 42
is_linear=0
shrinkage=0.1


Tree=16
num_leaves=5
num_cat=0
split_feature=15 7 7 15
split_gain=0.975883 1.30281 1.02776 0.990206
threshold=934.33333333333405 348.50000000000489 446.00000000000006 699.33333333333223
decision_type=2 2 2 2
left_child=1 -1 3 -3
right_child=-2 2 -4 -5
leaf_value=0.031219784722723933 0.049194451456018091 -0.071868130727689994 0.0117726283468821 -0.010495351611738538
leaf_weight=6.233195558190352 3.4945168346166602 5.2408103644847888 5.6585997492074958 5.2749006450176239
leaf_count=35 19 26 35 26
internal_value=0 -0.00762216 -0.0225909 -0.0410823
internal_weight=0 22.4075 16.1743 10.5157
internal_count=141 122 87 52
is_linear=0
shrinkage=0.1


Tree=17
num_leaves=6
num_cat=0
split_feature=8 9 9 8 7
split_gain=0.902854 1.03485 2.55524 1.56313 0.694483
threshold=2.6500000000000017 30.500000000000004 63.500000000000007 0.15000000000000005 348.50000000000489
decision_type=2 2 2 2 2
left_child=1 -1 -3 4 -4
right_child=-2 2 3 -5 -6
leaf_value=0.040496676749940938 0.043003906289219747 -0.080454675365710548 0.0065401209950682994 0.047604067736707723 -0.052118765175961979
leaf_weight=3.6477320045232835 4.1155249327421179 4.795302718877795 4.0382142513990384 5.180219203233718 4.0351419001817703
leaf_count=17 21 25 23 32 23
internal_value=0 -0.0080833 -0.0179015 0.00473105 -0.0227782
internal_weight=0 21.6966 18.0489 13.2536 8.07336
internal_count=141 120 103 78 46
is_linear=0
shrinkage=0.1


Tree=18
num_leaves=6
num_cat=0
split_feature=9 9 14 7 9
split_gain=0.751929 1.40733 1.12753 0.634465 0.760544
threshold=15.500000000000002 36.500000000000007 135.79242636746184 446.00000000000006 96.500000000000014
decision_type=2 2 2 2 2
left_child=-1 -2 3 4 -3
right_child=1 2 -4 -5 -6
leaf_value=0.046414833530769355 -0.056237779441575778 -0.061782738127535819 0.039787095401663197 0.017533498383581713 0.0031102665997895925
leaf_weight=3.0828220993280437 4.5060387551784542 3.7554820626974124 6.4433511048555365 4.413764551281929 3.479243628680706
leaf_count=15 21 19 37 28 21
internal_value=0 -0.00623338 0.00622095 -0.0123461 -0.0305751
internal_weight=0 22.5979 18.0918 11.6485 7.23473
internal_count=141 126 105 68 40
is_linear=0
shrinkage=0.1


Tree=19
num_leaves=5
num_cat=0
split_feature=7 15 7 9
split_gain=0.646153 0.978753 1.3724 0.494156
threshold=348.50000000000489 798.33333333333223 446.00000000000006 54.500000000000007
decision_type=2 2 2 2
left_child=-1 2 3 -2
right_child=1 -3 -4 -5
leaf_value=0.0284312405581311 -0.06552201565790787 0.027288327051080502 0.020029225962422337 -0.018657258564650541
leaf_weight=6.1289461627602604 5.2597934827208537 5.4295314475893965 4.9054485857486716 3.9318281039595604
leaf_count=35 24 30 31 21
internal_value=0 -0.00878669 -0.0226811 -0.045475
internal_weight=0 19.5266 14.0971 9.19162
internal_count=141 106 76 45
is_linear=0
shrinkage=0.1


Tree=20
num_leaves=5
num_cat=0
split_feature=9 6 8 9
split_gain=0.753038 0.725362 2.58407 0.918423
threshold=30.500000000000004 1.5000000000000002 0.45000000000000007 105.50000000000001
decision_type=2 2 2 2
left_child=-1 2 3 -2
right_child=1 -3 -4 -5
leaf_value=0.030324877797113087 0.034712499311188694 0.024893367370917657 -0.089354334865521551 -0.02373759272565798
leaf_weight=6.2393205910921123 5.2864669784903544 4.6321792900562277 3.976493924856185 5.4697218686342239
leaf_count=30 28 28 19 36
internal_value=0 -0.00962248 -0.0204748 0.00498954
internal_weight=0 19.3649 14.7327 10.7562
internal_count=141 111 83 64
is_linear=0
shrinkage=0.1


Tree=21
num_leaves=6
num_cat=0
split_feature=9 9 8 9 6
split_gain=0.614392 0.62423 1.02592 1.16921 0.611174
threshold=30.500000000000004 54.500000000000007 0.15000000000000005 72.500000000000014 0.55000000000000004
decision_type=2 2 2 2 2
left_child=-1 -2 4 -4 -3
right_child=1 2 3 -5 -6
leaf_value=0.02759430755761132 -0.039661412313785886 -0.049153968963561147 -0.012576872877819148 0.072471652893464786 0.0060027674388247448
leaf_weight=6.1745969057083157 4.8570609390735653 4.0963704809546453 3.1271361932158461 3.3460188060998917 3.9423555806279182
leaf_count=30 24 24 18 23 22
internal_value=0 -0.00863051 0.0017554 0.0313853 -0.022104
internal_weight=0 19.3689 14.5119 6.47315 8.03873
internal_count=141 111 87 41 46
is_linear=0
shrinkage=0.1


Tree=22
num_leaves=6
num_cat=0
split_feature=7 6 6 14 9
split_gain=0.589502 0.905981 1.48706 1.32837 1.5201
threshold=348.50000000000489 2.4000000000000008 1.25 781.33333333333405 93.500000000000014
decision_type=2 2 2 2 2
left_child=-1 2 3 4 -2
right_child=1 -3 -4 -5 -6
leaf_value=0.02740512015053477 0.057781242845818905 -0.047474911020551895 0.059372379635785955 -0.062246006795833642 -0.032912392317468196
leaf_weight=6.0451831966638592 3.5327266901731509 4.5361886993050566 3.6150729805231085 3.8224869817495346 3.8754147291183472
leaf_count=35 17 24 21 18 26
internal_value=0 -0.00836234 0.00358872 -0.0143677 0.0103368
internal_weight=0 19.3819 14.8457 11.2306 7.40814
internal_count=141 106 82 61 43
is_linear=0
shrinkage=0.1


Tree=23
num_leaves=6
num_cat=0
split_feature=8 9 9 8 7
split_gain=0.61859 0.861994 1.39784 1.10292 0.543646
threshold=2.6500000000000017 30.500000000000004 63.500000000000007 0.15000000000000005 348.50000000000489
decision_type=2 2 2 2 2
left_child=1 -1 -3 4 -4
right_child=-2 2 3 -5 -6
leaf_value=0.038232197810455497 0.036364755987128898 -0.061147206421248358 0.0048693528505228036 0.039098774247955798 -0.047294352536017215
leaf_weight=3.5723201185464921 3.9777217209339133 4.8855520263314274 3.9963624924421293 4.8867004737257957 3.9953468516469002
leaf_count=17 21 25 23 32 23
internal_value=0 -0.00658943 -0.015603 0.00167461 -0.0212092
internal_weight=0 21.3363 17.764 12.8784 7.99171
internal_count=141 120 103 78 46
is_linear=0
shrinkage=0.1


Tree=24
num_leaves=6
num_cat=0
split_feature=8 8 8 7 9
split_gain=0.50637 0.709859 1.13627 0.377266 0.00122583
threshold=2.6500000000000017 1.0500000000000003 0.55000000000000016 399.00000000000369 96.500000000000014
decision_type=2 2 2 2 2
left_child=1 2 3 4 -1
right_child=-2 -3 -4 -5 -6
leaf_value=0.0040331687758141301 0.033128815096317425 -0.041608608839268098 0.054218276473805865 -0.028546655856047265 0.0066146261188499977
leaf_weight=3.8277316093444913 3.932125285267829 4.4184434711933127 3.4911626055836669 5.9706813767552376 3.5413756296038628
leaf_count=20 21 23 18 37 22
internal_value=0 -0.0059362 0.00342848 -0.00986374 0.00527374
internal_weight=0 21.2494 16.831 13.3398 7.36911
internal_count=141 120 97 79 42
is_linear=0
shrinkage=0.1


Tree=25
num_leaves=5
num_cat=0
split_feature=7 6 8 7
split_gain=0.435467 0.856722 1.17375 0.497213
threshold=348.50000000000489 2.4000000000000008 0.65000000000000002 446.00000000000006
decision_type=2 2 2 2
left_child=-1 2 3 -2
right_child=1 -3 -4 -5
leaf_value=0.023884125464132225 -0.040191512072445167 -0.045388258251583151 0.044371059019041453 0.0050533537234718736
leaf_weight=5.9158794656395939 4.4493665322661418 4.4887945875525466 4.9198646545410147 5.3486352264881134
leaf_count=35 23 24 25 34
internal_value=0 -0.00714529 0.00451841 -0.0154928
internal_weight=0 19.2067 14.7179 9.798
internal_count=141 106 82 57
is_linear=0
shrinkage=0.1


Tree=26
num_leaves=6
num_cat=0
split_feature=8 9 9 8 6
split_gain=0.457256 0.714589 1.15231 0.944 0.555421
threshold=2.6500000000000017 30.500000000000004 63.500000000000007 0.15000000000000005 0.55000000000000004
decision_type=2 2 2 2 2
left_child=1 -1 -3 4 -4
right_child=-2 2 3 -5 -6
leaf_value=0.035601961094613353 0.031637417558537467 -0.055142741140581202 -0.045099844217495168 0.036831450210940052 0.0077430679855700268
leaf_weight=3.5070063918829026 3.8978321403264991 4.8825119063258198 4.0588080659508687 4.83134725689888 3.9005903527140617
leaf_count=17 21 25 24 32 22
internal_value=0 -0.00563177 -0.013814 0.00196208 -0.0192036
internal_weight=0 21.1803 17.6733 12.7907 7.9594
internal_count=141 120 103 78 46
is_linear=0
shrinkage=0.1


Tree=27
num_leaves=5
num_cat=0
split_feature=7 7 7 14
split_gain=0.435775 1.11846 0.971379 0.765746
threshold=379.83333333333582 446.00000000000006 631.49999999999693 102.95752895752945
decision_type=2 2 2 2
left_child=3 -2 -3 -1
right_child=1 2 -4 -5
leaf_value=-0.0052371714594045627 -0.039940386231070463 0.044963350078337579 -0.024863508567668714 0.052134203903636822
leaf_weight=6.1476830765604991 6.9625641852617255 4.5960066840052587 3.5166095718741417 3.7428522929549217
leaf_count=36 35 27 23 20
internal_value=0 -0.0105386 0.0146952 0.0164737
internal_weight=0 15.0752 8.11262 9.89054
internal_count=141 85 50 56
is_linear=0
shrinkage=0.1


Tree=28
num_leaves=5
num_cat=0
split_feature=15 7 7 7
split_gain=0.417508 0.707339 1.0616 0.512587
threshold=798.33333333333223 348.50000000000489 446.00000000000006 382.33333333333036
decision_type=2 2 2 2
left_child=1 -1 3 -3
right_child=-2 2 -4 -5
leaf_value=0.022712004155108923 0.025426608760833542 -0.013433257972082467 0.019792684693403329 -0.060808271321255353
leaf_weight=5.8462805375456872 5.1818701922893515 4.302266485989092 4.7182340547442427 4.8680791929364204
leaf_count=35 30 22 31 23
internal_value=0 -0.00646803 -0.0187511 -0.0385823
internal_weight=0 19.7349 13.8886 9.17035
internal_count=141 111 76 45
is_linear=0
shrinkage=0.1


Tree=29
num_leaves=5
num_cat=0
split_feature=8 9 9 9
split_gain=0.401234 0.661745 0.948658 0.690096
threshold=2.6500000000000017 30.500000000000004 72.500000000000014 105.50000000000001
decision_type=2 2 2 2
left_child=1 -1 -3 -4
right_child=-2 2 3 -5
leaf_value=0.034633891729385732 0.029820135228898016 -0.043437398356616801 0.028881744531765504 -0.021158426230811989
leaf_weight=3.4687314480543199 3.8547633588314048 6.5111840590834644 5.7014277651905996 5.3345773667097092
leaf_count=17 21 34 33 36
internal_value=0 -0.00527682 -0.0131664 0.00469336
internal_weight=0 21.0159 17.5472 11.036
internal_count=141 120 103 69
is_linear=0
shrinkage=0.1


Tree=30
num_leaves=6
num_cat=0
split_feature=15 9 8 6 6
split_gain=0.343944 0.626787 0.979596 1.0632 0.408307
threshold=798.33333333333223 39.500000000000007 0.15000000000000005 1.25 0.55000000000000004
decision_type=2 2 2 2 2
left_child=1 -1 4 -4 -3
right_child=-2 2 3 -5 -6
leaf_value=-0.036352514807541578 0.02329806530821129 -0.041416209688059577 0.07400235410812718 -0.0054432991309144238 0.0040560970986457034
leaf_weight=5.0157097131013932 5.1016491129994384 4.058164179325102 3.2308018878102303 3.519623190164566 3.8461694940924644
leaf_count=24 30 24 20 21 22
internal_value=0 -0.00584015 0.00460296 0.03258 -0.0192898
internal_weight=0 19.6705 14.6548 6.75043 7.90433
internal_count=141 111 87 41 46
is_linear=0
shrinkage=0.1


Tree=31
num_leaves=5
num_cat=0
split_feature=7 6 8 8
split_gain=0.387033 0.73953 1.13999 0.375791
threshold=348.50000000000489 2.4000000000000008 0.65000000000000002 0.15000000000000005
decision_type=2 2 2 2
left_child=-1 2 3 -2
right_child=1 -3 -4 -5
leaf_value=0.022740114463326137 -0.039331738164355194 -0.042406857901272153 0.043841999956058558 0.00082092724858630209
leaf_weight=5.8091086372733143 3.9583909735083598 4.4524085149168959 4.8310184925794593 5.6690202280879021
leaf_count=35 23 24 25 34
internal_value=0 -0.00677113 0.00420274 -0.0156882
internal_weight=0 18.9108 14.4584 9.62741
internal_count=141 106 82 57
is_linear=0
shrinkage=0.1


Tree=32
num_leaves=5
num_cat=0
split_feature=8 9 9 9
split_gain=0.406163 0.618396 0.924395 0.551547
threshold=2.6500000000000017 30.500000000000004 72.500000000000014 105.50000000000001
decision_type=2 2 2 2
left_child=1 -1 -3 -4
right_child=-2 2 3 -5
leaf_value=0.033455368709507313 0.030023650267710474 -0.042949757886888207 0.026677819441085712 -0.018330776678436939
leaf_weight=3.4280847907066407 3.8437062948942176 6.4735084325075176 5.5909233018755895 5.3070671632885933
leaf_count=17 21 34 33 36
internal_value=0 -0.00535957 -0.0130193 0.00475968
internal_weight=0 20.7996 17.3715 10.898
internal_count=141 120 103 69
is_linear=0
shrinkage=0.1


Tree=33
num_leaves=6
num_cat=0
split_feature=9 9 8 8 6
split_gain=0.393907 1.11655 0.817343 0.96499 0.35605
threshold=15.500000000000002 36.500000000000007 0.15000000000000005 1.0500000000000003 0.55000000000000004
decision_type=2 2 2 2 2
left_child=-1 -2 4 -4 -3
right_child=1 2 3 -5 -6
leaf_value=0.035201294370358897 -0.049233271792866996 -0.03740307271311101 0.058012995786155833 -0.0060887375370613454 0.0051142663563632854
leaf_weight=2.8367100507020977 4.426802650094035 4.0437826365232494 4.8483908846974355 4.5546277090907097 3.8399020880460739
leaf_count=15 21 24 33 26 22
internal_value=0 -0.00442213 0.00705317 0.0269634 -0.0166942
internal_weight=0 21.7135 17.2867 9.40302 7.88368
internal_count=141 126 105 59 46
is_linear=0
shrinkage=0.1


Tree=34
num_leaves=6
num_cat=0
split_feature=7 6 14 8 14
split_gain=0.375494 0.741055 1.1382 2.13203 0.669271
threshold=379.83333333333582 2.0500000000000003 781.33333333333405 0.15000000000000005 102.95752895752945
decision_type=2 2 2 2 2
left_child=4 2 3 -2 -1
right_child=1 -3 -4 -5 -6
leaf_value=-0.004935947035347465 -0.032883457160271919 -0.050313789626571584 -0.040973425090651924 0.074947413209989169 0.049358963572695778
leaf_weight=6.0378623977303523 3.3777031078934652 3.4663464426994315 3.9265902042388916 4.0110344588756561 3.6383726075291634
leaf_count=36 20 20 20 25 20
internal_value=0 -0.00985983 0.00253287 0.0256534 0.0154795
internal_weight=0 14.7817 11.3153 7.38874 9.67624
internal_count=141 85 65 45 56
is_linear=0
shrinkage=0.1


Tree=35
num_leaves=5
num_cat=0
split_feature=7 6 15 7
split_gain=0.343894 0.633025 1.03866 1.29912
threshold=348.50000000000489 2.4000000000000008 771.16666666667118 446.00000000000006
decision_type=2 2 2 2
left_child=-1 2 3 -2
right_child=1 -3 -4 -5
leaf_value=0.021606290666894287 -0.051634741050346114 -0.039419480567200585 0.040738512093155023 0.023275494910284886
leaf_weight=5.7310403957963016 4.8527664318680781 4.428645245730876 4.9734852835535994 4.4270790442824364
leaf_count=35 24 24 28 30
internal_value=0 -0.00639608 0.00386461 -0.0158978
internal_weight=0 18.682 14.2533 9.27985
internal_count=141 106 82 54
is_linear=0
shrinkage=0.1


Tree=36
num_leaves=5
num_cat=0
split_feature=7 7 6 8
split_gain=0.396869 0.705244 0.786385 0.575201
threshold=631.49999999999693 466.00000000000006 0.55000000000000004 1.6500000000000006
decision_type=2 2 2 2
left_child=1 2 -1 -4
right_child=-2 -3 3 -5
leaf_value=-0.032450128513037184 -0.031624578438834844 0.043369211113268802 0.033067079759706901 -0.013047206624451739
leaf_weight=6.0561886504292586 3.3792936056852332 3.9499221816658965 6.053486801683901 4.8897921144962311
leaf_count=33 23 24 34 27
internal_value=0 0.00530583 -0.00353841 0.0124618
internal_weight=0 20.9494 16.9995 10.9433
internal_count=141 118 94 61
is_linear=0
shrinkage=0.1


Tree=37
num_leaves=6
num_cat=0
split_feature=8 9 9 7 6
split_gain=0.392802 0.654691 0.798561 0.603277 1.13249
threshold=2.6500000000000017 30.500000000000004 72.500000000000014 510.50000000000006 1.0000000180025095e-35
decision_type=2 2 2 2 2
left_child=1 -1 -3 4 -4
right_child=-2 2 3 -5 -6
leaf_value=0.034734748604882126 0.029852907383173057 -0.041068564838869615 -0.016046099800979551 -0.031859973338930682 0.062839753238457433
leaf_weight=3.4098521396517816 3.7674979344010344 6.436946868896487 4.037908233702181 3.318566769361496 3.3129803761839867
leaf_count=17 21 34 23 24 22
internal_value=0 -0.00527636 -0.0132518 0.00353015 0.0195071
internal_weight=0 20.5163 17.1064 10.6695 7.35089
internal_count=141 120 103 69 45
is_linear=0
shrinkage=0.1


Tree=38
num_leaves=5
num_cat=0
split_feature=7 9 7 14
split_gain=0.34043 0.720719 0.959152 0.64703
threshold=379.83333333333582 36.500000000000007 624.49999999999829 102.95752895752945
decision_type=2 2 2 2
left_child=3 -2 -3 -1
right_child=1 2 -4 -5
leaf_value=-0.0053144572230302348 -0.039284111598101759 0.029832457260689216 -0.037682595577633607 0.048445425417397887
leaf_weight=5.9636383727192896 5.2023271396756163 6.2465230748057348 3.1730744987726212 3.5843234434723854
leaf_count=36 26 37 22 20
internal_value=0 -0.0094098 0.00708942 0.0148671
internal_weight=0 14.6219 9.4196 9.54796
internal_count=141 85 59 56
is_linear=0
shrinkage=0.1


Tree=39
num_leaves=5
num_cat=0
split_feature=8 9 9 9
split_gain=0.32016 0.60237 0.673613 0.488438
threshold=2.6500000000000017 30.500000000000004 72.500000000000014 105.50000000000001
decision_type=2 2 2 2
left_child=1 -1 -3 -4
right_child=-2 2 3 -5
leaf_value=0.033704052204440164 0.027171034302513514 -0.037831845427723262 0.024025663992729415 -0.018968666427454765
leaf_weight=3.3992138132453027 3.7174306735396376 6.4642226696014431 5.4399635344743711 5.1379870474338531
leaf_count=17 21 34 33 36
internal_value=0 -0.00473296 -0.0123996 0.00314219
internal_weight=0 20.4414 17.0422 10.578
internal_count=141 120 103 69
is_linear=0
shrinkage=0.1


Tree=40
num_leaves=5
num_cat=0
split_feature=7 9 13 6
split_gain=0.281145 0.649828 0.963699 0.552694
threshold=379.83333333333582 36.500000000000007 1.0000000180025095e-35 1.5000000000000002
decision_type=2 2 2 2
left_child=3 -2 -3 -1
right_child=1 2 -4 -5
leaf_value=-0.0039571295289208778 -0.036848223290212777 -0.018140872534600175 0.047739097521856816 0.046839987314682023
leaf_weight=6.2030784264206904 5.2124093398451796 5.7749932780861837 3.6074324548244476 3.2716420814394951
leaf_count=36 26 39 20 20
internal_value=0 -0.00853835 0.0071892 0.0135832
internal_weight=0 14.5948 9.38243 9.47472
internal_count=141 85 59 56
is_linear=0
shrinkage=0.1


Tree=41
num_leaves=5
num_cat=0
split_feature=9 6 8 9
split_gain=0.272242 0.468451 1.26345 0.439712
threshold=30.500000000000004 1.5000000000000002 0.45000000000000007 105.50000000000001
decision_type=2 2 2 2
left_child=-1 2 3 -2
right_child=1 -3 -4 -5
leaf_value=0.019083149417097853 0.025989667373753935 0.023650600114934445 -0.061586300741561573 -0.015854751834570569
leaf_weight=5.7800099104642895 4.8909289464354533 4.1657591611146918 4.0610581636428824 5.1614363566040993
leaf_count=30 28 28 19 36
internal_value=0 -0.0058155 -0.0145128 0.00450444
internal_weight=0 18.2792 14.1134 10.0524
internal_count=141 111 83 64
is_linear=0
shrinkage=0.1


Tree=42
num_leaves=5
num_cat=0
split_feature=15 9 13 7
split_gain=0.282715 0.465834 0.69194 0.475904
threshold=798.33333333333223 39.500000000000007 1.0000000180025095e-35 379.83333333333582
decision_type=2 2 2 2
left_child=1 -1 3 -3
right_child=-2 2 -4 -5
leaf_value=-0.031818478078579022 0.021490323313254633 0.012179936556623772 0.039789079624652425 -0.030963492542304707
leaf_weight=4.9333858415484491 4.9351018965244284 5.0253676101565343 3.887851007282733 5.2048258185386658
leaf_count=24 30 30 23 34
internal_value=0 -0.00536599 0.00387753 -0.00977019
internal_weight=0 19.0514 14.118 10.2302
internal_count=141 111 87 64
is_linear=0
shrinkage=0.1


Tree=43
num_leaves=5
num_cat=0
split_feature=9 6 13 6
split_gain=0.266966 0.320322 1.10775 0.533079
threshold=30.500000000000004 1.5000000000000002 1.0000000180025095e-35 1.0000000180025095e-35
decision_type=2 2 2 2
left_child=-1 2 3 -2
right_child=1 -3 -4 -5
leaf_value=0.0189189004675696 -0.018417181918835589 0.018780337821105268 -0.058721521399867943 0.027225926783631494
leaf_weight=5.757912345230582 5.1560873463749903 4.1082402728497973 3.8447647616267195 5.0797869190573692
leaf_count=30 32 28 19 32
internal_value=0 -0.00578788 -0.012956 0.00423426
internal_weight=0 18.1889 14.0806 10.2359
internal_count=141 111 83 64
is_linear=0
shrinkage=0.1


Tree=44
num_leaves=6
num_cat=0
split_feature=6 8 9 7 6
split_gain=0.27781 0.88753 0.375251 0.48563 0.84345
threshold=2.4000000000000008 0.65000000000000002 72.500000000000014 510.50000000000006 1.0000000180025095e-35
decision_type=2 2 2 2 2
left_child=1 2 -1 4 -4
right_child=-2 -3 3 -5 -6
leaf_value=-0.035387897702518704 -0.020477034920798626 0.042485489480005745 -0.013312779627712424 -0.029995690687357596 0.055839071378966779
leaf_weight=3.5070456489920678 5.1285389363765708 4.8761789053678504 4.0370081439614278 3.1909996345639229 3.1323790736496449
leaf_count=17 29 27 23 23 22
internal_value=0 0.00578912 -0.00711436 0.00245639 0.0169004
internal_weight=0 18.7436 13.8674 10.3604 7.16939
internal_count=141 112 85 68 45
is_linear=0
shrinkage=0.1


Tree=45
num_leaves=6
num_cat=0
split_feature=9 9 6 7 15
split_gain=0.255543 0.276813 1.14507 0.516645 1.06324
threshold=30.500000000000004 96.500000000000014 0.55000000000000004 357.33333333333218 730.3333333333286
decision_type=2 2 2 2 2
left_child=-1 3 -3 -2 -5
right_child=1 2 -4 4 -6
leaf_value=0.018521015098803502 -0.046273063833555741 -0.030733445405582257 0.054996370856569478 0.036675961508137671 -0.03529804858621606
leaf_weight=5.7453690022230175 3.6004845723509815 3.173155464231967 3.0608686581254005 3.9363997727632505 4.2885959073901176
leaf_count=30 22 22 23 20 24
internal_value=0 -0.00569222 0.0113594 -0.0146813 -0.000852015
internal_weight=0 18.0595 6.23402 11.8255 8.225
internal_count=141 111 45 66 44
is_linear=0
shrinkage=0.1


Tree=46
num_leaves=5
num_cat=0
split_feature=7 6 9 6
split_gain=0.269652 0.785544 1.07271 0.784332
threshold=348.50000000000489 2.4000000000000008 51.500000000000007 0.75000000000000011
decision_type=2 2 2 2
left_child=-1 2 -2 -4
right_child=1 -3 3 -5
leaf_value=0.019619044838829751 0.042476202363145074 -0.042578838268889835 0.0084964523403379816 -0.052901020630516993
leaf_weight=5.4760921820998218 5.0954743474721935 4.3844243958592406 5.3897185027599317 3.3889017626643181
leaf_count=35 26 24 36 20
internal_value=0 -0.00568119 0.00597902 -0.0152055
internal_weight=0 18.2585 13.8741 8.77862
internal_count=141 106 82 56
is_linear=0
shrinkage=0.1


Tree=47
num_leaves=5
num_cat=0
split_feature=15 7 7 7
split_gain=0.260589 0.402259 0.720623 0.361723
threshold=798.33333333333223 348.50000000000489 446.00000000000006 382.33333333333036
decision_type=2 2 2 2
left_child=1 -1 3 -3
right_child=-2 2 -4 -5
leaf_value=0.017813661551305041 0.020837208578066396 -0.0089846094915604479 0.018651783192587486 -0.049153924170835327
leaf_weight=5.430487282574183 4.8478907644748679 4.1583361625671369 4.4184552058577529 4.8638464361429214
leaf_count=35 30 22 31 23
internal_value=0 -0.00515545 -0.0144358 -0.0306398
internal_weight=0 18.8711 13.4406 9.02218
internal_count=141 111 76 45
is_linear=0
shrinkage=0.1


Tree=48
num_leaves=5
num_cat=0
split_feature=9 6 8 9
split_gain=0.247007 0.353381 0.888667 0.46921
threshold=30.500000000000004 1.5000000000000002 0.45000000000000007 105.50000000000001
decision_type=2 2 2 2
left_child=-1 2 3 -2
right_child=1 -3 -4 -5
leaf_value=0.018291937227551625 0.025263439520710352 0.020396992553202049 -0.05252279348884125 -0.018371669359721527
leaf_weight=5.6981935352087048 4.8412889763712901 4.0499456487596026 4.0627543777227393 5.0191488862037659
leaf_count=30 28 28 19 36
internal_value=0 -0.00560186 -0.0131643 0.00305235
internal_weight=0 17.9731 13.9232 9.86044
internal_count=141 111 83 64
is_linear=0
shrinkage=0.1


Tree=49
num_leaves=6
num_cat=0
split_feature=8 13 14 6 7
split_gain=0.238602 0.645322 0.992302 1.1169 0.305898
threshold=0.15000000000000005 1.0000000180025095e-35 781.33333333333405 2.7499999999999996 348.50000000000489
decision_type=2 2 2 2 2
left_child=4 -2 3 -3 -1
right_child=1 2 -4 -5 -6
leaf_value=0.0052568570324230844 0.044167590486682812 0.052044612012916915 -0.047426715141675319 -0.020218650694704177 -0.03450404693427802
leaf_weight=3.9445829689502743 3.6338401958346358 4.1490132287144643 3.6582797616720191 4.4145829305052757 3.7978934198617935
leaf_count=24 27 24 18 25 23
internal_value=0 0.00716932 -0.00383111 0.0147925 -0.0142469
internal_weight=0 15.8557 12.2219 8.5636 7.74248
internal_count=141 94 67 49 47
is_linear=0
shrinkage=0.1


Tree=50
num_leaves=5
num_cat=0
split_feature=15 8 9 7
split_gain=0.246077 0.399203 0.540748 0.377391
threshold=771.16666666667118 0.65000000000000002 96.500000000000014 382.33333333333491
decision_type=2 2 2 2
left_child=1 2 -1 -4
right_child=-2 -3 3 -5
leaf_value=-0.040017335199393628 0.017483266358786494 0.014373679219292217 0.028023769992052562 -0.023032671044377298
leaf_weight=5.3850810378789955 6.0724747106432906 6.2414472699165335 3.0728812515735626 2.7374371066689491
leaf_count=28 37 34 21 21
internal_value=0 -0.00589102 -0.0171886 0.00396936
internal_weight=0 17.4368 11.1954 5.81032
internal_count=141 104 70 42
is_linear=0
shrinkage=0.1


Tree=51
num_leaves=6
num_cat=0
split_feature=9 7 12 9 7
split_gain=0.209741 0.256505 1.14308 0.801367 0.957223
threshold=30.500000000000004 600.83333333333951 1.0000000180025095e-35 72.500000000000014 350.33333333333036
decision_type=2 2 2 2 2
left_child=-1 2 -2 -4 -5
right_child=1 -3 3 4 -6
leaf_value=0.016901424985295423 0.051835107024220964 -0.028719039152664341 -0.05215279068509137 -0.033776855519685012 0.040179382443291223
leaf_weight=5.6655730158090618 3.3625508584082171 3.676477536559104 3.7665123417973483 3.3354969918727875 3.6820286065340042
leaf_count=30 21 25 22 20 23
internal_value=0 -0.00518664 0.000929064 -0.0149439 0.00502728
internal_weight=0 17.8231 14.1466 10.784 7.01753
internal_count=141 111 86 65 43
is_linear=0
shrinkage=0.1


Tree=52
num_leaves=5
num_cat=0
split_feature=15 9 8 9
split_gain=0.221995 0.35571 1.03504 0.194067
threshold=798.33333333333223 54.500000000000007 0.25000000000000006 108.50000000000001
decision_type=2 2 2 2
left_child=1 -1 3 -3
right_child=-2 2 -4 -5
leaf_value=-0.022744827335233846 0.019494201027681131 -0.030264772217048902 0.051066244781778451 0.00051092755539266035
leaf_weight=6.9221377000212732 4.7315716743469229 3.7801912352442724 3.5378144942224017 4.4739993214607239
leaf_count=35 30 20 24 32
internal_value=0 -0.00475045 0.0058126 -0.0135835
internal_weight=0 18.7141 11.792 8.25419
internal_count=141 111 76 52
is_linear=0
shrinkage=0.1


Tree=53
num_leaves=5
num_cat=0
split_feature=7 6 9 6
split_gain=0.218086 0.699312 1.00362 0.687067
threshold=348.50000000000489 2.4000000000000008 51.500000000000007 0.75000000000000011
decision_type=2 2 2 2
left_child=-1 2 -2 -4
right_child=1 -3 3 -5
leaf_value=0.01778443205739751 0.041960170716237026 -0.039933853972574977 0.0080323748053763924 -0.049608333851218836
leaf_weight=5.391512498259547 4.9495413079857853 4.3741285577416411 5.3013150021433812 3.3905478045344353
leaf_count=35 26 24 36 20
internal_value=0 -0.00514054 0.00601597 -0.0144523
internal_weight=0 18.0155 13.6414 8.69186
internal_count=141 106 82 56
is_linear=0
shrinkage=0.1


Tree=54
num_leaves=5
num_cat=0
split_feature=9 12 6 15
split_gain=0.217487 0.681588 0.87716 0.713069
threshold=105.50000000000001 1.0000000180025095e-35 1.0000000180025095e-35 771.16666666667118
decision_type=2 2 2 2
left_child=1 -1 -3 -4
right_child=-2 2 3 -5
leaf_value=-0.03267211807604891 -0.018452133934833848 0.057047798775368523 -0.017895202161406457 0.035721349164229227
leaf_weight=3.787311360239987 4.9579395055770865 3.6953966990113267 7.1511213257908803 3.7977895140647888
leaf_count=22 36 20 39 24
internal_value=0 0.0051415 0.0149209 0.000702481
internal_weight=0 18.4316 14.6443 10.9489
internal_count=141 105 83 63
is_linear=0
shrinkage=0.1


Tree=55
num_leaves=6
num_cat=0
split_feature=8 8 8 6 9
split_gain=0.225539 0.537957 1.02842 0.411693 0.465102
threshold=2.6500000000000017 1.0500000000000003 0.55000000000000016 0.75000000000000011 105.50000000000001
decision_type=2 2 2 2 2
left_child=1 2 3 4 -1
right_child=-2 -3 -4 -5 -6
leaf_value=0.030161914449625234 0.023170277288262032 -0.035986969274511997 0.055547716992573853 -0.036232717884791439 -0.016546830580149247
leaf_weight=3.7302832230925613 3.5978863984346381 4.1629948318004599 3.1469371467828742 3.7316648289561263 4.9749948307871819
leaf_count=21 21 23 18 22 36
internal_value=0 -0.00405252 0.00447828 -0.0084439 0.00346825
internal_weight=0 19.7469 15.5839 12.4369 8.70528
internal_count=141 120 97 79 57
is_linear=0
shrinkage=0.1


Tree=56
num_leaves=5
num_cat=0
split_feature=7 9 13 14
split_gain=0.202702 0.686515 0.734602 0.584657
threshold=379.83333333333582 36.500000000000007 1.0000000180025095e-35 102.95752895752945
decision_type=2 2 2 2
left_child=3 -2 -3 -1
right_child=1 2 -4 -5
leaf_value=-0.007608972430007405 -0.037101931461465877 -0.013372142829292175 0.044833614088785757 0.044866496973569842
leaf_weight=5.7459468618035334 5.0102734491229048 5.6603147238492948 3.5146773457527161 3.3675272092223167
leaf_count=36 26 39 20 20
internal_value=0 -0.00733195 0.00892482 0.0117813
internal_weight=0 14.1853 9.17499 9.11347
internal_count=141 85 59 56
is_linear=0
shrinkage=0.1


Tree=57
num_leaves=5
num_cat=0
split_feature=9 6 8 9
split_gain=0.208704 0.226657 0.905009 0.371126
threshold=30.500000000000004 1.5000000000000002 0.45000000000000007 105.50000000000001
decision_type=2 2 2 2
left_child=-1 2 3 -2
right_child=1 -3 -4 -5
leaf_value=0.016955115816481296 0.025263358616066201 0.016103724367133292 -0.051040426655116877 -0.013758245460994035
leaf_weight=5.6058554053306606 4.7568229436874407 3.8981347978115073 4.0346796363592139 4.9984162598848343
leaf_count=30 28 28 19 36
internal_value=0 -0.00518731 -0.0112059 0.00526936
internal_weight=0 17.6881 13.7899 9.75524
internal_count=141 111 83 64
is_linear=0
shrinkage=0.1


Tree=58
num_leaves=5
num_cat=0
split_feature=7 7 7 14
split_gain=0.188567 0.833526 0.563161 0.480535
threshold=446.00000000000006 600.83333333333951 379.83333333333582 102.95752895752945
decision_type=2 2 2 2
left_child=2 -2 3 -1
right_child=1 -3 -4 -5
leaf_value=-0.007305191366460329 0.056202589640012436 -0.012707365312614084 -0.028074206817438021 0.040537121627241657
leaf_weight=5.743065297603609 2.813180796802043 4.6679075509309769 6.6918840371072283 3.3090939372777939
leaf_count=36 18 32 35 20
internal_value=0 0.0132055 -0.00607737 0.010184
internal_weight=0 7.48109 15.744 9.05216
internal_count=141 50 91 56
is_linear=0
shrinkage=0.1


Tree=59
num_leaves=6
num_cat=0
split_feature=9 9 6 7 15
split_gain=0.190317 0.215771 1.00823 0.545721 0.846582
threshold=30.500000000000004 96.500000000000014 0.55000000000000004 357.33333333333218 730.3333333333286
decision_type=2 2 2 2 2
left_child=-1 3 -3 -2 -5
right_child=1 2 -4 4 -6
leaf_value=0.016232831534935502 -0.045875645799125155 -0.029530137089881128 0.052254068311970964 0.035465380062203948 -0.029397292527157018
leaf_weight=5.5762730538845089 3.5092622488737133 3.089775137603282 2.9432920813560486 3.8270302042365056 4.2434070222079754
leaf_count=30 22 22 23 20 24
internal_value=0 -0.00496514 0.0103691 -0.0129543 0.00136082
internal_weight=0 17.6128 6.03307 11.5797 8.07044
internal_count=141 111 45 66 44
is_linear=0
shrinkage=0.1


Tree=60
num_leaves=5
num_cat=0
split_feature=7 6 15 7
split_gain=0.218997 0.624451 0.932238 1.01719
threshold=348.50000000000489 2.4000000000000008 771.16666666667118 446.00000000000006
decision_type=2 2 2 2
left_child=-1 2 3 -2
right_child=1 -3 -4 -5
leaf_value=0.017899075954019947 -0.045177545669292218 -0.038131197890491908 0.042009355042101237 0.022830930488362738
leaf_weight=5.3382741175591972 4.7252858504652995 4.3489099889993659 4.5936991050839415 4.1140493899583817
leaf_count=35 24 24 28 30
internal_value=0 -0.00519629 0.00546631 -0.0135247
internal_weight=0 17.7819 13.433 8.83934
internal_count=141 106 82 54
is_linear=0
shrinkage=0.1


Tree=61
num_leaves=5
num_cat=0
split_feature=9 6 8 9
split_gain=0.19583 0.230968 0.661272 0.379573
threshold=30.500000000000004 1.5000000000000002 0.45000000000000007 105.50000000000001
decision_type=2 2 2 2
left_child=-1 2 3 -2
right_child=1 -3 -4 -5
leaf_value=0.016501329300575754 0.023399421524681639 0.016608292262816706 -0.045178057569005003 -0.016332351780176269
leaf_weight=5.5503886863589313 4.7028628736734408 3.8400227203965178 4.0268209725618354 4.9199228808283806
leaf_count=30 28 28 19 36
internal_value=0 -0.0050577 -0.011153 0.00308542
internal_weight=0 17.4896 13.6496 9.62279
internal_count=141 111 83 64
is_linear=0
shrinkage=0.1


Tree=62
num_leaves=6
num_cat=0
split_feature=14 8 6 9 13
split_gain=0.185177 1.13263 0.542944 0.688775 0.413552
threshold=279.75243147657073 0.65000000000000002 0.75000000000000011 105.50000000000001 1.5000000000000002
decision_type=2 2 2 2 2
left_child=2 -2 3 -1 -4
right_child=1 -3 4 -5 -6
leaf_value=0.041030880358353491 -0.024494921917548616 0.055828582278206022 -0.049901410883928653 -0.014652023729453912 -0.0010699252456649818
leaf_weight=4.0400591567158717 3.6981536708772174 3.3418965935707092 3.666983973234891 4.9349021688103676 3.2906618379056454
leaf_count=23 22 19 22 36 19
internal_value=0 0.0136345 -0.00584007 0.0104135 -0.0268063
internal_weight=0 7.04005 15.9326 8.97496 6.95765
internal_count=141 41 100 59 41
is_linear=0
shrinkage=0.1


Tree=63
num_leaves=5
num_cat=0
split_feature=7 6 9 6
split_gain=0.185285 0.510426 0.83621 0.413776
threshold=348.50000000000489 2.4000000000000008 51.500000000000007 0.75000000000000011
decision_type=2 2 2 2
left_child=-1 2 -2 -4
right_child=1 -3 3 -5
leaf_value=0.016560253581071747 0.038710167372589845 -0.034441589106503072 0.0042935165037698104 -0.040614785096563272
leaf_weight=5.2835869565606144 4.7286024913191822 4.3673224933445445 5.1196515932679159 3.4237619638442993
leaf_count=35 26 24 36 20
internal_value=0 -0.0047874 0.00497068 -0.0137034
internal_weight=0 17.6393 13.272 8.54341
internal_count=141 106 82 56
is_linear=0
shrinkage=0.1


Tree=64
num_leaves=6
num_cat=0
split_feature=8 8 8 9 6
split_gain=0.179051 0.448539 0.88937 0.265641 0.779486
threshold=2.6500000000000017 1.0500000000000003 0.55000000000000016 96.500000000000014 0.55000000000000004
decision_type=2 2 2 2 2
left_child=1 2 3 -1 -5
right_child=-2 -3 -4 4 -6
leaf_value=-0.021825916875002366 0.020872852428586185 -0.033183444592226115 0.052649568397597317 -0.027081743453246446 0.046005789605720382
leaf_weight=6.426007412374025 3.5215121358633033 4.0616303011775008 3.0369569584727278 3.0729421749711037 2.7787384912371635
leaf_count=35 21 23 18 22 22
internal_value=0 -0.00363953 0.00419588 -0.00778942 0.00762472
internal_weight=0 19.3763 15.3146 12.2777 5.85168
internal_count=141 120 97 79 44
is_linear=0
shrinkage=0.1


Tree=65
num_leaves=5
num_cat=0
split_feature=7 9 13 7
split_gain=0.193788 0.570547 0.768506 0.315909
threshold=379.83333333333582 36.500000000000007 1.0000000180025095e-35 268.83333333332854
decision_type=2 2 2 2
left_child=3 -2 -3 -1
right_child=1 2 -4 -5
leaf_value=-0.0089726822918663844 -0.034483581731609564 -0.015331504794413099 0.044802520408959823 0.02885136527091486
leaf_weight=4.0490942597389239 4.9518599957227698 5.5257371291518194 3.4534530304372311 4.8567036874592304
leaf_count=26 26 39 20 30
internal_value=0 -0.00723221 0.00779642 0.0116544
internal_weight=0 13.9311 8.97919 8.9058
internal_count=141 85 59 56
is_linear=0
shrinkage=0.1


Tree=66
num_leaves=5
num_cat=0
split_feature=9 12 7 9
split_gain=0.192906 0.193555 0.798476 0.401604
threshold=30.500000000000004 1.0000000180025095e-35 519.00000000000011 72.500000000000014
decision_type=2 2 2 2
left_child=-1 -2 3 -3
right_child=1 2 -4 -5
leaf_value=0.016424672235832938 0.013214676946972115 -0.051892083239628087 0.031534075955762346 -0.0098537248731417268
leaf_weight=5.5110852569341686 4.3447682932019278 3.6298483274877018 3.2741908207535753 6.0772745311260223
leaf_count=30 29 22 22 38
internal_value=0 -0.00505486 -0.0111696 -0.0255734
internal_weight=0 17.3261 12.9813 9.70712
internal_count=141 111 82 60
is_linear=0
shrinkage=0.1


Tree=67
num_leaves=5
num_cat=0
split_feature=7 6 15 7
split_gain=0.189039 0.434265 0.715164 0.849874
threshold=348.50000000000489 2.4000000000000008 771.16666666667118 446.00000000000006
decision_type=2 2 2 2
left_child=-1 2 3 -2
right_child=1 -3 -4 -5
leaf_value=0.016774397730278705 -0.041379363327961785 -0.032204935426291818 0.036868765025189564 0.021111827173581319
leaf_weight=5.2473444566130665 4.6928869411349314 4.3633947744965544 4.4416088238358489 4.0582930445671082
leaf_count=35 24 24 28 30
internal_value=0 -0.00485737 0.00418759 -0.0123995
internal_weight=0 17.5562 13.1928 8.75118
internal_count=141 106 82 54
is_linear=0
shrinkage=0.1


Tree=68
num_leaves=5
num_cat=0
split_feature=7 9 8 7
split_gain=0.197872 0.433997 0.696744 0.317594
threshold=379.83333333333582 36.500000000000007 0.15000000000000005 268.83333333332854
decision_type=2 2 2 2
left_child=3 -2 -3 -1
right_child=1 2 -4 -5
leaf_value=-0.0089266526264094835 -0.031082585805594129 -0.03211060835495589 0.026471741032242341 0.029064607461576714
leaf_weight=4.0377374142408389 4.9511839076876631 3.1329499259591085 5.7678985707461834 4.835672952234745
leaf_count=26 26 20 39 30
internal_value=0 -0.00734984 0.00585173 0.0117771
internal_weight=0 13.852 8.90085 8.87341
internal_count=141 85 59 56
is_linear=0
shrinkage=0.1


Tree=69
num_leaves=6
num_cat=0
split_feature=9 7 12 9 7
split_gain=0.234627 0.286316 0.958766 0.637981 0.699615
threshold=30.500000000000004 600.83333333333951 1.0000000180025095e-35 72.500000000000014 350.33333333333036
decision_type=2 2 2 2 2
left_child=-1 2 -2 -4 -5
right_child=1 -3 3 4 -6
leaf_value=0.018074781422843668 0.048760266543431435 -0.03100948545046598 -0.047706017023143088 -0.028636735607599412 0.035370811218355384
leaf_weight=5.5086107775568989 3.2063504904508635 3.5341755002737036 3.617907721549269 3.326207660138607 3.5092633180320263
leaf_count=30 21 25 22 20 23
internal_value=0 -0.00563994 0.000923905 -0.0137489 0.00422411
internal_weight=0 17.1939 13.6597 10.4534 6.83547
internal_count=141 111 86 65 43
is_linear=0
shrinkage=0.1


Tree=70
num_leaves=5
num_cat=0
split_feature=9 7 9 8
split_gain=0.190782 0.230664 0.852728 0.557211
threshold=30.500000000000004 600.83333333333951 57.500000000000007 0.15000000000000005
decision_type=2 2 2 2
left_child=-1 2 -2 -4
right_child=1 -3 3 -5
leaf_value=0.016369749336734848 -0.041366308855952022 -0.0277623032062769 -0.00074004769831300093 0.049326868926461577
leaf_weight=5.4759365767240551 3.5415361784398582 3.5518065690994254 6.7825955525040609 3.3065671660006046
leaf_count=30 21 25 40 25
internal_value=0 -0.00506465 0.000849764 0.0156686
internal_weight=0 17.1825 13.6307 10.0892
internal_count=141 111 86 65
is_linear=0
shrinkage=0.1


Tree=71
num_leaves=5
num_cat=0
split_feature=7 12 15 8
split_gain=0.186383 0.450531 0.736179 0.4571
threshold=348.50000000000489 1.0000000180025095e-35 771.16666666667118 0.55000000000000016
decision_type=2 2 2 2
left_child=-1 -2 3 -3
right_child=1 2 -4 -5
leaf_value=0.016688444323556668 -0.03410018561058422 -0.032836040273716331 0.039193288677217136 0.011761469020544486
leaf_weight=5.2170024700462845 4.0441500544548079 4.8471250310540146 4.1115910485386857 4.3703774362802505
leaf_count=35 25 31 27 23
internal_value=0 -0.00486483 0.00400541 -0.0116906
internal_weight=0 17.3732 13.3291 9.2175
internal_count=141 106 81 54
is_linear=0
shrinkage=0.1


Tree=72
num_leaves=5
num_cat=0
split_feature=7 6 9 6
split_gain=0.151743 0.423191 0.684628 0.413049
threshold=348.50000000000489 2.4000000000000008 51.500000000000007 0.55000000000000004
decision_type=2 2 2 2
left_child=-1 2 -2 -4
right_child=1 -3 3 -5
leaf_value=0.015132483835822427 0.035733162357889613 -0.031421270636153319 0.015475424006102063 -0.029897419168691569
leaf_weight=5.1801189705729511 4.5876835510134724 4.338263150304555 3.2824637517333013 5.1608910299837589
leaf_count=35 26 24 23 33
internal_value=0 -0.00436869 0.00463759 -0.0122581
internal_weight=0 17.3693 13.031 8.44335
internal_count=141 106 82 56
is_linear=0
shrinkage=0.1


Tree=73
num_leaves=5
num_cat=0
split_feature=6 14 14 9
split_gain=0.165854 0.644775 0.415756 0.28989
threshold=1.0500000000000003 279.75243147657073 781.33333333333405 105.50000000000001
decision_type=2 2 2 2
left_child=2 -2 3 -1
right_child=1 -3 -4 -5
leaf_value=0.018240864537589552 -0.010567865139720314 0.045153037894647419 -0.038107589361047405 -0.015081185813038451
leaf_weight=5.6701953113079089 5.4033938124775869 3.3730599209666252 3.2333383634686461 4.8387175053358078
leaf_count=32 33 24 16 36
internal_value=0 0.0108474 -0.00674992 0.00289808
internal_weight=0 8.77645 13.7423 10.5089
internal_count=141 57 84 68
is_linear=0
shrinkage=0.1


Tree=74
num_leaves=6
num_cat=0
split_feature=8 8 15 7 9
split_gain=0.165049 0.409126 0.58668 0.3921 0.528571
threshold=2.6500000000000017 1.0500000000000003 771.16666666667118 446.00000000000006 96.500000000000014
decision_type=2 2 2 2 2
left_child=1 2 3 4 -1
right_child=-2 -3 -4 -5 -6
leaf_value=-0.042394424397576458 0.020213615265114351 -0.032018416744370198 0.039505213314849581 0.019160062853643037 0.010901008383278395
leaf_weight=4.4419562891125732 3.4548572972416869 3.9881447888910762 3.5549810342490664 3.8222096189856529 3.2025825493037701
leaf_count=23 21 23 23 29 22
internal_value=0 -0.00354673 0.00401227 -0.00699143 -0.020067
internal_weight=0 19.0099 15.0217 11.4667 7.64454
internal_count=141 120 97 74 45
is_linear=0
shrinkage=0.1


Tree=75
num_leaves=5
num_cat=0
split_feature=7 14 9 7
split_gain=0.178928 0.503751 1.25019 0.295053
threshold=379.83333333333582 150.81410825199643 36.500000000000007 268.83333333332854
decision_type=2 2 2 2
left_child=3 -2 -3 -1
right_child=1 2 -4 -5
leaf_value=-0.0087355952995252437 0.015025963821340175 -0.060871247162586711 0.019530288416914662 0.028099537240467161
leaf_weight=4.0054162368178385 5.8879605457186681 4.187895841896534 3.593384463340044 4.7574466876685619
leaf_count=26 39 22 24 30
internal_value=0 -0.00704284 -0.0237419 0.0112626
internal_weight=0 13.6692 7.78128 8.76286
internal_count=141 85 46 56
is_linear=0
shrinkage=0.1


Tree=76
num_leaves=5
num_cat=0
split_feature=9 6 13 6
split_gain=0.201083 0.221514 0.647898 0.382978
threshold=30.500000000000004 1.5000000000000002 1.0000000180025095e-35 1.0000000180025095e-35
decision_type=2 2 2 2
left_child=-1 2 3 -2
right_child=1 -3 -4 -5
leaf_value=0.016876289097796576 -0.017100536933428424 0.016581472321563654 -0.046826927302695359 0.022756308477708837
leaf_weight=5.4205147176980999 4.9223361164331454 3.6511343140155068 3.6944328546524039 4.7250426933169365
leaf_count=30 32 28 19 32
internal_value=0 -0.00524381 -0.0112165 0.00242034
internal_weight=0 16.9929 13.3418 9.64738
internal_count=141 111 83 64
is_linear=0
shrinkage=0.1


Tree=77
num_leaves=6
num_cat=0
split_feature=9 7 12 9 7
split_gain=0.16362 0.201061 0.86605 0.505069 0.589509
threshold=30.500000000000004 600.83333333333951 1.0000000180025095e-35 72.500000000000014 350.33333333333036
decision_type=2 2 2 2 2
left_child=-1 2 -2 -4 -5
right_child=1 -3 3 4 -6
leaf_value=0.015275604167394064 0.046897528467097861 -0.025966601094768546 -0.043732959828630263 -0.027114925544527765 0.031965895303464428
leaf_weight=5.3912752494215992 3.132763441652064 3.5285134315490714 3.5421628877520526 3.3258923664689064 3.4312539175152779
leaf_count=30 21 25 22 20 23
internal_value=0 -0.00472343 0.000857007 -0.0131472 0.0028861
internal_weight=0 16.9606 13.4321 10.2993 6.75715
internal_count=141 111 86 65 43
is_linear=0
shrinkage=0.1


Tree=78
num_leaves=5
num_cat=0
split_feature=7 12 8 14
split_gain=0.177382 0.385923 0.676132 1.26481
threshold=348.50000000000489 1.0000000180025095e-35 0.25000000000000006 157.42200328407236
decision_type=2 2 2 2
left_child=-1 -2 -3 -4
right_child=1 2 3 -5
leaf_value=0.01635343434587128 -0.031952283260192803 -0.032856387754379733 0.067633728074970104 -0.0091029947739602653
leaf_weight=5.1616565436124828 4.008480124175553 3.6830037236213657 3.2973822616040689 6.1615904346108437
leaf_count=35 25 23 21 37
internal_value=0 -0.00479083 0.00349378 0.0176473
internal_weight=0 17.1505 13.142 9.45897
internal_count=141 106 81 58
is_linear=0
shrinkage=0.1


Tree=79
num_leaves=6
num_cat=0
split_feature=14 8 6 9 7
split_gain=0.16309 0.918841 0.32743 0.588138 0.134608
threshold=279.75243147657073 0.65000000000000002 0.75000000000000011 105.50000000000001 379.83333333333582
decision_type=2 2 2 2 2
left_child=2 -2 3 -1 -4
right_child=1 -3 4 -5 -6
leaf_value=0.036317259079275556 -0.021762250471325805 0.052213009048481321 -0.0072607205584119539 -0.016068450446439352 -0.035347177905698031
leaf_weight=3.8780660256743449 3.563415002077817 3.1752054616808891 3.2737849466502658 4.7906239405274391 3.5640511400997639
leaf_count=23 22 19 21 36 20
internal_value=0 0.0130945 -0.00553872 0.00736707 -0.0219001
internal_weight=0 6.73862 15.5065 8.66869 6.83784
internal_count=141 41 100 59 41
is_linear=0
shrinkage=0.1


Tree=80
num_leaves=5
num_cat=0
split_feature=9 7 9 14
split_gain=0.143515 0.556405 0.767346 0.420472
threshold=51.500000000000007 399.00000000000369 84.500000000000014 157.42200328407236
decision_type=2 2 2 2
left_child=3 2 -2 -1
right_child=1 -3 -4 -5
leaf_value=0.036457079232163313 0.048512865447343678 -0.03065140590198483 -0.015931127164492482 -0.0076144910770160812
leaf_weight=3.5779259502887744 3.1754771731793863 5.5447840467095375 4.4187867399305105 5.4811789989471436
leaf_count=20 23 39 28 31
internal_value=0 -0.00656822 0.0110156 0.00979173
internal_weight=0 13.139 7.59426 9.0591
internal_count=141 90 51 51
is_linear=0
shrinkage=0.1


Tree=81
num_leaves=5
num_cat=0
split_feature=7 13 6 8
split_gain=0.16397 0.458238 0.440537 0.729752
threshold=446.00000000000006 1.0000000180025095e-35 0.55000000000000004 1.6500000000000006
decision_type=2 2 2 2
left_child=2 -2 -1 -4
right_child=1 -3 3 -5
leaf_value=-0.027707841307372923 0.033148914735014821 -0.01872898507833904 0.034049410666693813 -0.021897952069720145
leaf_weight=5.703674383461478 4.3013727515935889 2.818217433989048 4.9230848215520364 4.4286430850625038
leaf_count=32 33 17 32 27
internal_value=0 0.0126136 -0.00580433 0.00755475
internal_weight=0 7.11959 15.0554 9.35173
internal_count=141 50 91 59
is_linear=0
shrinkage=0.1


Tree=82
num_leaves=6
num_cat=0
split_feature=15 13 8 7 9
split_gain=0.162546 0.259316 0.348395 0.153766 0.340619
threshold=832.3333333333386 1.5000000000000002 0.65000000000000002 446.00000000000006 93.500000000000014
decision_type=2 2 2 2 2
left_child=1 2 3 4 -1
right_child=-2 -3 -4 -5 -6
leaf_value=-0.033807826602609552 0.020852322424343289 -0.029955796250274676 0.025831422436560222 0.010113021377424652 0.0076248661376982817
leaf_weight=4.3767874985933357 3.2273498624563208 3.0844986699521533 4.3527036756277075 3.4958888664841643 3.6296848766505718
leaf_count=23 22 18 27 27 24
internal_value=0 -0.00342679 0.00173425 -0.00738455 -0.0150246
internal_weight=0 18.9396 15.8551 11.5024 8.00647
internal_count=141 119 101 74 47
is_linear=0
shrinkage=0.1


Tree=83
num_leaves=5
num_cat=0
split_feature=7 6 9 7
split_gain=0.176768 0.358 0.71521 0.584552
threshold=348.50000000000489 2.4000000000000008 51.500000000000007 399.00000000000369
decision_type=2 2 2 2
left_child=-1 2 -2 -4
right_child=1 -3 3 -5
leaf_value=0.016338946014313249 0.03608308119478891 -0.02975349999828706 0.023055028885309241 -0.032912300276144633
leaf_weight=5.1479540970176485 4.425419449806216 4.2995677217841139 2.8405263349413854 5.4405106008052826
leaf_count=35 26 24 18 38
internal_value=0 -0.00481098 0.00362898 -0.0137146
internal_weight=0 17.006 12.7065 8.28104
internal_count=141 106 82 56
is_linear=0
shrinkage=0.1


Tree=84
num_leaves=6
num_cat=0
split_feature=8 8 15 7 9
split_gain=0.160537 0.491468 0.531215 0.331152 0.356499
threshold=2.6500000000000017 1.0500000000000003 771.16666666667118 446.00000000000006 93.500000000000014
decision_type=2 2 2 2 2
left_child=1 2 3 4 -1
right_child=-2 -3 -4 -5 -6
leaf_value=-0.038302725356068414 0.020176877873604501 -0.034922688603638084 0.038999527586770312 0.018687996279281107 0.0051122162342327202
leaf_weight=3.9807042926549965 3.3755739703774443 3.9356161989271632 3.4811563268303862 3.7392445355653763 3.603582164272666
leaf_count=21 21 23 23 29 24
internal_value=0 -0.00351378 0.00483583 -0.00566701 -0.0176746
internal_weight=0 18.7403 14.8047 11.3235 7.58429
internal_count=141 120 97 74 45
is_linear=0
shrinkage=0.1


Tree=85
num_leaves=5
num_cat=0
split_feature=7 12 15 9
split_gain=0.163191 0.339306 0.511019 0.401187
threshold=348.50000000000489 1.0000000180025095e-35 771.16666666667118 51.500000000000007
decision_type=2 2 2 2
left_child=-1 -2 3 -3
right_child=1 2 -4 -5
leaf_value=0.015736817342471652 -0.030173747731043001 0.015989125424697336 0.033374630683150282 -0.026985600330691646
leaf_weight=5.1261148862540749 3.9785016179084822 3.6137254685163445 3.9194282814860353 5.446095135062933
leaf_count=35 25 18 27 36
internal_value=0 -0.00462459 0.00320694 -0.00984411
internal_weight=0 16.9578 12.9792 9.05982
internal_count=141 106 81 54
is_linear=0
shrinkage=0.1


Tree=86
num_leaves=4
num_cat=0
split_feature=9 14 7
split_gain=0.150659 0.458079 0.384771
threshold=36.500000000000007 135.79242636746184 446.00000000000006
decision_type=2 2 2
left_child=-1 2 -2
right_child=1 -3 -4
leaf_value=-0.012618084230958854 -0.021346454895669366 0.029543541519403728 0.018990620540892036
leaf_weight=6.5484588705003288 6.5617339313030225 5.2350985687226048 3.6972548365592957
leaf_count=36 40 37 28
internal_value=0 0.00547349 -0.00680931
internal_weight=0 15.4941 10.259
internal_count=141 105 68
is_linear=0
shrinkage=0.1


Tree=87
num_leaves=5
num_cat=0
split_feature=7 12 8 14
split_gain=0.160655 0.296068 0.423643 1.14419
threshold=348.50000000000489 1.0000000180025095e-35 0.25000000000000006 157.42200328407236
decision_type=2 2 2 2
left_child=-1 -2 -3 -4
right_child=1 2 3 -5
leaf_value=0.015610036605299336 -0.028435420241379267 -0.025948067848992135 0.06278276019190944 -0.011286637369891897
leaf_weight=5.1223798375576761 3.9849133938550994 3.6814633160829517 3.1772096157073957 6.0699144974350929
leaf_count=35 25 23 21 37
internal_value=0 -0.00460428 0.00274107 0.0141628
internal_weight=0 16.9135 12.9286 9.24712
internal_count=141 106 81 58
is_linear=0
shrinkage=0.1


Tree=88
num_leaves=6
num_cat=0
split_feature=7 9 6 9 8
split_gain=0.137878 0.3463 0.995573 0.80834 0.653832
threshold=219.33333333333943 105.50000000000001 0.40000000000000013 60.500000000000007 1.2500000000000002
decision_type=2 2 2 2 2
left_child=-1 2 -2 4 -4
right_child=1 -3 3 -5 -6
leaf_value=0.020142185763355858 0.051550797752391811 -0.031819231208184362 0.042825308851873807 -0.047332783303573212 -0.014720059317693757
leaf_weight=2.9682270437479046 3.3549754098057774 3.425644800066947 3.2386589013040048 3.9258078057318917 5.0581411011517048
leaf_count=20 20 27 18 25 31
internal_value=0 -0.00303257 0.00329786 -0.00994706 0.0077428
internal_weight=0 19.0032 15.5776 12.2226 8.2968
internal_count=141 121 94 74 49
is_linear=0
shrinkage=0.1


Tree=89
num_leaves=4
num_cat=0
split_feature=9 14 7
split_gain=0.177643 0.476513 0.434364
threshold=36.500000000000007 135.79242636746184 446.00000000000006
decision_type=2 2 2
left_child=-1 2 -2
right_child=1 -3 -4
leaf_value=-0.013738728224312054 -0.022188300246392595 0.030456655266489496 0.020851750782093
leaf_weight=6.5149413309991386 6.5013547874987108 5.2396319620311251 3.6675813421607018
leaf_count=36 40 37 28
internal_value=0 0.00595793 -0.00666525
internal_weight=0 15.4086 10.1689
internal_count=141 105 68
is_linear=0
shrinkage=0.1


Tree=90
num_leaves=5
num_cat=0
split_feature=7 8 8 14
split_gain=0.143864 0.27745 0.405433 0.558561
threshold=348.50000000000489 1.0500000000000003 0.15000000000000005 781.33333333333405
decision_type=2 2 2 2
left_child=-1 2 -2 -4
right_child=1 -3 3 -5
leaf_value=0.014820237752541741 -0.021294413134551576 -0.020545392556737808 0.05440235885220495 -0.0040334028555145838
leaf_weight=5.0959483534097698 3.5924961715936679 6.498471286147832 2.8037542849779129 3.9264821037650108
leaf_count=35 23 37 22 24
internal_value=0 -0.00435878 0.00583118 0.0203104
internal_weight=0 16.8212 10.3227 6.73024
internal_count=141 106 69 46
is_linear=0
shrinkage=0.1


Tree=91
num_leaves=6
num_cat=0
split_feature=8 8 15 7 9
split_gain=0.157049 0.360824 0.340099 0.329622 0.362667
threshold=2.6500000000000017 1.0500000000000003 771.16666666667118 446.00000000000006 93.500000000000014
decision_type=2 2 2 2 2
left_child=1 2 3 4 -1
right_child=-2 -3 -4 -5 -6
leaf_value=-0.037573945473565955 0.020027453843193595 -0.030530219991079657 0.031357433677851682 0.019759693867497007 0.0064590448070543276
leaf_weight=3.9545256197452598 3.3488833196461192 3.8995351232588282 3.4102680981159201 3.6893986314535141 3.5492527466267347
leaf_count=21 21 23 23 29 24
internal_value=0 -0.00350632 0.00370983 -0.00471367 -0.0167465
internal_weight=0 18.503 14.6034 11.1932 7.50378
internal_count=141 120 97 74 45
is_linear=0
shrinkage=0.1


Tree=92
num_leaves=5
num_cat=0
split_feature=7 14 9 13
split_gain=0.166451 0.465253 0.439456 0.432015
threshold=379.83333333333582 102.95752895752945 36.500000000000007 1.0000000180025095e-35
decision_type=2 2 2 2
left_child=1 -1 -2 -4
right_child=2 -3 3 -5
leaf_value=-0.0064139496038597274 -0.031247984213198285 0.042261629079439048 -0.010942817189747055 0.035473304086628785
leaf_weight=5.4956641457974928 4.7592567652463904 3.0553922597318888 5.2768435627222043 3.2342373132705688
leaf_count=36 26 20 39 20
internal_value=0 0.0109784 -0.00691253 0.00669545
internal_weight=0 8.55106 13.2703 8.51108
internal_count=141 56 85 59
is_linear=0
shrinkage=0.1


Tree=93
num_leaves=5
num_cat=0
split_feature=9 9 6 9
split_gain=0.161501 0.217174 0.432049 1.02798
threshold=30.500000000000004 57.500000000000007 0.75000000000000011 105.50000000000001
decision_type=2 2 2 2
left_child=-1 -2 3 -3
right_child=1 2 -4 -5
leaf_value=0.015362470994409908 -0.023504660296759846 0.0625910409675422 -0.023047767419473911 -0.012420305275596967
leaf_weight=5.2584764584898975 4.4983353279531029 2.9684517458081228 4.3275438901036978 4.7510698176920414
leaf_count=30 27 19 29 36
internal_value=0 -0.0047556 0.00224524 0.0164244
internal_weight=0 16.5454 12.0471 7.71952
internal_count=141 111 84 55
is_linear=0
shrinkage=0.1


Tree=94
num_leaves=6
num_cat=0
split_feature=7 9 6 9 6
split_gain=0.13138 0.284177 0.453189 1.11485 0.847155
threshold=219.33333333333943 105.50000000000001 0.55000000000000004 60.500000000000007 2.4000000000000008
decision_type=2 2 2 2 2
left_child=-1 2 -2 4 -4
right_child=1 -3 3 -5 -6
leaf_value=0.019708138899215327 0.033590693242961323 -0.029057095687179513 0.051668314434339661 -0.051759042256689661 -0.014110163024842621
leaf_weight=2.9532753527164486 3.6496895328164127 3.4187899827957144 3.4535197727382165 3.7463123612105846 4.5210854522883892
leaf_count=20 22 27 23 24 25
internal_value=0 -0.00298071 0.0028193 -0.00676238 0.0143762
internal_weight=0 18.7894 15.3706 11.7209 7.97461
internal_count=141 121 94 72 48
is_linear=0
shrinkage=0.1


Tree=95
num_leaves=6
num_cat=0
split_feature=6 7 8 7 9
split_gain=0.154354 0.50422 0.850375 0.296985 0.0279171
threshold=0.55000000000000004 600.83333333333951 1.6500000000000006 382.33333333333036 75.500000000000014
decision_type=2 2 2 2 2
left_child=3 2 4 -1 -2
right_child=1 -3 -4 -5 -6
leaf_value=0.0067196436308381751 0.032431520824776981 -0.026857109614786042 -0.016572275216002134 -0.034908063742897281 0.045488334556805281
leaf_weight=3.765173569321635 3.0691207498311979 3.568391937762498 4.6208617128431797 3.1456936597824097 3.510746655985713
leaf_count=23 18 24 29 22 25
internal_value=0 0.00587844 0.0163075 -0.0122285 0.0393981
internal_weight=0 14.7691 11.2007 6.91087 6.57987
internal_count=141 96 72 45 43
is_linear=0
shrinkage=0.1


Tree=96
num_leaves=5
num_cat=0
split_feature=7 13 6 8
split_gain=0.155977 0.531163 0.433187 0.385004
threshold=446.00000000000006 1.0000000180025095e-35 0.55000000000000004 1.6500000000000006
decision_type=2 2 2 2
left_child=2 -2 -1 -4
right_child=1 -3 3 -5
leaf_value=-0.027676622220575278 0.034863771342360551 -0.021722643387289672 0.027437340289886286 -0.01368525682357984
leaf_weight=5.5782951861619976 4.1911869011819354 2.7454707510769367 4.7433513384312374 4.378043171018362
leaf_count=32 33 17 32 27
internal_value=0 0.0124673 -0.00572516 0.00769951
internal_weight=0 6.93666 14.6997 9.12139
internal_count=141 50 91 59
is_linear=0
shrinkage=0.1


Tree=97
num_leaves=6
num_cat=0
split_feature=8 8 7 7 8
split_gain=0.171989 0.233903 0.296502 0.403095 0.153479
threshold=2.6500000000000017 1.0500000000000003 446.00000000000006 379.83333333333582 0.15000000000000005
decision_type=2 2 2 2 2
left_child=1 2 3 -1 -4
right_child=-2 -3 4 -5 -6
leaf_value=0.0081521907024260671 0.02098014870764698 -0.025463704287191857 0.0033889079865236232 -0.034900574061867806 0.037516961361905576
leaf_weight=5.542148303240543 3.3376934751868239 3.8895804509520522 2.5478592962026587 3.5792099721729755 2.7292863205075264
leaf_count=37 21 23 18 20 22
internal_value=0 -0.0037046 0.00217336 -0.00874166 0.0210396
internal_weight=0 18.2881 14.3985 9.12136 5.27715
internal_count=141 120 97 57 40
is_linear=0
shrinkage=0.1


Tree=98
num_leaves=5
num_cat=0
split_feature=9 6 13 6
split_gain=0.154801 0.249971 0.779846 0.335353
threshold=30.500000000000004 1.5000000000000002 1.0000000180025095e-35 1.0000000180025095e-35
decision_type=2 2 2 2
left_child=-1 2 3 -2
right_child=1 -3 -4 -5
leaf_value=0.01507358052029603 -0.014537162692809184 0.019196747253072771 -0.050520622794795071 0.023504871212276041
leaf_weight=5.2307270132005241 4.6900919936597365 3.4539126195013514 3.6112002655863753 4.5802448093891144
leaf_count=30 32 28 19 32
internal_value=0 -0.00469279 -0.0110983 0.00425847
internal_weight=0 16.3354 12.8815 9.27034
internal_count=141 111 83 64
is_linear=0
shrinkage=0.1


Tree=99
num_leaves=5
num_cat=0
split_feature=8 14 6 9
split_gain=0.140916 0.605832 0.225082 0.262049
threshold=0.55000000000000016 279.75243147657073 0.75000000000000011 105.50000000000001
decision_type=2 2 2 2
left_child=2 -2 3 -1
right_child=1 -3 -4 -5
leaf_value=0.023268005140831733 -0.011534198510572559 0.03887910094742119 -0.028124130178413639 -0.013403772172868055
leaf_weight=3.3548217490315455 5.8913367539644224 4.0037658624351025 3.6053457744419566 4.648673702031374
leaf_count=21 37 25 22 36
internal_value=0 0.00886408 -0.00737774 0.00196792
internal_weight=0 9.8951 11.6088 8.0035
internal_count=141 62 79 57
is_linear=0
shrinkage=0.1


end of trees

feature_importances:
taskNum=111
s_view_position=99
response_time=73
scroll_time=68
s_scroll_speed=23
scroll_length=23
event_scroll=14
predicted_isAnswerCorrect=13
s_choice_left=9

parameters:
[boosting: gbdt]
[objective: binary]
[metric: binary_error]
[tree_learner: serial]
[device_type: cpu]
[data_sample_strategy: bagging]
[data: ]
[valid: ]
[num_iterations: 100]
[learning_rate: 0.1]
[num_leaves: 31]
[num_threads: 0]
[seed: 0]
[deterministic: 0]
[force_col_wise: 0]
[force_row_wise: 0]
[histogram_pool_size: -1]
[max_depth: -1]
[min_data_in_leaf: 20]
[min_sum_hessian_in_leaf: 0.001]
[bagging_fraction: 1]
[pos_bagging_fraction: 1]
[neg_bagging_fraction: 1]
[bagging_freq: 0]
[bagging_seed: 3]
[feature_fraction: 1]
[feature_fraction_bynode: 1]
[feature_fraction_seed: 2]
[extra_trees: 0]
[extra_seed: 6]
[early_stopping_round: 0]
[first_metric_only: 0]
[max_delta_step: 0]
[lambda_l1: 0]
[lambda_l2: 0]
[linear_lambda: 0]
[min_gain_to_split: 0]
[drop_rate: 0.1]
[max_drop: 50]
[skip_drop: 0.5]
[xgboost_dart_mode: 0]
[uniform_drop: 0]
[drop_seed: 4]
[top_rate: 0.2]
[other_rate: 0.1]
[min_data_per_group: 100]
[max_cat_threshold: 32]
[cat_l2: 10]
[cat_smooth: 10]
[max_cat_to_onehot: 4]
[top_k: 20]
[monotone_constraints: ]
[monotone_constraints_method: basic]
[monotone_penalty: 0]
[feature_contri: ]
[forcedsplits_filename: ]
[refit_decay_rate: 0.9]
[cegb_tradeoff: 1]
[cegb_penalty_split: 0]
[cegb_penalty_feature_lazy: ]
[cegb_penalty_feature_coupled: ]
[path_smooth: 0]
[interaction_constraints: ]
[verbosity: -1]
[saved_feature_importance_type: 0]
[use_quantized_grad: 0]
[num_grad_quant_bins: 4]
[quant_train_renew_leaf: 0]
[stochastic_rounding: 1]
[linear_tree: 0]
[max_bin: 255]
[max_bin_by_feature: ]
[min_data_in_bin: 3]
[bin_construct_sample_cnt: 200000]
[data_random_seed: 1]
[is_enable_sparse: 1]
[enable_bundle: 1]
[use_missing: 1]
[zero_as_missing: 0]
[feature_pre_filter: 0]
[pre_partition: 0]
[two_round: 0]
[header: 0]
[label_column: ]
[weight_column: ]
[group_column: ]
[ignore_column: ]
[categorical_feature: ]
[forcedbins_filename: ]
[precise_float_parser: 0]
[parser_config_file: ]
[objective_seed: 5]
[num_class: 1]
[is_unbalance: 0]
[scale_pos_weight: 1]
[sigmoid: 1]
[boost_from_average: 1]
[reg_sqrt: 0]
[alpha: 0.9]
[fair_c: 1]
[poisson_max_delta_step: 0.7]
[tweedie_variance_power: 1.5]
[lambdarank_truncation_level: 30]
[lambdarank_norm: 1]
[label_gain: ]
[lambdarank_position_bias_regularization: 0]
[eval_at: ]
[multi_error_top_k: 1]
[auc_mu_weights: ]
[num_machines: 1]
[local_listen_port: 12400]
[time_out: 120]
[machine_list_filename: ]
[machines: ]
[gpu_platform_id: -1]
[gpu_device_id: -1]
[gpu_use_dp: 0]
[num_gpu: 1]

end of parameters

pandas_categorical:[]
