tree
version=v4
num_class=1
num_tree_per_iteration=1
label_index=0
max_feature_idx=15
objective=binary sigmoid:1
feature_names=response_time s_tap_count ratio_tap_position_y scroll_length event_scroll s_scroll_speed tap_position_x taskNum tap_position_y screen_width s_view_position predicted_isAnswerCorrect scroll_time ratio_tap_position_x s_choice_left screen_height
feature_infos=[0.10000000000000001:7.6999999999999869] [1:1] none [0:1530] [0:6] [0:1911.6666666666704] none [1:35] none [390:390] [-343.99999999999989:756.66666666666788] [0:1] [0:10.999999999999993] none [0:1] [844:844]
tree_sizes=633 634 633 617 634 735 635 738 738 742 738 743 742 643 743 640 742 845 841 846 746 744 744 747 745 748 834 647 750 850 644 753 755 751 835 649 754 649 754 850 734 646 956 853 739 651 739 649 854 760 754 731 740 649 649 648 751 755 654 750 755 653 741 650 957 754 844 757 758 757 652 759 758 757 845 860 655 655 863 740 656 765 658 964 761 763 849 760 657 763 863 750 654 656 1071 659 659 868 874 745

Tree=0
num_leaves=5
num_cat=0
split_feature=7 5 3 12
split_gain=5.41063 2.9836 6.16445 0.517814
threshold=30.500000000000004 151.66129898013955 772.66666666666754 6.1000000000000014
decision_type=2 2 2 2
left_child=1 3 -3 -1
right_child=-2 2 -4 -5
leaf_value=0.80276148263527447 0.44768900993381733 0.50686775538406015 0.75344586142673886 0.71399336445991024
leaf_weight=1.5771428644657137 1.1265306174755094 2.0277551114559174 2.0277551114559174 1.1265306174755094
leaf_count=7 5 9 9 5
internal_value=0.650588 0.684404 0.630157 0.765775
internal_weight=0 6.75918 4.05551 2.70367
internal_count=35 30 18 12
is_linear=0
shrinkage=1


Tree=1
num_leaves=5
num_cat=0
split_feature=7 5 3 12
split_gain=4.17951 2.52556 4.91537 0.474838
threshold=30.500000000000004 151.66129898013955 772.66666666666754 6.1000000000000014
decision_type=2 2 2 2
left_child=1 3 -3 -1
right_child=-2 2 -4 -5
leaf_value=0.14480899409832193 -0.17239329924595365 -0.12392623047637637 0.096018060304248962 0.058332185560262907
leaf_weight=1.4957951456308367 1.1894013732671735 2.1114554554224014 1.9586297571659086 1.1033107340335844
leaf_count=7 5 9 9 5
internal_value=0 0.0310926 -0.0180834 0.1081
internal_weight=0 6.66919 4.07009 2.59911
internal_count=35 30 18 12
is_linear=0
shrinkage=0.1


Tree=2
num_leaves=5
num_cat=0
split_feature=3 7 5 0
split_gain=3.47258 4.47761 2.47539 1.19955
threshold=1234.3333333333323 6.5000000000000009 151.66129898013955 1.1000000000000003
decision_type=2 2 2 2
left_child=1 -1 -3 -4
right_child=-2 2 3 -5
leaf_value=0.14141541099479391 0.14959030121867128 0.02925390474107625 -0.07002559027880384 -0.18891864183817941
leaf_weight=1.239743188023567 1.3007293939590452 1.6990243792533872 2.1198199391365056 1.4150888025760648
leaf_count=6 6 8 9 6
internal_value=0 -0.0294665 -0.0699427 -0.117621
internal_weight=0 6.47368 5.23393 3.53491
internal_count=35 29 23 15
is_linear=0
shrinkage=0.1


Tree=3
num_leaves=5
num_cat=0
split_feature=7 0 7 5
split_gain=3.29297 1.80086 1.2622 0.909488
threshold=30.500000000000004 4.75 15.500000000000002 269.05128205128187
decision_type=2 2 2 2
left_child=1 2 -1 -4
right_child=-2 -3 3 -5
leaf_value=0.13585240117460837 -0.14962293986672709 -0.054938752596682183 -0.05114809949773598 0.063883112790937516
leaf_weight=1.5521859526634214 1.2254942059516905 1.8261034190654752 1.034501984715462 2.0481081455945969
leaf_count=8 5 8 5 9
internal_value=0 0.029171 0.0623102 0.0252795
internal_weight=0 6.4609 4.6348 3.08261
internal_count=35 30 22 14
is_linear=0
shrinkage=0.1


Tree=4
num_leaves=5
num_cat=0
split_feature=3 7 5 0
split_gain=2.91494 3.37338 2.02612 0.84516
threshold=1234.3333333333323 6.5000000000000009 151.66129898013955 1.1000000000000003
decision_type=2 2 2 2
left_child=1 -1 -3 -4
right_child=-2 2 3 -5
leaf_value=0.13284949214983771 0.14354246850768979 0.030845957708891238 -0.061461407342360552 -0.16000203128208892
leaf_weight=1.1052940487861631 1.2034833282232282 1.698636397719383 2.1354158073663716 1.4692221134901045
leaf_count=6 6 8 9 6
internal_value=0 -0.026073 -0.0591951 -0.101626
internal_weight=0 6.40857 5.30327 3.60464
internal_count=35 29 23 15
is_linear=0
shrinkage=0.1


Tree=5
num_leaves=6
num_cat=0
split_feature=7 5 0 5 0
split_gain=2.65462 1.62126 3.19272 0.474982 0.459829
threshold=30.500000000000004 151.66129898013955 3.8000000000000012 822.11111111111188 3.8000000000000012
decision_type=2 2 2 2 2
left_child=1 4 3 -3 -1
right_child=-2 2 -4 -5 -6
leaf_value=0.048665468460109752 -0.13297346423590514 0.086163576815928677 -0.14999350785905022 0.0030735939295032143 0.1378467062032272
leaf_weight=1.1424990147352221 1.2371993362903593 1.4593804329633719 1.1720752865076063 1.3015842884778974 1.1704874038696287
leaf_count=6 5 7 5 6 6
internal_value=0 0.0273599 -0.0117105 0.046993 0.0937957
internal_weight=0 6.24603 3.93304 2.76096 2.31299
internal_count=35 30 18 13 12
is_linear=0
shrinkage=0.1


Tree=6
num_leaves=5
num_cat=0
split_feature=3 7 5 0
split_gain=2.48002 2.71752 1.36104 0.611524
threshold=1234.3333333333323 6.5000000000000009 151.66129898013955 1.1000000000000003
decision_type=2 2 2 2
left_child=1 -1 -3 -4
right_child=-2 2 3 -5
leaf_value=0.12746117693872647 0.13892363163500862 0.02354653626486608 -0.052446051156833033 -0.13614773240935427
leaf_weight=1.0006816536188123 1.105899393558502 1.6281167864799497 2.1412709653377537 1.4735239893198011
leaf_count=6 6 8 9 6
internal_value=0 -0.0235495 -0.052372 -0.0865659
internal_weight=0 6.24359 5.24291 3.61479
internal_count=35 29 23 15
is_linear=0
shrinkage=0.1


Tree=7
num_leaves=6
num_cat=0
split_feature=7 5 0 12 5
split_gain=2.18196 1.17097 2.39534 0.505702 0.429601
threshold=30.500000000000004 151.66129898013955 3.8000000000000012 6.1000000000000014 822.11111111111188
decision_type=2 2 2 2 2
left_child=1 3 4 -1 -3
right_child=-2 2 -4 -5 -6
leaf_value=0.12914072023167975 -0.12019951627528258 0.083179247404830334 -0.12773239344256684 0.031263749508446979 0.0030061886607875227
leaf_weight=1.17932765185833 1.2318752259016035 1.3946317136287696 1.1511417329311369 0.95562531054019917 1.2834120839834211
leaf_count=7 5 7 5 5 6
internal_value=0 0.0259887 -0.00709694 0.0853301 0.0447575
internal_weight=0 5.96414 3.82919 2.13495 2.67804
internal_count=35 30 18 12 13
is_linear=0
shrinkage=0.1


Tree=8
num_leaves=6
num_cat=0
split_feature=3 7 5 10 7
split_gain=2.17316 2.22205 0.918484 0.604351 0.852971
threshold=1234.3333333333323 6.5000000000000009 151.66129898013955 392.83333333333309 24.500000000000004
decision_type=2 2 2 2 2
left_child=1 -1 -3 4 -4
right_child=-2 2 3 -5 -6
leaf_value=0.12363298047558623 0.1359944088707376 0.016864413426125831 -0.10565351104839188 -0.13418460468492141 0.013509214196892674
leaf_weight=0.89363478124141682 1.0194919705390928 1.5564577579498289 1.2101031839847571 1.1682159006595609 1.1927975863218305
leaf_count=6 6 8 5 5 5
internal_value=0 -0.0218831 -0.0472437 -0.075185 -0.0465013
internal_weight=0 6.02121 5.12757 3.57112 2.4029
internal_count=35 29 23 15 10
is_linear=0
shrinkage=0.1


Tree=9
num_leaves=6
num_cat=0
split_feature=3 7 5 10 7
split_gain=1.88755 1.90446 0.74781 0.486753 0.701662
threshold=1234.3333333333323 6.5000000000000009 151.66129898013955 392.83333333333309 24.500000000000004
decision_type=2 2 2 2 2
left_child=1 -1 -3 4 -4
right_child=-2 2 3 -5 -6
leaf_value=0.12093086828490836 0.13191584394027686 0.015290337343059669 -0.096259305280241736 -0.12098909678966877 0.012181480995057413
leaf_weight=0.82572694122791279 0.94951330125331868 1.5456172525882719 1.1960944384336478 1.1661016792058942 1.1906451880931852
leaf_count=6 6 8 5 5 5
internal_value=0 -0.0199569 -0.0427745 -0.0680348 -0.0421627
internal_weight=0 5.92419 5.09846 3.55284 2.38674
internal_count=35 29 23 15 10
is_linear=0
shrinkage=0.1


Tree=10
num_leaves=6
num_cat=0
split_feature=7 12 7 5 12
split_gain=1.7349 0.94813 1.74393 1.73584 0.864739
threshold=30.500000000000004 2.1000000000000005 12.500000000000002 928.86904761904782 4.8000000000000034
decision_type=2 2 2 2 2
left_child=1 3 4 -1 -3
right_child=-2 2 -4 -5 -6
leaf_value=0.1351648167295309 -0.10859201575032258 -0.013514157845953374 -0.10250838945953683 -0.03604911467684415 0.12802900915072948
leaf_weight=1.5557455047965052 1.1874667108058927 0.93527985364198707 1.2662651166319845 0.95603857934474934 0.80152410268783569
leaf_count=9 5 6 6 4 5
internal_value=0 0.0246595 -0.0132611 0.0699971 0.0518071
internal_weight=0 5.51485 3.00307 2.51178 1.7368
internal_count=35 30 17 13 11
is_linear=0
shrinkage=0.1


Tree=11
num_leaves=6
num_cat=0
split_feature=3 7 0 0 12
split_gain=1.61356 1.38841 1.13202 1.1719 0.104681
threshold=1234.3333333333323 9.5000000000000018 1.8000000000000005 0.65000000000000002 0.55000000000000004
decision_type=2 2 2 2 2
left_child=1 -1 3 4 -3
right_child=-2 2 -4 -5 -6
leaf_value=0.073038105440116782 0.12967921700273596 -0.077495787902637503 -0.13512540063575004 0.071470995547543145 -0.034764174285801308
leaf_weight=1.2923187315464018 0.84952292591333378 1.156644061207772 1.0558340102434156 1.0445304960012434 1.1366652846336363
leaf_count=9 6 5 5 5 5
internal_value=0 -0.0180757 -0.0448751 -0.0163269 -0.0563161
internal_weight=0 5.68599 4.39367 3.33784 2.29331
internal_count=35 29 20 15 10
is_linear=0
shrinkage=0.1


Tree=12
num_leaves=6
num_cat=0
split_feature=7 12 5 7 5
split_gain=1.4228 0.818724 1.38881 1.34861 0.855524
threshold=30.500000000000004 2.1000000000000005 928.86904761904782 12.500000000000002 130.65993788819875
decision_type=2 2 2 2 2
left_child=1 2 -1 4 -3
right_child=-2 3 -4 -5 -6
leaf_value=0.13047812059769845 -0.099213663194475665 0.12581069136660758 -0.025277647344540872 -0.090924501534800417 -0.019445712676594087
leaf_weight=1.400606267154217 1.1575517058372495 0.74946061521768592 0.96821442246437062 1.2457097023725507 0.88341953605413437
leaf_count=9 5 5 4 6 6
internal_value=0 0.0232725 0.0668156 -0.0125597 0.0472242
internal_weight=0 5.24741 2.36882 2.87859 1.63288
internal_count=35 30 13 17 11
is_linear=0
shrinkage=0.1


Tree=13
num_leaves=5
num_cat=0
split_feature=3 7 0 0
split_gain=1.42713 1.02454 0.910022 0.949839
threshold=1234.3333333333323 9.5000000000000018 1.8000000000000005 0.55000000000000016
decision_type=2 2 2 2
left_child=1 -1 3 -3
right_child=-2 2 -4 -5
leaf_value=0.065137567417575828 0.12852826484850269 -0.079759536244326024 -0.12190983177821405 0.030563927882299655
leaf_weight=1.1933403611183164 0.77134180068969715 1.3044279962778094 1.0231378376483915 1.9425650835037229
leaf_count=9 6 6 5 9
internal_value=0 -0.0167782 -0.0396706 -0.0137568
internal_weight=0 5.46347 4.27013 3.24699
internal_count=35 29 20 15
is_linear=0
shrinkage=0.1


Tree=14
num_leaves=6
num_cat=0
split_feature=7 12 12 7 10
split_gain=1.16608 0.673545 1.23243 1.03117 0.830852
threshold=30.500000000000004 2.1000000000000005 0.55000000000000004 12.500000000000002 382.33333333333036
decision_type=2 2 2 2 2
left_child=1 2 -1 4 -3
right_child=-2 3 -4 -5 -6
leaf_value=-0.015740090428377668 -0.091213615024288597 0.12034082028926885 0.13283202761940366 -0.080021755635328776 -0.026884019048747765
leaf_weight=1.0595322698354723 1.1166182458400724 0.7313245162367823 1.1802751347422598 1.2177841812372205 0.80554010719060898
leaf_count=5 5 6 8 6 5
internal_value=0 0.021825 0.0625506 -0.011289 0.0431736
internal_weight=0 4.99446 2.23981 2.75465 1.53686
internal_count=35 30 13 17 11
is_linear=0
shrinkage=0.1


Tree=15
num_leaves=5
num_cat=0
split_feature=3 7 0 0
split_gain=1.27316 0.753703 0.742179 0.745114
threshold=1234.3333333333323 9.5000000000000018 1.8000000000000005 0.55000000000000016
decision_type=2 2 2 2
left_child=1 -1 3 -3
right_child=-2 2 -4 -5
leaf_value=0.057980969398645693 0.12781872500620195 -0.07073962726421501 -0.11102470488624389 0.02818413193989416
leaf_weight=1.0983038097620008 0.7007780224084853 1.2736970931291582 0.98418566584587086 1.8931207507848737
leaf_count=9 6 6 5 9
internal_value=0 -0.0156846 -0.0351755 -0.0116031
internal_weight=0 5.24931 4.151 3.16682
internal_count=35 29 20 15
is_linear=0
shrinkage=0.1


Tree=16
num_leaves=6
num_cat=0
split_feature=5 5 5 7 0
split_gain=1.02698 0.847718 1.43524 1.19149 0.338404
threshold=1183.6507936507917 269.05128205128187 151.66129898013955 15.500000000000002 0.65000000000000002
decision_type=2 2 2 2 2
left_child=1 2 3 -1 -3
right_child=-2 4 -4 -5 -6
leaf_value=0.11933338394936444 -0.092267175208895102 0.028077843564533855 -0.10793062659499356 -0.041383890867855266 0.11115313109719692
leaf_weight=0.9189082980155947 0.97881804406642903 0.95483776926994313 1.0469333678483961 0.92624114453792572 1.0079327970743177
leaf_count=8 4 6 6 5 6
internal_value=0 0.0200157 -0.0144087 0.0386554 0.0707391
internal_weight=0 4.85485 2.89208 1.84515 1.96277
internal_count=35 31 19 13 12
is_linear=0
shrinkage=0.1


Tree=17
num_leaves=7
num_cat=0
split_feature=7 5 12 7 12 7
split_gain=0.992586 0.627574 1.73853 0.730271 0.755339 0.0126973
threshold=30.500000000000004 1183.6507936507917 2.1000000000000005 12.500000000000002 4.8000000000000034 24.500000000000004
decision_type=2 2 2 2 2 2
left_child=1 2 5 4 -4 -1
right_child=-2 -3 3 -5 -6 -7
leaf_value=0.11858215147999265 -0.086165170972462596 -0.062958912548473203 -0.029265638319544179 -0.068489490379149129 0.120372648131699 0.13788982468180183
leaf_weight=0.6792041175067427 1.0605565905570982 0.74772056937217701 0.74430567771196388 1.1984790489077566 0.61693675816059113 0.68322806805372238
leaf_count=6 5 3 6 6 5 4
internal_value=0 0.0210011 0.0370073 -0.0115651 0.0385528 0.128265
internal_weight=0 4.66987 3.92215 2.55972 1.36124 1.36243
internal_count=35 30 27 17 11 10
is_linear=0
shrinkage=0.1


Tree=18
num_leaves=7
num_cat=0
split_feature=7 5 12 7 12 7
split_gain=0.827803 0.523536 1.54259 0.626107 1.93202 0.0130945
threshold=30.500000000000004 1183.6507936507917 2.1000000000000005 15.500000000000002 3.9000000000000012 27.500000000000004
decision_type=2 2 2 2 2 2
left_child=1 2 5 4 -4 -1
right_child=-2 -3 3 -5 -6 -7
leaf_value=0.11572583873316562 -0.079258640604430747 -0.056794260648582021 -0.10995915499226737 -0.076128796133407117 0.11610566393202733 0.13617728601484655
leaf_weight=0.69063160568475745 1.0388370603322981 0.74607069790363301 0.62152368575334571 0.92042839527130116 0.96504513919353485 0.57266628742218018
leaf_count=7 5 3 4 4 9 3
internal_value=0 0.0197436 0.034889 -0.010517 0.0275469 0.124997
internal_weight=0 4.51637 3.7703 2.507 1.58657 1.2633
internal_count=35 30 27 17 13 10
is_linear=0
shrinkage=0.1


Tree=19
num_leaves=7
num_cat=0
split_feature=7 0 5 10 4 5
split_gain=0.693058 0.500805 1.07067 1.02272 0.944582 0.606926
threshold=30.500000000000004 1.8000000000000005 1183.6507936507917 609.00000000000011 1.5000000000000002 151.66129898013955
decision_type=2 2 2 2 2 2
left_child=1 2 3 -1 -3 -6
right_child=-2 4 -4 -5 5 -7
leaf_value=0.14871613045372342 -0.072939894230009461 -0.099256182268018883 -0.051312732742329663 -0.015145000017406257 0.11431166726536789 -0.039134656548898042
leaf_weight=1.1135266795754435 1.0171138793230055 0.83456533402204502 0.74333395063877095 0.57892378792166699 0.55975672602653481 0.4777778759598732
leaf_count=7 5 5 3 5 6 4
internal_value=0 0.0188358 0.0487273 0.0926654 -0.0200559 0.0436506
internal_weight=0 4.30788 2.43578 1.69245 1.8721 1.03753
internal_count=35 30 15 12 15 10
is_linear=0
shrinkage=0.1


Tree=20
num_leaves=6
num_cat=0
split_feature=0 3 12 7 5
split_gain=0.681423 0.795307 0.411985 2.08102 0.308767
threshold=0.55000000000000016 1234.3333333333323 2.7499999999999996 12.500000000000002 822.11111111111188
decision_type=2 2 2 2 2
left_child=-1 2 4 -4 -2
right_child=1 -3 3 -5 -6
leaf_value=-0.067328946507093243 0.068491275797109036 0.1293999668445539 0.057736041924043906 -0.17582632973492029 -0.013635454605494049
leaf_weight=1.129749998450279 1.0950382202863695 0.57536450028419484 0.96142031997442223 0.63241368532180786 0.78664699941873539
leaf_count=6 7 6 9 3 4
internal_value=0 0.0204992 0.00247097 -0.0349386 0.0341578
internal_weight=0 4.05088 3.47552 1.59383 1.88169
internal_count=35 29 23 12 11
is_linear=0
shrinkage=0.1


Tree=21
num_leaves=6
num_cat=0
split_feature=7 7 5 5 3
split_gain=0.57486 0.478742 0.497037 0.632562 0.518267
threshold=30.500000000000004 24.500000000000004 151.66129898013955 269.05128205128187 697.66666666666674
decision_type=2 2 2 2 2
left_child=1 2 4 -4 -1
right_child=-2 -3 3 -5 -6
leaf_value=0.11262866033289604 -0.06806178194870359 0.076312934450196379 -0.09221531055589996 0.023036835880848511 -0.021607410961884555
leaf_weight=0.61164339631795905 0.9674180895090102 1.0383513160049913 0.93703167885541894 0.9683515690267086 0.54291617497801781
leaf_count=7 5 6 6 7 4
internal_value=0 0.0176406 -0.00226911 -0.033642 0.0495059
internal_weight=0 4.09829 3.05994 1.90538 1.15456
internal_count=35 30 24 13 11
is_linear=0
shrinkage=0.1


Tree=22
num_leaves=6
num_cat=0
split_feature=0 3 3 7 7
split_gain=0.586358 0.746413 0.336452 1.16205 1.1349
threshold=0.55000000000000016 1234.3333333333323 765.00000000000193 18.500000000000004 12.500000000000002
decision_type=2 2 2 2 2
left_child=-1 2 3 4 -2
right_child=1 -3 -4 -5 -6
leaf_value=-0.063536601058853212 0.049823025967478729 0.12855944976075545 -0.039670041577128001 0.10800114489378609 -0.14986439858483341
leaf_weight=1.0906994491815565 0.62179166078567616 0.53978978097438801 1.2325147315859792 0.94936361163854588 0.52485935389995575
leaf_count=6 7 6 8 5 3
internal_value=0 0.0194801 0.00179066 0.0261707 -0.0415804
internal_weight=0 3.86832 3.32853 2.09601 1.14665
internal_count=35 29 23 15 10
is_linear=0
shrinkage=0.1


Tree=23
num_leaves=6
num_cat=0
split_feature=5 5 5 7 0
split_gain=0.593844 0.598503 0.731947 0.750379 0.282073
threshold=1183.6507936507917 269.05128205128187 151.66129898013955 15.500000000000002 0.65000000000000002
decision_type=2 2 2 2 2
left_child=1 2 3 -1 -3
right_child=-2 4 -4 -5 -6
leaf_value=0.11188286998971714 -0.070021389533950734 0.018756163305706994 -0.08455788498352694 -0.034573422861503597 0.10317825236836792
leaf_weight=0.63098518177867002 0.94479182362556446 0.71724374219775178 0.9023134484887122 0.78513897210359573 0.88303619995713234
leaf_count=8 4 6 6 5 6
internal_value=0 0.0183011 -0.0141674 0.0306834 0.0653404
internal_weight=0 3.91872 2.31844 1.41612 1.60028
internal_count=35 31 19 13 12
is_linear=0
shrinkage=0.1


Tree=24
num_leaves=6
num_cat=0
split_feature=7 7 5 7 0
split_gain=0.534889 0.420495 0.372221 0.552314 0.53693
threshold=30.500000000000004 24.500000000000004 151.66129898013955 15.500000000000002 3.8000000000000012
decision_type=2 2 2 2 2
left_child=1 2 3 -1 -4
right_child=-2 -3 4 -5 -6
leaf_value=0.11067323762866761 -0.06758467888487206 0.072966698767999424 0.013092915844001705 -0.037276139863031896 -0.09891263199227035
leaf_weight=0.57685961574316091 0.91555757820606221 1.0074538402259348 1.1283592730760572 0.44850564002990723 0.68954363465309132
leaf_count=8 5 6 8 3 5
internal_value=0 0.0174523 -0.00221812 0.0459586 -0.0293916
internal_weight=0 3.85072 2.84327 1.02537 1.8179
internal_count=35 30 24 11 13
is_linear=0
shrinkage=0.1


Tree=25
num_leaves=6
num_cat=0
split_feature=5 5 5 7 0
split_gain=0.535465 0.525535 0.544512 0.602988 0.258503
threshold=1183.6507936507917 269.05128205128187 151.66129898013955 15.500000000000002 0.65000000000000002
decision_type=2 2 2 2 2
left_child=1 2 3 -1 -3
right_child=-2 4 -4 -5 -6
leaf_value=0.10959413554900395 -0.06678619835525744 0.016713733271397507 -0.075463951719247024 -0.028880787475143083 0.098924124029347318
leaf_weight=0.52684055268764562 0.93034224212169636 0.68668508902192094 0.86151565611362446 0.78006739169359207 0.86339365690946579
leaf_count=8 4 6 6 5 6
internal_value=0 0.0180406 -0.0137444 0.0269412 0.0625049
internal_weight=0 3.7185 2.16842 1.30691 1.55008
internal_count=35 31 19 13 12
is_linear=0
shrinkage=0.1


Tree=26
num_leaves=7
num_cat=0
split_feature=7 0 12 5 12 7
split_gain=0.464045 0.411923 0.996973 1.34479 0.0196324 0.00412193
threshold=30.500000000000004 4.75 4.8000000000000034 1183.6507936507917 2.1000000000000005 27.500000000000004
decision_type=2 2 2 2 2 2
left_child=1 2 3 4 5 -1
right_child=-2 -3 -4 -5 -6 -7
leaf_value=0.11154068482708451 -0.064106507723698566 -0.044289569472906201 -0.069970767924197361 -0.041742458558854369 0.14316569939307947 0.12455695485614776
leaf_weight=0.51855872198939434 0.88200026750564564 0.85209134221076954 0.68509379029273976 0.72848357260227192 0.43607524409890175 0.45832377672195435
leaf_count=7 5 8 4 3 5 3
internal_value=0 0.016657 0.03503 0.0686221 0.125523 0.117648
internal_weight=0 3.67863 2.82654 2.14144 1.41296 0.976882
internal_count=35 30 22 18 15 10
is_linear=0
shrinkage=0.1


Tree=27
num_leaves=5
num_cat=0
split_feature=0 7 7 12
split_gain=0.471807 0.567346 0.328644 0.874874
threshold=0.55000000000000016 24.500000000000004 15.500000000000002 3.9000000000000012
decision_type=2 2 2 2
left_child=-1 2 3 -2
right_child=1 -3 -4 -5
leaf_value=-0.059077287540134651 -0.06034810334631048 0.092487361027515494 -0.036249377335023966 0.11150988000899612
leaf_weight=1.0065691322088239 0.53473893180489607 0.8005545139312743 1.4203131608664987 0.66407160460948944
leaf_count=6 6 5 9 9
internal_value=0 0.0188134 -0.00370559 0.0348513
internal_weight=0 3.41968 2.61912 1.19881
internal_count=35 29 24 15
is_linear=0
shrinkage=0.1


Tree=28
num_leaves=6
num_cat=0
split_feature=5 5 5 0 3
split_gain=0.412712 0.406017 0.386276 0.202638 0.135284
threshold=1183.6507936507917 269.05128205128187 151.66129898013955 0.65000000000000002 697.66666666666674
decision_type=2 2 2 2 2
left_child=1 2 4 -3 -1
right_child=-2 3 -4 -5 -6
leaf_value=0.052370327935724471 -0.058739303473654726 0.014656423723050047 -0.065610038091738362 0.090163273532089624 -0.016526674109276041
leaf_weight=0.6956976614892485 0.91130514442920674 0.62959801405668236 0.80838728696107853 0.81618187949061394 0.48277317360043526
leaf_count=9 4 6 6 6 4
internal_value=0 0.0169649 -0.0123728 0.0572821 0.0241459
internal_weight=0 3.43264 1.98686 1.44578 1.17847
internal_count=35 31 19 12 13
is_linear=0
shrinkage=0.1


Tree=29
num_leaves=7
num_cat=0
split_feature=7 0 7 5 12 10
split_gain=0.444286 0.385826 0.904961 0.632092 0.629937 0.540204
threshold=30.500000000000004 1.8000000000000005 12.500000000000002 1183.6507936507917 3.9000000000000012 609.00000000000011
decision_type=2 2 2 2 2 2
left_child=1 3 4 5 -3 -1
right_child=-2 2 -4 -5 -6 -7
leaf_value=0.12940353016767156 -0.064127935792213375 -0.059323725338514904 -0.13811428699119846 -0.032645024344231527 0.10965970734093822 -0.0018633898110577405
leaf_weight=0.89484630897641249 0.8416789025068282 0.39858508110046365 0.462786003947258 0.71174648404121388 0.49402706325054169 0.48257667198777199
leaf_count=7 5 4 3 3 8 5
internal_value=0 0.0169177 -0.0246334 0.0438749 0.0342022 0.0834145
internal_weight=0 3.44457 1.3554 2.08917 0.892612 1.37742
internal_count=35 30 15 15 12 12
is_linear=0
shrinkage=0.1


Tree=30
num_leaves=5
num_cat=0
split_feature=0 7 7 12
split_gain=0.423305 0.515776 0.300726 0.668789
threshold=0.55000000000000016 24.500000000000004 15.500000000000002 3.9000000000000012
decision_type=2 2 2 2
left_child=-1 2 3 -2
right_child=1 -3 -4 -5
leaf_value=-0.057447611117003396 -0.049579711917540209 0.090305985814529699 -0.035388295027726287 0.110004416378595
leaf_weight=0.9517821893095969 0.49046038463711805 0.76190783083438862 1.3492512740194795 0.5652786809951067
leaf_count=6 6 5 9 9
internal_value=0 0.018606 -0.00410872 0.0358671
internal_weight=0 3.1669 2.40499 1.05574
internal_count=35 29 24 15
is_linear=0
shrinkage=0.1


Tree=31
num_leaves=6
num_cat=0
split_feature=7 7 10 12 7
split_gain=0.394016 0.352415 0.300778 0.403083 0.140078
threshold=30.500000000000004 24.500000000000004 392.83333333333309 2.7499999999999996 15.500000000000002
decision_type=2 2 2 2 2
left_child=1 2 4 -4 -1
right_child=-2 -3 3 -5 -6
leaf_value=0.0040899247209225933 -0.06146427064890532 0.070285821732957124 0.11039716240274465 -0.020995114567403252 -0.059692555037439636
leaf_weight=0.59488834813237257 0.80788239836692799 0.88757448829710472 0.43711340427398671 0.50119361653923988 0.81748881936073303
leaf_count=9 5 6 6 5 4
internal_value=0 0.0165992 -0.0036719 0.0402144 -0.0328276
internal_weight=0 3.23826 2.35068 0.938307 1.41238
internal_count=35 30 24 11 13
is_linear=0
shrinkage=0.1


Tree=32
num_leaves=6
num_cat=0
split_feature=0 10 7 7 12
split_gain=0.372103 0.591694 0.270393 0.306656 0.257136
threshold=0.55000000000000016 624.16666666666617 24.500000000000004 9.5000000000000018 2.7499999999999996
decision_type=2 2 2 2 2
left_child=-1 2 3 -2 -5
right_child=1 -3 -4 4 -6
leaf_value=-0.054853473996083993 0.04521805213970697 0.12293329731071315 0.062068646585989012 -0.0073474967535078336 -0.092436153649089775
leaf_weight=0.91753735393285785 0.56731509976089123 0.45523418113589276 0.54290359653532494 0.8916850686073301 0.59025463834404945
leaf_count=6 9 5 4 6 5
internal_value=0 0.0177861 -0.000679876 -0.0173037 -0.0412382
internal_weight=0 3.04739 2.59216 2.04925 1.48194
internal_count=35 29 24 20 11
is_linear=0
shrinkage=0.1


Tree=33
num_leaves=6
num_cat=0
split_feature=5 10 5 5 3
split_gain=0.35874 0.519157 0.269747 0.434299 0.0649731
threshold=1183.6507936507917 624.16666666666617 269.05128205128187 151.66129898013955 697.66666666666674
decision_type=2 2 2 2 2
left_child=1 2 3 4 -1
right_child=-2 -3 -4 -5 -6
leaf_value=0.040960843182916942 -0.055068451837662374 0.12058291371728956 0.040313787052927486 -0.090541463388955731 -0.011913268198448276
leaf_weight=0.51900813356042019 0.88413323462009419 0.41952894628047932 1.032984299585223 0.61993269622325897 0.42086427286267281
leaf_count=8 4 5 9 5 4
internal_value=0 0.0173777 0.000678434 -0.0255702 0.0172844
internal_weight=0 3.01232 2.59279 1.55981 0.939872
internal_count=35 31 26 17 12
is_linear=0
shrinkage=0.1


Tree=34
num_leaves=7
num_cat=0
split_feature=7 0 12 5 12 7
split_gain=0.402542 0.310309 0.648017 0.947987 0.0137793 0.00210673
threshold=30.500000000000004 4.75 4.8000000000000034 1183.6507936507917 2.1000000000000005 27.500000000000004
decision_type=2 2 2 2 2 2
left_child=1 2 3 4 5 -1
right_child=-2 -3 -4 -5 -6 -7
leaf_value=0.10853180674704883 -0.06397289290058597 -0.042564254274192477 -0.057368357359535153 -0.028224683570783744 0.13764853240937702 0.11912545369260151
leaf_weight=0.38490977697074524 0.76508142054080952 0.67726729623973358 0.58340373635292042 0.68738916516304005 0.3531216885894537 0.36643840372562408
leaf_count=7 5 8 4 3 5 3
internal_value=0 0.0171452 0.0341703 0.063974 0.121356 0.113698
internal_weight=0 3.05253 2.37526 1.79186 1.10447 0.751348
internal_count=35 30 22 18 15 10
is_linear=0
shrinkage=0.1


Tree=35
num_leaves=5
num_cat=0
split_feature=0 7 7 12
split_gain=0.343945 0.384181 0.249146 0.601794
threshold=0.55000000000000016 24.500000000000004 15.500000000000002 3.9000000000000012
decision_type=2 2 2 2
left_child=-1 2 3 -2
right_child=1 -3 -4 -5
leaf_value=-0.054132273231113748 -0.053283433251090223 0.081817751448671913 -0.033237352441895629 0.10911964241290265
leaf_weight=0.86791550368070636 0.41595348343253213 0.70467932708561409 1.208032604306936 0.50541428662836552
leaf_count=6 6 5 9 9
internal_value=0 0.0178155 -0.00336461 0.0358024
internal_weight=0 2.83408 2.1294 0.921368
internal_count=35 29 24 15
is_linear=0
shrinkage=0.1


Tree=36
num_leaves=6
num_cat=0
split_feature=7 7 10 12 5
split_gain=0.357182 0.28438 0.239424 0.281401 0.100252
threshold=30.500000000000004 24.500000000000004 392.83333333333309 2.7499999999999996 151.66129898013955
decision_type=2 2 2 2 2
left_child=1 2 4 -4 -1
right_child=-2 -3 3 -5 -6
leaf_value=0.0068130943513017199 -0.061395542184278729 0.066492035662683288 0.10826797705441248 -0.012242812638352973 -0.050922243656546719
leaf_weight=0.47779967449605576 0.73370160162448872 0.82206854969263066 0.34432231076061715 0.44313433766365051 0.81165474653244019
leaf_count=8 5 6 6 5 5
internal_value=0 0.0167089 -0.00299585 0.0404516 -0.0295288
internal_weight=0 2.89898 2.07691 0.787457 1.28945
internal_count=35 30 24 11 13
is_linear=0
shrinkage=0.1


Tree=37
num_leaves=5
num_cat=0
split_feature=0 7 7 12
split_gain=0.303503 0.313665 0.215098 0.531495
threshold=0.55000000000000016 24.500000000000004 15.500000000000002 3.9000000000000012
decision_type=2 2 2 2
left_child=-1 2 3 -2
right_child=1 -3 -4 -5
leaf_value=-0.05178213164604531 -0.049999021792110201 0.075359587297649425 -0.030408651563882474 0.10824791149044109
leaf_weight=0.83660348504781756 0.39282416179776269 0.68964723125100125 1.1774143557995556 0.4616879541426897
leaf_count=6 6 5 9 9
internal_value=0 0.0170871 -0.00269087 0.0355009
internal_weight=0 2.72157 2.03193 0.854512
internal_count=35 29 24 15
is_linear=0
shrinkage=0.1


Tree=38
num_leaves=6
num_cat=0
split_feature=5 10 5 5 12
split_gain=0.321421 0.414643 0.234591 0.300347 0.0581536
threshold=1183.6507936507917 624.16666666666617 269.05128205128187 151.66129898013955 6.1000000000000014
decision_type=2 2 2 2 2
left_child=1 2 3 4 -1
right_child=-2 -3 -4 -5 -6
leaf_value=0.038870543935399411 -0.052539859026805261 0.11807709082948055 0.041253185886206162 -0.082419261329288895 -0.014357404631528153
leaf_weight=0.43633141554892174 0.85167767107486714 0.35856279917061318 0.92481756675988425 0.53453847393393517 0.38757961057126522
leaf_count=7 4 5 9 5 5
internal_value=0 0.0181046 0.00240498 -0.0240425 0.0138314
internal_weight=0 2.64183 2.28327 1.35845 0.823911
internal_count=35 31 26 17 12
is_linear=0
shrinkage=0.1


Tree=39
num_leaves=7
num_cat=0
split_feature=7 0 7 5 12 10
split_gain=0.356963 0.253626 0.609916 0.457108 0.385286 0.292706
threshold=30.500000000000004 1.8000000000000005 12.500000000000002 1183.6507936507917 3.9000000000000012 392.83333333333309
decision_type=2 2 2 2 2 2
left_child=1 3 4 5 -3 -1
right_child=-2 2 -4 -5 -6 -7
leaf_value=0.13090278952390583 -0.062938439428129989 -0.046614493206057241 -0.12579796355159334 -0.024698188059389541 0.10735535270733534 0.025128777297895623
leaf_weight=0.56145546399056978 0.6986742466688155 0.30453436076641061 0.36532294750213623 0.65726061165332783 0.34851425513625145 0.48990200832486153
leaf_count=5 5 4 3 3 8 7
internal_value=0 0.0171749 -0.0223275 0.0407192 0.035555 0.0816152
internal_weight=0 2.72699 1.01837 1.70862 0.653049 1.05136
internal_count=35 30 15 15 12 12
is_linear=0
shrinkage=0.1


Tree=40
num_leaves=6
num_cat=0
split_feature=7 10 12 0 3
split_gain=0.298404 0.274519 0.590855 0.638628 0.301339
threshold=30.500000000000004 382.33333333333036 0.55000000000000004 4.75 866.83333333333405
decision_type=2 2 2 2 2
left_child=1 -1 -3 4 -4
right_child=-2 2 3 -5 -6
leaf_value=0.069726483957413307 -0.058018382943703595 -0.097704184794884408 0.12628996104722348 -0.068493041526242637 0.014238066951876889
leaf_weight=0.70148750860244113 0.6829848140478133 0.49322821944952 0.52676249668002106 0.45426696352660656 0.4408746063709259
leaf_count=9 5 3 5 6 7
internal_value=0 0.0162078 -0.00339536 0.0293184 0.0752369
internal_weight=0 2.61662 1.91513 1.4219 0.967637
internal_count=35 30 21 18 12
is_linear=0
shrinkage=0.1


Tree=41
num_leaves=5
num_cat=0
split_feature=0 7 7 12
split_gain=0.279144 0.28982 0.210363 0.381255
threshold=0.55000000000000016 24.500000000000004 15.500000000000002 3.9000000000000012
decision_type=2 2 2 2
left_child=-1 2 3 -2
right_child=1 -3 -4 -5
leaf_value=-0.05267789595357765 -0.038495827553022097 0.074435595281298533 -0.031254191723140486 0.10688699065143492
leaf_weight=0.74767575412988696 0.34138869121670756 0.64893619250506152 1.0874442458152769 0.38246413879096508
leaf_count=6 6 5 9 9
internal_value=0 0.017094 -0.0034499 0.0383205
internal_weight=0 2.46023 1.8113 0.723853
internal_count=35 29 24 15
is_linear=0
shrinkage=0.1


Tree=42
num_leaves=8
num_cat=0
split_feature=7 12 7 5 12 12 7
split_gain=0.265933 0.222199 0.668252 0.340612 0.25826 0.193978 0.000701032
threshold=30.500000000000004 2.7499999999999996 15.500000000000002 1183.6507936507917 4.8000000000000034 2.1000000000000005 27.500000000000004
decision_type=2 2 2 2 2 2 2
left_child=1 3 4 5 -3 6 -1
right_child=-2 2 -4 -5 -6 -7 -8
leaf_value=0.10734837939858476 -0.055821896340099278 -0.034886187479308731 -0.13034916370039998 -0.020149299195697259 0.10688083966892191 0.020295429565912754 0.11424849979292856
leaf_weight=0.31563457660377092 0.65631096065044392 0.22257797420024861 0.35642443597316742 0.62273415923118591 0.30402368865907192 0.39829531311988831 0.27598169818520546
leaf_count=7 5 6 2 3 6 3 3
internal_value=0 0.0157148 -0.0246088 0.0377946 0.0469604 0.074246 0.110567
internal_weight=0 2.49567 0.883026 1.61265 0.526602 0.989912 0.591616
internal_count=35 30 14 16 12 13 10
is_linear=0
shrinkage=0.1


Tree=43
num_leaves=7
num_cat=0
split_feature=0 7 10 12 0 7
split_gain=0.246342 0.261745 0.163975 0.245886 0.100119 0.257637
threshold=0.55000000000000016 24.500000000000004 392.83333333333309 2.7499999999999996 1.8000000000000005 15.500000000000002
decision_type=2 2 2 2 2 2
left_child=-1 2 4 -4 -2 -6
right_child=1 -3 3 -5 5 -7
leaf_value=-0.050910970651478864 0.012572413321588602 0.071157968465949129 0.10681906338046315 -0.019668687587341721 0.0017028918764249168 -0.12304578618718916
leaf_weight=0.70573297888040576 0.3896945118904116 0.6371180647984146 0.27748983725905407 0.34446984902024269 0.39166367333382368 0.28676611930131912
leaf_count=6 2 5 6 5 9 2
internal_value=0 0.0165361 -0.00405487 0.0367643 -0.0278235 -0.0510272
internal_weight=0 2.3272 1.69008 0.62196 1.06812 0.67843
internal_count=35 29 24 11 13 11
is_linear=0
shrinkage=0.1


Tree=44
num_leaves=6
num_cat=0
split_feature=7 10 12 0 3
split_gain=0.239217 0.253229 0.472191 0.535803 0.268783
threshold=30.500000000000004 382.33333333333036 0.55000000000000004 4.75 866.83333333333405
decision_type=2 2 2 2 2
left_child=1 -1 -3 4 -4
right_child=-2 2 3 -5 -6
leaf_value=0.069145559994760158 -0.053820168612087896 -0.091793632120891075 0.12421155907528343 -0.067429726549148028 0.010617533152638883
leaf_weight=0.63978263549506742 0.63191241025924672 0.45536313951015461 0.4594183452427385 0.40395991690456867 0.38108470104634762
leaf_count=9 5 3 5 6 7
internal_value=0 0.0155201 -0.00466347 0.0272184 0.0727079
internal_weight=0 2.33961 1.69983 1.24446 0.840503
internal_count=35 30 21 18 12
is_linear=0
shrinkage=0.1


Tree=45
num_leaves=5
num_cat=0
split_feature=3 5 0 7
split_gain=0.217039 0.121373 0.104646 0.249773
threshold=772.66666666666754 822.11111111111188 1.8000000000000005 12.500000000000002
decision_type=2 2 2 2
left_child=2 -2 -1 -4
right_child=1 -3 3 -5
leaf_value=-0.0016664483944628591 0.0070946243732516734 0.077526164669988226 0.0032521560160456266 -0.11968069013377432
leaf_weight=1.2286660596728327 0.54418212175369252 0.44455196242779493 0.37608575355261553 0.29485409148037434
leaf_count=9 8 6 9 3
internal_value=0 0.0387619 -0.0190107 -0.0507724
internal_weight=0 0.988734 1.89961 0.67094
internal_count=35 14 21 12
is_linear=0
shrinkage=0.1


Tree=46
num_leaves=6
num_cat=0
split_feature=7 10 12 0 3
split_gain=0.225348 0.233239 0.395641 0.425176 0.256092
threshold=30.500000000000004 382.33333333333036 0.55000000000000004 4.75 866.83333333333405
decision_type=2 2 2 2 2
left_child=1 -1 -3 4 -4
right_child=-2 2 3 -5 -6
leaf_value=0.067808157464226956 -0.052761160936125089 -0.084963539640012686 0.12155113972949523 -0.060969094019759078 0.007654577145590479
leaf_weight=0.61627015843987543 0.6181824356317519 0.44337669014930714 0.41729656606912591 0.38033019192516804 0.37465135101228952
leaf_count=9 5 3 5 6 7
internal_value=0 0.0154663 -0.00449884 0.0259344 0.0676694
internal_weight=0 2.23192 1.61565 1.17228 0.791948
internal_count=35 30 21 18 12
is_linear=0
shrinkage=0.1


Tree=47
num_leaves=5
num_cat=0
split_feature=0 7 7 12
split_gain=0.212534 0.203011 0.166245 0.313957
threshold=0.55000000000000016 24.500000000000004 15.500000000000002 3.9000000000000012
decision_type=2 2 2 2
left_child=-1 2 3 -2
right_child=1 -3 -4 -5
leaf_value=-0.050563621315106035 -0.038341494968673374 0.064668197903923891 -0.03012392656082908 0.10566795771575198
leaf_weight=0.62679208070039782 0.28900094516575359 0.60583597701042879 0.93438279908150434 0.3179243179038167
leaf_count=6 6 5 9 9
internal_value=0 0.015623 -0.00365507 0.0370947
internal_weight=0 2.14714 1.54131 0.606925
internal_count=35 29 24 15
is_linear=0
shrinkage=0.1


Tree=48
num_leaves=7
num_cat=0
split_feature=7 5 5 7 12 5
split_gain=0.201864 0.214962 0.185636 0.444497 0.413478 0.260892
threshold=30.500000000000004 1.0000000180025095e-35 269.05128205128187 15.500000000000002 3.9000000000000012 1183.6507936507917
decision_type=2 2 2 2 2 2
left_child=1 -1 3 4 -3 -4
right_child=-2 2 5 -5 -6 -7
leaf_value=0.11005215055841039 -0.050764547124478698 -0.076774559874071113 0.081765995121271029 -0.12449055146410999 0.10510957978636526 -0.016171443916563125
leaf_weight=0.21429226174950677 0.5961797609925269 0.22016292251646508 0.53051837999373652 0.31604109704494476 0.28912004455924034 0.55816958844661713
leaf_count=3 5 4 9 2 9 3
internal_value=0 0.0150719 0.0044379 -0.0313304 0.0264811 0.0315535
internal_weight=0 2.1283 1.91401 0.825324 0.509283 1.08869
internal_count=35 30 27 15 13 12
is_linear=0
shrinkage=0.1


Tree=49
num_leaves=6
num_cat=0
split_feature=3 5 10 12 0
split_gain=0.191408 0.106676 0.0927259 0.429157 0.284045
threshold=772.66666666666754 822.11111111111188 382.33333333333036 0.55000000000000004 0.65000000000000002
decision_type=2 2 2 2 2
left_child=2 -2 3 -1 -4
right_child=1 -3 4 -5 -6
leaf_value=0.079303135654027815 0.0065590996381439714 0.075885122644153299 -0.11017567223423336 -0.064023152589340188 0.0053531730527584236
leaf_weight=0.40300968289375327 0.48661766946315754 0.40811128122732043 0.35775214619934559 0.43377143424004316 0.52530991286039352
leaf_count=3 8 6 3 8 7
internal_value=0 0.0381807 -0.0188476 0.00500551 -0.0414507
internal_weight=0 0.894729 1.71984 0.836781 0.883062
internal_count=35 14 21 11 10
is_linear=0
shrinkage=0.1


Tree=50
num_leaves=6
num_cat=0
split_feature=0 3 12 0 7
split_gain=0.200575 0.173365 0.195636 0.190684 0.205756
threshold=0.55000000000000016 772.66666666666754 1.6000000000000001 1.8000000000000005 12.500000000000002
decision_type=2 2 2 2 2
left_child=-1 3 -3 -2 -5
right_child=1 2 -4 4 -6
leaf_value=-0.050988135312874439 0.028098586126436256 0.11738390065989368 0.0063567296284697166 0.0043217308942693523 -0.1155508455475701
leaf_weight=0.58310415595769916 0.77075033634901025 0.30039990413933981 0.33646193007007241 0.32996027078479528 0.25296778604388237
leaf_count=6 6 4 7 9 3
internal_value=0 0.0157009 0.0587269 -0.00454144 -0.0476982
internal_weight=0 1.99054 0.636862 1.35368 0.582928
internal_count=35 29 11 18 12
is_linear=0
shrinkage=0.1


Tree=51
num_leaves=6
num_cat=0
split_feature=7 10 12 0 3
split_gain=0.208395 0.209894 0.282517 0.343425 0.231035
threshold=30.500000000000004 382.33333333333036 0.55000000000000004 4.75 866.83333333333405
decision_type=2 2 2 2 2
left_child=1 -1 -3 4 -4
right_child=-2 2 3 -5 -6
leaf_value=0.068456588733469381 -0.05294250985425325 -0.077450531600651476 0.11798155634221 -0.060472890636825399 0.0018420706284163807
leaf_weight=0.54881505202502046 0.56498468667268742 0.385055512189865 0.36450573615729787 0.331755131483078 0.32312385644763708
leaf_count=9 5 3 5 6 7
internal_value=0 0.016017 -0.00447493 0.0230904 0.0634065
internal_weight=0 1.95326 1.40444 1.01938 0.68763
internal_count=35 30 21 18 12
is_linear=0
shrinkage=0.1


Tree=52
num_leaves=6
num_cat=0
split_feature=7 10 12 0 12
split_gain=0.173216 0.173207 0.23658 0.29095 0.307471
threshold=30.500000000000004 382.33333333333036 0.55000000000000004 4.75 4.8000000000000034
decision_type=2 2 2 2 2
left_child=1 -1 -3 4 -4
right_child=-2 2 3 -5 -6
leaf_value=0.06299740542195191 -0.048600986669687929 -0.071598769116547681 0.11382557379627078 -0.055922635819869809 -0.026809110412981479
leaf_weight=0.53736324235796962 0.55448460578918446 0.37539954483509042 0.40566257806494832 0.32333580031991005 0.25205373764038086
leaf_count=9 5 3 9 6 3
internal_value=0 0.0149487 -0.00408603 0.0217477 0.0599308
internal_weight=0 1.89381 1.35645 0.981052 0.657716
internal_count=35 30 21 18 12
is_linear=0
shrinkage=0.1


Tree=53
num_leaves=5
num_cat=0
split_feature=3 7 0 7
split_gain=0.160833 0.197431 0.0635668 0.199291
threshold=772.66666666666754 18.500000000000004 1.8000000000000005 12.500000000000002
decision_type=2 2 2 2
left_child=2 -2 -1 -4
right_child=1 -3 3 -5
leaf_value=-0.003622076702775011 0.10667231575991193 0.0024698229202784385 0.0069085182687367991 -0.11554626234695008
leaf_weight=1.0042171292006972 0.26807161513715971 0.56516937538981438 0.30681653227657069 0.23446839302778244
leaf_count=9 6 8 9 3
internal_value=0 0.035994 -0.0185116 -0.0461352
internal_weight=0 0.833241 1.5455 0.541285
internal_count=35 14 21 12
is_linear=0
shrinkage=0.1


Tree=54
num_leaves=5
num_cat=0
split_feature=0 7 7 12
split_gain=0.160662 0.15372 0.130815 0.2475
threshold=0.55000000000000016 24.500000000000004 15.500000000000002 3.9000000000000012
decision_type=2 2 2 2
left_child=-1 2 3 -2
right_child=1 -3 -4 -5
leaf_value=-0.048689356654791405 -0.038165217216807698 0.058590997654685666 -0.030055975383804074 0.10451057207458836
leaf_weight=0.51632276922464404 0.23390851914882638 0.55141006130725134 0.77991969883441925 0.25318854488432407
leaf_count=6 6 5 9 9
internal_value=0 0.0145181 -0.00466256 0.0359963
internal_weight=0 1.81843 1.26702 0.487097
internal_count=35 29 24 15
is_linear=0
shrinkage=0.1


Tree=55
num_leaves=5
num_cat=0
split_feature=7 7 7 12
split_gain=0.156321 0.154239 0.109904 0.222261
threshold=30.500000000000004 24.500000000000004 15.500000000000002 3.9000000000000012
decision_type=2 2 2 2
left_child=1 2 3 -1
right_child=-2 -3 -4 -5
leaf_value=-0.034696504631561896 -0.046747309682261477 0.06077821493348029 -0.027173753674376008 0.10406953542057258
leaf_weight=0.23168799281120322 0.53559885919094075 0.51812766166403879 0.77656597644090652 0.23001585062593222
leaf_count=6 5 6 9 9
internal_value=0 0.0149667 -0.0042021 0.0344352
internal_weight=0 1.7564 1.23827 0.461704
internal_count=35 30 24 15
is_linear=0
shrinkage=0.1


Tree=56
num_leaves=6
num_cat=0
split_feature=5 3 12 7 0
split_gain=0.156481 0.286749 0.139312 0.350396 0.118895
threshold=1183.6507936507917 1234.3333333333323 2.7499999999999996 12.500000000000002 0.55000000000000016
decision_type=2 2 2 2 2
left_child=1 2 4 -4 -1
right_child=-2 -3 3 -5 -6
leaf_value=-0.018239760013208952 -0.041790306768916513 0.11713892315129722 0.042046312191409585 -0.11793704841452274 0.058211250899025124
leaf_weight=0.35824114829301856 0.628786340355873 0.24299055570736516 0.26755110640078783 0.2803555941209197 0.47069834545254707
leaf_count=5 4 6 9 3 8
internal_value=0 0.016986 -0.000689305 -0.0398148 0.0251716
internal_weight=0 1.61984 1.37685 0.547907 0.828939
internal_count=35 31 25 12 13
is_linear=0
shrinkage=0.1


Tree=57
num_leaves=6
num_cat=0
split_feature=7 10 3 0 12
split_gain=0.142509 0.171169 0.192977 0.21018 0.203039
threshold=30.500000000000004 382.33333333333036 772.66666666666754 0.65000000000000002 4.8000000000000034
decision_type=2 2 2 2 2
left_child=1 -1 3 -3 -4
right_child=-2 2 4 -5 -6
leaf_value=0.065058211801336363 -0.045836968519152227 -0.10446452780751825 0.10702970691212287 0.0054925668448743761 -0.025002539604080599
leaf_weight=0.47962420340627465 0.50881089642643917 0.28694874234497525 0.24592797923833132 0.44100655429065228 0.22126026637852192
leaf_count=9 5 3 7 7 4
internal_value=0 0.0145927 -0.00565972 -0.0378508 0.0444993
internal_weight=0 1.67477 1.19514 0.727955 0.467188
internal_count=35 30 21 10 11
is_linear=0
shrinkage=0.1


Tree=58
num_leaves=5
num_cat=0
split_feature=3 7 0 7
split_gain=0.128154 0.143315 0.0822574 0.135481
threshold=772.66666666666754 18.500000000000004 1.8000000000000005 12.500000000000002
decision_type=2 2 2 2
left_child=2 -2 -1 -4
right_child=1 -3 3 -5
leaf_value=0.00021311050453629981 0.10522198407899724 0.0064598959915641938 -0.0047449784836852719 -0.11268635512061831
leaf_weight=0.93647713400423549 0.20655235368758429 0.50901533290743828 0.27211299305781722 0.20304416958242655
leaf_count=9 6 8 9 3
internal_value=0 0.0349681 -0.0169817 -0.0508705
internal_weight=0 0.715568 1.41163 0.475157
internal_count=35 14 21 12
is_linear=0
shrinkage=0.1


Tree=59
num_leaves=6
num_cat=0
split_feature=4 7 10 12 5
split_gain=0.372197 0.424971 0.122834 0.165683 0.2854
threshold=1.0000000180025095e-35 30.500000000000004 382.33333333333036 0.55000000000000004 269.05128205128187
decision_type=2 2 2 2 2
left_child=-1 2 -2 -4 -5
right_child=1 -3 3 4 -6
leaf_value=0.11681597231350611 0.056359776967840794 -0.11421380466166778 -0.070033509149899462 -0.0423769582087061 0.077810238779774943
leaf_weight=0.24294498749077353 0.3925073044374584 0.34908247739076603 0.31542480736970879 0.40902111399918795 0.3821993013843894
leaf_count=3 8 4 3 8 9
internal_value=0 -0.0148427 0.0082962 -0.0087511 0.0156795
internal_weight=0 1.84824 1.49915 1.10665 0.79122
internal_count=35 32 28 20 17
is_linear=0
shrinkage=0.1


Tree=60
num_leaves=6
num_cat=0
split_feature=0 7 5 10 5
split_gain=0.114921 0.133426 0.0786124 0.162744 0.102824
threshold=0.55000000000000016 24.500000000000004 151.66129898013955 349.99999999999943 269.05128205128187
decision_type=2 2 2 2 2
left_child=-1 2 3 -2 -4
right_child=1 -3 4 -5 -6
leaf_value=-0.045410712061313335 -0.030280929369131689 0.056184695069159664 -0.065500534030583549 0.10558024818490902 0.0095369272361285774
leaf_weight=0.43013871088624034 0.19229217153042533 0.49075376102700818 0.34083407744765282 0.16282684914767742 0.39338911604136229
leaf_count=6 6 5 6 5 7
internal_value=0 0.0128905 -0.0066137 0.0320132 -0.0252962
internal_weight=0 1.5801 1.08934 0.355119 0.734223
internal_count=35 29 24 11 13
is_linear=0
shrinkage=0.1


Tree=61
num_leaves=5
num_cat=0
split_feature=3 5 7 7
split_gain=0.116394 0.0770784 0.0697353 0.133298
threshold=772.66666666666754 822.11111111111188 18.500000000000004 12.500000000000002
decision_type=2 2 2 2
left_child=2 -2 3 -1
right_child=1 -3 -4 -5
leaf_value=-0.0013708773456405795 0.0037264792999132166 0.072814037156761144 -0.00025749349887055914 -0.11181834363710777
leaf_weight=0.2542539397254584 0.3568576266989113 0.29496138077229261 0.87588922120630741 0.19163181819021702
leaf_count=9 8 6 9 3
internal_value=0 0.03499 -0.0166458 -0.0488388
internal_weight=0 0.651819 1.32177 0.445886
internal_count=35 14 21 12
is_linear=0
shrinkage=0.1


Tree=62
num_leaves=6
num_cat=0
split_feature=7 10 12 0 12
split_gain=0.132102 0.144512 0.162073 0.230544 0.237407
threshold=30.500000000000004 382.33333333333036 0.55000000000000004 4.75 4.8000000000000034
decision_type=2 2 2 2 2
left_child=1 -1 -3 4 -4
right_child=-2 2 3 -5 -6
leaf_value=0.063105177511108751 -0.047111314451045438 -0.067836598123383343 0.11195950312577696 -0.058585368144771124 -0.028552676711132402
leaf_weight=0.4359681513160466 0.45083098858594906 0.29788720607757546 0.31328269047662616 0.25434598606079817 0.1951461136341095
leaf_count=9 5 3 9 6 3
internal_value=0 0.0146371 -0.00528498 0.0191434 0.0580279
internal_weight=0 1.49663 1.06066 0.762775 0.508429
internal_count=35 30 21 18 12
is_linear=0
shrinkage=0.1


Tree=63
num_leaves=5
num_cat=0
split_feature=7 7 7 12
split_gain=0.10976 0.120425 0.0807415 0.198957
threshold=30.500000000000004 24.500000000000004 15.500000000000002 3.9000000000000012
decision_type=2 2 2 2
left_child=1 2 3 -1
right_child=-2 -3 -4 -5
leaf_value=-0.041629218540940399 -0.043135326381568327 0.058308241438742595 -0.026546309389904876 0.10359736330687855
leaf_weight=0.18670159578323342 0.44354853406548511 0.42702762642875303 0.64145166520029306 0.19067426864057779
leaf_count=6 5 6 9 9
internal_value=0 0.0137304 -0.0049538 0.0317485
internal_weight=0 1.44586 1.01883 0.377376
internal_count=35 30 24 15
is_linear=0
shrinkage=0.1


Tree=64
num_leaves=8
num_cat=0
split_feature=4 7 12 7 12 5 7
split_gain=0.312578 0.351704 0.0831125 0.319753 0.1148 0.103302 0.147473
threshold=1.0000000180025095e-35 30.500000000000004 2.7499999999999996 15.500000000000002 4.8000000000000034 1183.6507936507917 18.500000000000004
decision_type=2 2 2 2 2 2 2
left_child=-1 2 5 4 -4 6 -2
right_child=1 -3 3 -5 -6 -7 -8
leaf_value=0.1146559499585228 -0.0029285633822155061 -0.11226956004224127 -0.025239239147084414 -0.11452358268888117 0.10354538450739122 -0.010362679471531189 0.11283785913126253
leaf_weight=0.21203690953552734 0.20267713349312522 0.29986741393804539 0.1246518436819315 0.22131830453872681 0.1556421797722578 0.39569896459579468 0.24074870022013783
leaf_count=3 5 4 6 2 6 3 6
internal_value=0 -0.0143671 0.00752963 -0.0246729 0.0462725 0.0267797 0.0599244
internal_weight=0 1.6406 1.34074 0.501612 0.280294 0.839125 0.443426
internal_count=35 32 28 14 12 14 11
is_linear=0
shrinkage=0.1


Tree=65
num_leaves=6
num_cat=0
split_feature=0 3 12 7 5
split_gain=0.113616 0.117973 0.143487 0.112132 0.113754
threshold=0.55000000000000016 772.66666666666754 1.6000000000000001 18.500000000000004 151.66129898013955
decision_type=2 2 2 2 2
left_child=-1 3 -3 4 -2
right_child=1 2 -4 -5 -6
leaf_value=-0.049092679636312447 0.0020919678928350426 0.11274695260763523 -0.0019031901417596983 0.022368448883749947 -0.1062922521126563
leaf_weight=0.36680988967418682 0.21190680610015966 0.2225323379971087 0.2142631548922509 0.56086342968046665 0.17832489032298326
leaf_count=6 8 4 7 6 4
internal_value=0 0.0134855 0.0565071 -0.00627236 -0.0474366
internal_weight=0 1.38789 0.436795 0.951095 0.390232
internal_count=35 29 11 18 12
is_linear=0
shrinkage=0.1


Tree=66
num_leaves=7
num_cat=0
split_feature=4 7 10 5 0 10
split_gain=0.259509 0.314919 0.0943569 0.153787 0.173954 0.152974
threshold=1.0000000180025095e-35 30.500000000000004 382.33333333333036 928.86904761904782 4.75 416.33333333333491
decision_type=2 2 2 2 2 2
left_child=-1 2 -2 4 5 -4
right_child=1 -3 3 -5 -6 -7
leaf_value=0.11174861193674789 0.052534857642239509 -0.11124885682798269 0.11169603240775461 -0.07150664146958953 -0.055808948430721962 -0.0083902842941117294
leaf_weight=0.18644657731056224 0.34308656817302086 0.26981886848807324 0.22420421242713928 0.27491495013237 0.21307596331462264 0.2013418935239315
leaf_count=3 8 4 5 3 6 6
internal_value=0 -0.0132265 0.00782065 -0.00897214 0.0179478 0.0548787
internal_weight=0 1.52644 1.25662 0.913537 0.638622 0.425546
internal_count=35 32 28 20 17 11
is_linear=0
shrinkage=0.1


Tree=67
num_leaves=6
num_cat=0
split_feature=3 7 0 0 7
split_gain=0.0924158 0.114935 0.0468641 0.0934763 0.119518
threshold=772.66666666666754 18.500000000000004 0.55000000000000016 1.8000000000000005 12.500000000000002
decision_type=2 2 2 2 2
left_child=2 -2 -1 -4 -5
right_child=1 -3 3 4 -6
leaf_value=-0.059214989312335625 0.1041095894993833 0.0036304236367275377 0.020730365969957108 0.0046691162602533866 -0.11029920857086324
leaf_weight=0.20583851635456063 0.16424444504082214 0.37096829619258642 0.52676615677773952 0.20962784206494689 0.15901117958128452
leaf_count=3 6 8 6 9 3
internal_value=0 0.0344652 -0.0161896 -0.0062988 -0.0449221
internal_weight=0 0.535213 1.10124 0.895405 0.368639
internal_count=35 14 21 18 12
is_linear=0
shrinkage=0.1


Tree=68
num_leaves=6
num_cat=0
split_feature=4 7 10 12 5
split_gain=0.234866 0.281435 0.0896599 0.130717 0.179796
threshold=1.0000000180025095e-35 30.500000000000004 382.33333333333036 0.55000000000000004 269.05128205128187
decision_type=2 2 2 2 2
left_child=-1 2 -2 -4 -5
right_child=1 -3 3 4 -6
leaf_value=0.110545924109081 0.051745305890944143 -0.11030802705973658 -0.069124270558430068 -0.034946175519013432 0.075115115126625831
leaf_weight=0.17255179770290863 0.32767173228785373 0.24590403959155072 0.25882116705179214 0.32088425289839506 0.27616992918774486
leaf_count=3 8 4 3 8 9
internal_value=0 -0.0129628 0.0072625 -0.00976774 0.0159631
internal_weight=0 1.42945 1.18355 0.855875 0.597054
internal_count=35 32 28 20 17
is_linear=0
shrinkage=0.1


Tree=69
num_leaves=6
num_cat=0
split_feature=3 7 10 12 0
split_gain=0.0796726 0.11075 0.0468133 0.261019 0.141931
threshold=772.66666666666754 18.500000000000004 382.33333333333036 0.55000000000000004 0.65000000000000002
decision_type=2 2 2 2 2
left_child=2 -2 3 -1 -4
right_child=1 -3 4 -5 -6
leaf_value=0.07999472288714482 0.10395553808913383 0.0018354923106206702 -0.10089545099674534 -0.061236334193215773 0.0061283392216165628
leaf_weight=0.24833325669169404 0.15313125448301446 0.34650983358733356 0.20706623140722513 0.27663856698200107 0.30856484547257423
leaf_count=3 6 8 3 8 7
internal_value=0 0.0331335 -0.0154488 0.00557176 -0.0368501
internal_weight=0 0.499641 1.0406 0.524972 0.515631
internal_count=35 14 21 11 10
is_linear=0
shrinkage=0.1


Tree=70
num_leaves=5
num_cat=0
split_feature=7 7 7 12
split_gain=0.0695543 0.107155 0.0776151 0.146288
threshold=30.500000000000004 24.500000000000004 15.500000000000002 3.9000000000000012
decision_type=2 2 2 2
left_child=1 2 3 -1
right_child=-2 -3 -4 -5
leaf_value=-0.036102974531241089 -0.040923959770450276 0.058042818788843369 -0.031276092813004773 0.10278526445906572
leaf_weight=0.15409607300534822 0.32152421027421962 0.34890849143266678 0.52533732960000634 0.14932421455159783
leaf_count=6 5 6 9 9
internal_value=0 0.0115535 -0.00801863 0.032249
internal_weight=0 1.17767 0.828758 0.30342
internal_count=35 30 24 15
is_linear=0
shrinkage=0.1


Tree=71
num_leaves=6
num_cat=0
split_feature=3 7 0 0 7
split_gain=0.0712145 0.0961917 0.0440747 0.0843941 0.109141
threshold=772.66666666666754 18.500000000000004 0.55000000000000016 1.8000000000000005 9.5000000000000018
decision_type=2 2 2 2 2
left_child=2 -2 -1 -4 -5
right_child=1 -3 3 4 -6
leaf_value=-0.05982851151001968 0.10357306614159821 0.003885588764730206 0.022503950011882757 0.023768080207632113 -0.090594308869818674
leaf_weight=0.17928082123398781 0.13492325786501169 0.34253543405793607 0.46938398666679859 0.14346005069091916 0.19949201447889209
leaf_count=3 6 8 6 7 5
internal_value=0 0.0320559 -0.0149515 -0.00504727 -0.0427555
internal_weight=0 0.477459 0.991617 0.812336 0.342952
internal_count=35 14 21 18 12
is_linear=0
shrinkage=0.1


Tree=72
num_leaves=6
num_cat=0
split_feature=4 7 10 12 5
split_gain=0.211488 0.235422 0.0779789 0.0992054 0.176099
threshold=1.0000000180025095e-35 30.500000000000004 382.33333333333036 0.55000000000000004 269.05128205128187
decision_type=2 2 2 2 2
left_child=-1 2 -2 -4 -5
right_child=1 -3 3 4 -6
leaf_value=0.10979317042522879 0.049722597488328669 -0.10860064673412428 -0.066077199675008774 -0.041031358343378774 0.073145251641772255
leaf_weight=0.15712785534560691 0.29618047503754474 0.21495697461068619 0.22753560915589333 0.28761015832424164 0.25471804803237319
leaf_count=3 8 4 3 8 9
internal_value=0 -0.013132 0.00611825 -0.0106571 0.0125946
internal_weight=0 1.281 1.06604 0.769864 0.542328
internal_count=35 32 28 20 17
is_linear=0
shrinkage=0.1


Tree=73
num_leaves=6
num_cat=0
split_feature=3 12 7 0 7
split_gain=0.0615465 0.0895441 0.043937 0.0384148 0.107925
threshold=772.66666666666754 4.8000000000000034 30.500000000000004 1.8000000000000005 12.500000000000002
decision_type=2 2 2 2 2
left_child=3 2 -2 -1 -5
right_child=1 -3 -4 4 -6
leaf_value=0.00069275884027491987 0.10417495265551646 -0.031054554162060811 0.026559376047511147 0.0070309295976993527 -0.10862002680682961
leaf_weight=0.60482845176011324 0.13845441828016192 0.15332459658384323 0.15412221848964691 0.19156250730156898 0.1394154280424118
leaf_count=9 7 4 3 9 3
internal_value=0 0.0308486 0.063289 -0.0142951 -0.0416839
internal_weight=0 0.445901 0.292577 0.935806 0.330978
internal_count=35 14 10 21 12
is_linear=0
shrinkage=0.1


Tree=74
num_leaves=7
num_cat=0
split_feature=4 7 10 5 0 12
split_gain=0.185264 0.214676 0.0749448 0.0965366 0.111111 0.173519
threshold=1.0000000180025095e-35 30.500000000000004 382.33333333333036 928.86904761904782 4.75 4.8000000000000034
decision_type=2 2 2 2 2 2
left_child=-1 2 -2 4 5 -4
right_child=1 -3 3 -5 -6 -7
leaf_value=0.10857102868895852 0.049795020606755419 -0.10774866512419207 0.10811341016425619 -0.067278195182158301 -0.050374937673055481 -0.037121550347925296
leaf_weight=0.14142297301441442 0.28384840581566073 0.19756968691945065 0.19417185708880424 0.21379834040999413 0.1820645215921104 0.14273377507925034
leaf_count=3 8 4 8 3 6 3
internal_value=0 -0.0123663 0.00617033 -0.0107283 0.0125683 0.046583
internal_weight=0 1.21419 1.01662 0.732768 0.51897 0.336906
internal_count=35 32 28 20 17 11
is_linear=0
shrinkage=0.1


Tree=75
num_leaves=7
num_cat=0
split_feature=5 5 5 3 3 0
split_gain=0.0520758 0.0893959 0.111264 0.132334 0.0721262 0.0393423
threshold=1183.6507936507917 269.05128205128187 213.33646616541344 765.00000000000193 357.99999999999989 0.65000000000000002
decision_type=2 2 2 2 2 2
left_child=1 2 3 4 -1 -3
right_child=-2 5 -4 -5 -6 -7
leaf_value=0.038137330993209283 -0.030690581737894591 0.0045765442505353929 -0.081210062244301551 0.10381368316420447 -0.067251530574856652 0.075034518777466558
leaf_weight=0.11317863035947084 0.38252492994070053 0.11772558756638318 0.16357825696468353 0.12108538765460253 0.15235643461346626 0.24248615629039705
leaf_count=5 4 6 3 4 7 6
internal_value=0 0.0132796 -0.0120752 0.0171756 -0.0223318 0.0520072
internal_weight=0 0.91041 0.550199 0.38662 0.265535 0.360212
internal_count=35 31 19 16 12 12
is_linear=0
shrinkage=0.1


Tree=76
num_leaves=5
num_cat=0
split_feature=7 7 7 12
split_gain=0.0551879 0.0919457 0.0790124 0.123126
threshold=30.500000000000004 24.500000000000004 15.500000000000002 3.9000000000000012
decision_type=2 2 2 2
left_child=1 2 3 -1
right_child=-2 -3 -4 -5
leaf_value=-0.036351253644382735 -0.040947496906752895 0.056871285059743905 -0.034931447723080891 0.1024427325850325
leaf_weight=0.12430166220292449 0.25788470171391964 0.30337331688497216 0.43781145964749157 0.13156779436394572
leaf_count=6 5 6 9 9
internal_value=0 0.0109517 -0.00913063 0.0350165
internal_weight=0 0.997054 0.693681 0.255869
internal_count=35 30 24 15
is_linear=0
shrinkage=0.1


Tree=77
num_leaves=5
num_cat=0
split_feature=0 7 7 12
split_gain=0.0537919 0.0798203 0.0662132 0.110849
threshold=0.55000000000000016 24.500000000000004 15.500000000000002 3.9000000000000012
decision_type=2 2 2 2
left_child=-1 2 3 -2
right_child=1 -3 -4 -5
leaf_value=-0.041451687298213823 -0.033078489909927254 0.053271350903514252 -0.031720716207798615 0.10220713959070352
leaf_weight=0.24645124189555645 0.12301206029951572 0.30504389258567244 0.43411966576240957 0.11930790450423956
leaf_count=6 6 5 9 9
internal_value=0 0.0108046 -0.00834593 0.0335303
internal_weight=0 0.981484 0.67644 0.24232
internal_count=35 29 24 15
is_linear=0
shrinkage=0.1


Tree=78
num_leaves=7
num_cat=0
split_feature=5 12 7 12 0 7
split_gain=0.054913 0.0852178 0.209557 0.0591849 0.0506888 0.112264
threshold=1183.6507936507917 2.7499999999999996 15.500000000000002 4.8000000000000034 0.55000000000000016 18.500000000000004
decision_type=2 2 2 2 2 2
left_child=1 4 3 -3 -1 -6
right_child=-2 2 -4 -5 5 -7
leaf_value=-0.0042162302263358681 -0.031933872886600954 -0.010748646332891685 -0.10934114453166575 0.10218975600211687 -0.011679311251474374 0.10876319614071424
leaf_weight=0.16544726863503456 0.36670084297657013 0.089485842967405915 0.15612469613552094 0.096373419044539332 0.1238203146494925 0.20637692953459918
leaf_count=5 4 6 2 6 5 7
internal_value=0 0.0144673 -0.0239319 0.0478132 0.0409618 0.0635986
internal_weight=0 0.837628 0.341984 0.185859 0.495645 0.330197
internal_count=35 31 14 12 17 12
is_linear=0
shrinkage=0.1


Tree=79
num_leaves=6
num_cat=0
split_feature=7 10 5 0 3
split_gain=0.0588359 0.092963 0.194686 0.137068 0.119165
threshold=30.500000000000004 382.33333333333036 1183.6507936507917 4.75 866.83333333333405
decision_type=2 2 2 2 2
left_child=1 -1 3 4 -3
right_child=-2 2 -4 -5 -6
leaf_value=0.058884621947603688 -0.04352778953748096 0.10651903882439691 -0.10891703518599319 -0.057569295109639262 -0.016596653600937882
leaf_weight=0.28893957170657814 0.2416668813675642 0.19832748267799616 0.15032299607992172 0.15030973381362855 0.13024881319142878
leaf_count=9 5 6 2 6 7
internal_value=0 0.0119285 -0.00963432 0.0215307 0.0577155
internal_weight=0 0.918149 0.629209 0.478886 0.328576
internal_count=35 30 21 19 13
is_linear=0
shrinkage=0.1


Tree=80
num_leaves=5
num_cat=0
split_feature=7 7 7 12
split_gain=0.0488834 0.0800235 0.0576344 0.0905551
threshold=30.500000000000004 24.500000000000004 15.500000000000002 3.9000000000000012
decision_type=2 2 2 2
left_child=1 2 3 -1
right_child=-2 -3 -4 -5
leaf_value=-0.027830738914169196 -0.039828800367111089 0.056123752757359563 -0.032245815141684959 0.10186755891701094
leaf_weight=0.11628198646940291 0.23790794983506203 0.27369689510669559 0.38601797190494835 0.10023695649579167
leaf_count=6 5 6 9 9
internal_value=0 0.0112848 -0.0090829 0.0322128
internal_weight=0 0.876234 0.602537 0.216519
internal_count=35 30 24 15
is_linear=0
shrinkage=0.1


Tree=81
num_leaves=6
num_cat=0
split_feature=3 5 10 12 0
split_gain=0.0510452 0.0433178 0.0351972 0.161394 0.0934307
threshold=772.66666666666754 822.11111111111188 382.33333333333036 0.55000000000000004 0.65000000000000002
decision_type=2 2 2 2 2
left_child=2 -2 3 -1 -4
right_child=1 -3 4 -5 -6
leaf_value=0.075628386471250281 -0.00013565717056548851 0.071109129223810102 -0.0987662746308966 -0.054521517041583339 0.0045378357569896945
leaf_weight=0.18053930066525936 0.18769500218331814 0.15649881481658667 0.14513571606948972 0.20175569481216371 0.22065350622870028
leaf_count=3 8 6 3 8 7
internal_value=0 0.0322581 -0.0142756 0.00694194 -0.0364506
internal_weight=0 0.344194 0.748084 0.382295 0.365789
internal_count=35 14 21 11 10
is_linear=0
shrinkage=0.1


Tree=82
num_leaves=5
num_cat=0
split_feature=0 7 7 12
split_gain=0.0489774 0.0575423 0.046044 0.0819529
threshold=0.55000000000000016 24.500000000000004 15.500000000000002 3.9000000000000012
decision_type=2 2 2 2
left_child=-1 2 3 -2
right_child=1 -3 -4 -5
leaf_value=-0.042247845824080359 -0.024527287765219261 0.049544946447355104 -0.027483724076747054 0.10167999288741379
leaf_weight=0.21543311700224876 0.11664178408682346 0.26735038741026074 0.37406677356921136 0.092058743583038449
leaf_count=6 6 5 9 9
internal_value=0 0.0111334 -0.00648822 0.0311433
internal_weight=0 0.850118 0.582767 0.208701
internal_count=35 29 24 15
is_linear=0
shrinkage=0.1


Tree=83
num_leaves=8
num_cat=0
split_feature=7 12 7 10 5 7 12
split_gain=0.0510827 0.0643384 0.168806 0.115773 0.108358 0.0735087 0.0573713
threshold=30.500000000000004 2.7499999999999996 15.500000000000002 382.33333333333036 928.86904761904782 18.500000000000004 3.9000000000000012
decision_type=2 2 2 2 2 2 2
left_child=1 3 6 -1 5 -5 -3
right_child=-2 2 -4 4 -6 -7 -8
leaf_value=0.11168314054507988 -0.041519975035368792 -0.019270010398779607 -0.10783354436710149 -0.0064345451923715508 -0.057709406627859366 0.10726510250700241 0.10151869961729426
leaf_weight=0.1377254631370306 0.22789891622960567 0.074384237173944712 0.13467741012573242 0.11571162799373269 0.16129600629210472 0.11180264479480684 0.083423806354403496
leaf_count=2 5 3 2 5 3 6 9
internal_value=0 0.0120073 -0.025598 0.0328967 0.00498874 0.0494385 0.0445839
internal_weight=0 0.819021 0.292485 0.526536 0.38881 0.227514 0.157808
internal_count=35 30 14 16 14 11 12
is_linear=0
shrinkage=0.1


Tree=84
num_leaves=6
num_cat=0
split_feature=3 12 0 0 7
split_gain=0.0533752 0.0398907 0.0269968 0.0507767 0.0741793
threshold=772.66666666666754 1.6000000000000001 0.55000000000000016 1.8000000000000005 9.5000000000000018
decision_type=2 2 2 2 2
left_child=2 -2 -1 -4 -5
right_child=1 -3 3 4 -6
leaf_value=-0.058778461201875243 0.059718614004648285 -0.013958200098878899 0.019734263506338293 0.02250885884475649 -0.090357551523221821
leaf_weight=0.11912441253662109 0.20945078856311738 0.11320572119439021 0.31892152456566691 0.10288192168809474 0.13417176762595773
leaf_count=3 7 7 6 7 5
internal_value=0 0.0338687 -0.0155769 -0.00632042 -0.0413732
internal_weight=0 0.322657 0.6751 0.555975 0.237054
internal_count=35 14 21 18 12
is_linear=0
shrinkage=0.1


Tree=85
num_leaves=6
num_cat=0
split_feature=7 10 3 10 0
split_gain=0.0498801 0.0657366 0.0656442 0.106595 0.0731577
threshold=30.500000000000004 382.33333333333036 772.66666666666754 609.00000000000011 0.65000000000000002
decision_type=2 2 2 2 2
left_child=1 -1 4 -4 -3
right_child=-2 2 3 -5 -6
leaf_value=0.056789210787685396 -0.041166329448749865 -0.096280392978564736 0.10312030424096169 -0.043785052657952378 0.0020586899455996097
leaf_weight=0.23303284961730242 0.22337021492421627 0.12146886205300689 0.11125104880193248 0.088830775581300259 0.20055163977667689
leaf_count=9 5 3 6 5 7
internal_value=0 0.012626 -0.00708561 0.0378984 -0.0350356
internal_weight=0 0.755135 0.522102 0.200082 0.322021
internal_count=35 30 21 11 10
is_linear=0
shrinkage=0.1


Tree=86
num_leaves=7
num_cat=0
split_feature=4 7 0 12 5 10
split_gain=0.131677 0.157815 0.0503933 0.151717 0.121377 7.69167e-05
threshold=1.0000000180025095e-35 30.500000000000004 4.75 4.8000000000000034 1183.6507936507917 382.33333333333491
decision_type=2 2 2 2 2 2
left_child=-1 2 3 4 5 -2
right_child=1 -3 -4 -5 -6 -7
leaf_value=0.10629916790905916 0.10649038365413757 -0.10574730180392536 -0.046673835590621604 -0.066856941413201573 -0.0041148690132459687 0.1026734154855331
leaf_weight=0.10438828356564045 0.10940546286292374 0.15006699785590172 0.13837780640460551 0.14585380163043737 0.19934622198343277 0.10202760377433151
leaf_count=3 5 4 8 4 3 8
internal_value=0 -0.0127483 0.00733212 0.0207579 0.0518669 0.104648
internal_weight=0 0.845078 0.695011 0.556633 0.410779 0.211433
internal_count=35 32 28 20 16 13
is_linear=0
shrinkage=0.1


Tree=87
num_leaves=6
num_cat=0
split_feature=4 7 10 3 10
split_gain=0.117723 0.14259 0.0453254 0.0616523 0.0858391
threshold=1.0000000180025095e-35 30.500000000000004 382.33333333333036 772.66666666666754 609.00000000000011
decision_type=2 2 2 2 2
left_child=-1 2 -2 -4 -5
right_child=1 -3 3 4 -6
leaf_value=0.10567662422471531 0.047630517068950787 -0.10518589615312655 -0.0377591992434443 0.10255301584213335 -0.03629703799872161
leaf_weight=0.094982455018907785 0.19449014379642904 0.13647399470210075 0.29520670673809946 0.09384882403537631 0.084713946795091033
leaf_count=3 8 4 9 6 5
internal_value=0 -0.0120395 0.00698308 -0.00970336 0.0366796
internal_weight=0 0.804734 0.66826 0.473769 0.178563
internal_count=35 32 28 20 11
is_linear=0
shrinkage=0.1


Tree=88
num_leaves=5
num_cat=0
split_feature=3 7 0 7
split_gain=0.0359096 0.0528234 0.0267207 0.0630896
threshold=772.66666666666754 18.500000000000004 1.8000000000000005 12.500000000000002
decision_type=2 2 2 2
left_child=2 -2 -1 -4
right_child=1 -3 3 -5
leaf_value=0.0027119242856068625 0.10181460367241996 0.0029279421560825065 0.0044005632583748741 -0.10521338620527448
leaf_weight=0.3804190275259316 0.075374001637101173 0.19067100342363119 0.12585804518312216 0.090096292085945606
leaf_count=9 6 8 9 3
internal_value=0 0.0309438 -0.0132364 -0.0413304
internal_weight=0 0.266045 0.596373 0.215954
internal_count=35 14 21 12
is_linear=0
shrinkage=0.1


Tree=89
num_leaves=6
num_cat=0
split_feature=0 7 5 7 5
split_gain=0.0339639 0.0431551 0.0349803 0.0651564 0.0438117
threshold=0.55000000000000016 24.500000000000004 151.66129898013955 15.500000000000002 269.05128205128187
decision_type=2 2 2 2 2
left_child=-1 2 3 -2 -4
right_child=1 -3 4 -5 -6
leaf_value=-0.040581537144303174 0.10183924767775172 0.046927517464796217 -0.066968284971722122 -0.028200863983598074 0.0083287499722109106
leaf_weight=0.16356938704848289 0.071520537137985229 0.21749362704576924 0.14328973810188472 0.083531088195741177 0.16772721544839442
leaf_count=6 8 5 6 3 7
internal_value=0 0.0101461 -0.0070182 0.0317826 -0.0263616
internal_weight=0 0.683562 0.466069 0.155052 0.311017
internal_count=35 29 24 11 13
is_linear=0
shrinkage=0.1


Tree=90
num_leaves=7
num_cat=0
split_feature=5 0 7 5 5 7
split_gain=0.0379398 0.0582297 0.0788519 0.0812842 0.0460587 0.0353093
threshold=1183.6507936507917 1.8000000000000005 12.500000000000002 151.66129898013955 269.05128205128187 30.500000000000004
decision_type=2 2 2 2 2 2
left_child=1 4 3 -3 -1 -6
right_child=-2 2 -4 -5 5 -7
leaf_value=-0.004163271970787987 -0.031973488793698893 0.10166257198951743 -0.10458778287968894 -0.050855860671341971 0.10538041425600152 0.023112820625600598
leaf_weight=0.14344772789627314 0.25255616381764412 0.064821200678125024 0.080650292336940765 0.075809920206665993 0.11870499257929623 0.093080742284655571
leaf_count=6 4 8 3 4 7 3
internal_value=0 0.0145058 -0.0257614 0.0194446 0.039589 0.0692235
internal_weight=0 0.576515 0.221281 0.140631 0.355233 0.211786
internal_count=35 31 15 12 16 10
is_linear=0
shrinkage=0.1


Tree=91
num_leaves=6
num_cat=0
split_feature=7 10 12 0 12
split_gain=0.037374 0.0556856 0.0503564 0.0794551 0.0884695
threshold=30.500000000000004 382.33333333333036 0.55000000000000004 4.75 4.8000000000000034
decision_type=2 2 2 2 2
left_child=1 -1 -3 4 -4
right_child=-2 2 3 -5 -6
leaf_value=0.056393807277075485 -0.039983089165764679 -0.061879266233698473 0.10440898953786815 -0.057435962241028919 -0.031265062821268771
leaf_weight=0.19397398887667805 0.17833369225263596 0.12407949194312096 0.12079952459316701 0.10353289218619466 0.079818825237452984
leaf_count=9 5 3 9 6 3
internal_value=0 0.0119438 -0.00819055 0.0137119 0.0504292
internal_weight=0 0.622205 0.428231 0.304151 0.200618
internal_count=35 30 21 18 12
is_linear=0
shrinkage=0.1


Tree=92
num_leaves=5
num_cat=0
split_feature=3 3 0 7
split_gain=0.0346599 0.0680723 0.02179 0.0487477
threshold=772.66666666666754 1234.3333333333323 1.8000000000000005 9.5000000000000018
decision_type=2 2 2 2
left_child=2 -2 -1 -4
right_child=1 -3 3 -5
leaf_value=0.00044556949721214281 -0.006129974506751382 0.10470772906594548 0.016963052416230435 -0.08846332361224804
leaf_weight=0.34883490670472383 0.16432698350399733 0.083601074817124754 0.077731447177939117 0.1006469838321209
leaf_count=9 8 6 7 5
internal_value=0 0.0312444 -0.0140922 -0.042522
internal_weight=0 0.247928 0.527213 0.178378
internal_count=35 14 21 12
is_linear=0
shrinkage=0.1


Tree=93
num_leaves=5
num_cat=0
split_feature=7 10 5 3
split_gain=0.0374132 0.0503635 0.0794541 0.03183
threshold=30.500000000000004 382.33333333333036 151.66129898013955 772.66666666666754
decision_type=2 2 2 2
left_child=1 -1 -3 -4
right_child=-2 2 3 -5
leaf_value=0.055409876485696577 -0.040844634568741593 0.10218625020611881 -0.047414542990161151 0.016243059023658114
leaf_weight=0.18580255983397365 0.17067134007811546 0.056770096067339182 0.22733231040183455 0.12001652800245211
leaf_count=9 5 4 8 9
internal_value=0 0.0123186 -0.00749358 -0.0254195
internal_weight=0 0.589921 0.404119 0.347349
internal_count=35 30 21 17
is_linear=0
shrinkage=0.1


Tree=94
num_leaves=9
num_cat=0
split_feature=7 12 7 10 5 5 7 3
split_gain=0.0309265 0.0463561 0.11498 0.0796882 0.0838011 0.0511718 0.0438658 0.000204918
threshold=30.500000000000004 2.7499999999999996 15.500000000000002 382.33333333333036 928.86904761904782 213.33646616541344 18.500000000000004 765.00000000000193
decision_type=2 2 2 2 2 2 2 2
left_child=1 3 5 -1 6 7 -5 -3
right_child=-2 2 -4 4 -6 -7 -8 -9
leaf_value=0.10823244698007731 -0.037326334707340723 0.090622743537970632 -0.10543242236272572 -0.0033788326003021205 -0.061154526798678978 -0.040823961296551969 0.10521529455512756 0.10149205854978788
leaf_weight=0.10166528634727001 0.16821870021522045 0.034110998502001166 0.097656872123479843 0.071498308330774307 0.11270746961236 0.044933587312698364 0.07753621437586844 0.035289155319333076
leaf_count=2 5 7 2 5 3 2 6 3
internal_value=0 0.0114174 -0.0257453 0.033096 0.00391165 0.0423185 0.053118 0.0961497
internal_weight=0 0.575398 0.211991 0.363407 0.261742 0.114334 0.149035 0.0694002
internal_count=35 30 14 16 14 12 11 10
is_linear=0
shrinkage=0.1


Tree=95
num_leaves=5
num_cat=0
split_feature=3 3 7 10
split_gain=0.0365647 0.0615056 0.0225182 0.0574546
threshold=772.66666666666754 1234.3333333333323 27.500000000000004 382.33333333333036
decision_type=2 2 2 2
left_child=2 -2 3 -1
right_child=1 -3 -4 -5
leaf_value=0.044504505137752982 -0.0038793911668061226 0.10469873323314978 -0.057637264976097016 -0.035774301322465694
leaf_weight=0.14687182358466089 0.15409461362287402 0.078875640989281237 0.10006333095952868 0.22684265673160553
leaf_count=8 8 6 4 9
internal_value=0 0.0328814 -0.0155053 -0.00422429
internal_weight=0 0.23297 0.473778 0.373714
internal_count=35 14 21 17
is_linear=0
shrinkage=0.1


Tree=96
num_leaves=5
num_cat=0
split_feature=3 5 0 7
split_gain=0.0306673 0.0235004 0.0222297 0.0403523
threshold=772.66666666666754 822.11111111111188 1.8000000000000005 12.500000000000002
decision_type=2 2 2 2
left_child=2 -2 -1 -4
right_child=1 -3 3 -5
leaf_value=0.0012847620533743822 0.0012135704539728942 0.066001738780686658 -0.0011174511100480141 -0.10395523356747827
leaf_weight=0.31043269019573927 0.1229780544526875 0.10277589235920459 0.089441278367303312 0.066543807159177959
leaf_count=9 8 6 9 3
internal_value=0 0.0307088 -0.0141905 -0.0449884
internal_weight=0 0.225754 0.466418 0.155985
internal_count=35 14 21 12
is_linear=0
shrinkage=0.1


Tree=97
num_leaves=7
num_cat=0
split_feature=7 5 5 7 12 5
split_gain=0.0329105 0.0441754 0.0419473 0.0809347 0.0691256 0.0405974
threshold=30.500000000000004 1.0000000180025095e-35 269.05128205128187 15.500000000000002 3.9000000000000012 1183.6507936507917
decision_type=2 2 2 2 2 2
left_child=1 -1 3 4 -3 -4
right_child=-2 2 5 -5 -6 -7
leaf_value=0.10220911171295749 -0.040012844601472322 -0.050725308350373116 0.072984746438025133 -0.10475645566066427 0.10117092825869661 -0.0051200476350606542
leaf_weight=0.049534664954990149 0.15565786976367235 0.062434762017801404 0.11786353579373099 0.086410388350486755 0.057600819622166455 0.15285596996545792
leaf_count=3 5 4 9 2 9 3
internal_value=0 0.0123238 0.00299282 -0.0309599 0.0221643 0.0288845
internal_weight=0 0.5267 0.477165 0.206446 0.120036 0.27072
internal_count=35 30 27 15 13 12
is_linear=0
shrinkage=0.1


Tree=98
num_leaves=7
num_cat=0
split_feature=5 10 12 10 0 7
split_gain=0.0284567 0.0660301 0.0349723 0.0476605 0.045516 0.0560583
threshold=1183.6507936507917 624.16666666666617 0.90000000000000002 609.00000000000011 1.8000000000000005 9.5000000000000018
decision_type=2 2 2 2 2 2
left_child=1 2 -1 4 -4 -6
right_child=-2 -3 3 -5 5 -7
leaf_value=0.056415407118702347 -0.030473456273863376 0.10414349869283548 0.066873929913665628 -0.094241836561941794 0.031421062661012474 -0.086939302787268205
leaf_weight=0.080995606258511543 0.20519047230482101 0.069432901334948838 0.075925376586383209 0.063911127625033259 0.080880134366452694 0.079199043102562428
leaf_count=4 4 5 5 3 9 5
internal_value=0 0.0144568 -0.00189137 -0.0176378 0.00310697 -0.0271376
internal_weight=0 0.450344 0.380911 0.299916 0.236005 0.160079
internal_count=35 31 26 22 19 14
is_linear=0
shrinkage=0.1


Tree=99
num_leaves=6
num_cat=0
split_feature=7 10 5 0 3
split_gain=0.0320341 0.047047 0.0953762 0.0713763 0.0555269
threshold=30.500000000000004 382.33333333333036 1183.6507936507917 4.75 866.83333333333405
decision_type=2 2 2 2 2
left_child=1 -1 3 4 -3
right_child=-2 2 -4 -5 -6
leaf_value=0.058807420076579534 -0.040355366867174454 0.10350796893259065 -0.10429219479904948 -0.05711681719161487 -0.012150978197006342
leaf_weight=0.15239631291478872 0.1479099104180932 0.10451141349039972 0.078901574015617371 0.07898814813233912 0.068857892067171633
leaf_count=9 5 6 2 6 7
internal_value=0 0.0128247 -0.00832972 0.0216737 0.0575712
internal_weight=0 0.483655 0.331259 0.252357 0.173369
internal_count=35 30 21 19 13
is_linear=0
shrinkage=0.1


end of trees

feature_importances:
taskNum=156
s_scroll_speed=85
response_time=77
scroll_time=76
scroll_length=49
s_view_position=43
event_scroll=9

parameters:
[boosting: gbdt]
[objective: binary]
[metric: binary_error]
[tree_learner: serial]
[device_type: cpu]
[data_sample_strategy: bagging]
[data: ]
[valid: ]
[num_iterations: 100]
[learning_rate: 0.1]
[num_leaves: 31]
[num_threads: 0]
[seed: 0]
[deterministic: 0]
[force_col_wise: 0]
[force_row_wise: 0]
[histogram_pool_size: -1]
[max_depth: -1]
[min_data_in_leaf: 5]
[min_sum_hessian_in_leaf: 0.001]
[bagging_fraction: 1]
[pos_bagging_fraction: 1]
[neg_bagging_fraction: 1]
[bagging_freq: 0]
[bagging_seed: 3]
[feature_fraction: 1]
[feature_fraction_bynode: 1]
[feature_fraction_seed: 2]
[extra_trees: 0]
[extra_seed: 6]
[early_stopping_round: 0]
[first_metric_only: 0]
[max_delta_step: 0]
[lambda_l1: 0]
[lambda_l2: 0]
[linear_lambda: 0]
[min_gain_to_split: 0]
[drop_rate: 0.1]
[max_drop: 50]
[skip_drop: 0.5]
[xgboost_dart_mode: 0]
[uniform_drop: 0]
[drop_seed: 4]
[top_rate: 0.2]
[other_rate: 0.1]
[min_data_per_group: 100]
[max_cat_threshold: 32]
[cat_l2: 10]
[cat_smooth: 10]
[max_cat_to_onehot: 4]
[top_k: 20]
[monotone_constraints: ]
[monotone_constraints_method: basic]
[monotone_penalty: 0]
[feature_contri: ]
[forcedsplits_filename: ]
[refit_decay_rate: 0.9]
[cegb_tradeoff: 1]
[cegb_penalty_split: 0]
[cegb_penalty_feature_lazy: ]
[cegb_penalty_feature_coupled: ]
[path_smooth: 0]
[interaction_constraints: ]
[verbosity: -1]
[saved_feature_importance_type: 0]
[use_quantized_grad: 0]
[num_grad_quant_bins: 4]
[quant_train_renew_leaf: 0]
[stochastic_rounding: 1]
[linear_tree: 0]
[max_bin: 255]
[max_bin_by_feature: ]
[min_data_in_bin: 3]
[bin_construct_sample_cnt: 200000]
[data_random_seed: 1]
[is_enable_sparse: 1]
[enable_bundle: 1]
[use_missing: 1]
[zero_as_missing: 0]
[feature_pre_filter: 0]
[pre_partition: 0]
[two_round: 0]
[header: 0]
[label_column: ]
[weight_column: ]
[group_column: ]
[ignore_column: ]
[categorical_feature: ]
[forcedbins_filename: ]
[precise_float_parser: 0]
[parser_config_file: ]
[objective_seed: 5]
[num_class: 1]
[is_unbalance: 0]
[scale_pos_weight: 1]
[sigmoid: 1]
[boost_from_average: 1]
[reg_sqrt: 0]
[alpha: 0.9]
[fair_c: 1]
[poisson_max_delta_step: 0.7]
[tweedie_variance_power: 1.5]
[lambdarank_truncation_level: 30]
[lambdarank_norm: 1]
[label_gain: ]
[lambdarank_position_bias_regularization: 0]
[eval_at: ]
[multi_error_top_k: 1]
[auc_mu_weights: ]
[num_machines: 1]
[local_listen_port: 12400]
[time_out: 120]
[machine_list_filename: ]
[machines: ]
[gpu_platform_id: -1]
[gpu_device_id: -1]
[gpu_use_dp: 0]
[num_gpu: 1]

end of parameters

pandas_categorical:[]
