tree
version=v4
num_class=1
num_tree_per_iteration=1
label_index=0
max_feature_idx=15
objective=binary sigmoid:1
feature_names=ratio_tap_position_y screen_height tap_position_x tap_position_y predicted_isAnswerCorrect s_tap_count scroll_time s_view_position response_time taskNum screen_width ratio_tap_position_x s_choice_left event_scroll s_scroll_speed scroll_length
feature_infos=none [844:844] none none [0:1] [1:1] [-0.5:18.799999999999962] [-343.99999999999989:1145.6666666666642] [0:10.399999999999981] [1:139] [390:390] none [0:1] [0:6] [-3503.3333333333576:6900.0000000000018] [0:14300.666666666672]
tree_sizes=725 749 729 648 647 647 650 645 654 647 651 650 758 650 754 634 655 646 646 650 754 651 656 651 752 756 653 655 651 650 651 649 756 649 756 647 650 657 653 654 753 755 661 653 654 647 653 650 651 550 650 657 656 653 753 651 651 655 643 552 760 650 652 659 656 653 654 653 652 649 754 652 646 650 653 550 649 650 651 650 652 752 657 752 552 649 653 651 649 640 653 756 653 648 647 656 652 650 651 648

Tree=0
num_leaves=6
num_cat=0
split_feature=4 9 6 6 6
split_gain=50.9995 3.25607 1.49915 1.55998 1.08034
threshold=1.0000000180025095e-35 96.500000000000014 1.25 0.40000000000000013 2.7499999999999996
decision_type=2 2 2 2 2
left_child=-1 2 3 -2 -4
right_child=1 -3 4 -5 -6
leaf_value=0.24735671339511694 0.56766506548832996 0.6317267359069727 0.6134234015016462 0.48874851497261085 0.54631117534878249
leaf_weight=5.8537341654300681 4.6829873323440605 7.0244809985160819 4.9171366989612562 5.3854354321956635 4.6829873323440552
leaf_count=25 20 30 21 23 20
internal_value=0.514664 0.573285 0.552412 0.525454 0.580686
internal_weight=0 26.693 19.6685 10.0684 9.60012
internal_count=139 114 84 43 41
is_linear=0
shrinkage=1


Tree=1
num_leaves=6
num_cat=0
split_feature=9 9 8 6 8
split_gain=1.66081 2.43065 6.20853 2.31223 0.899975
threshold=30.500000000000004 72.500000000000014 0.15000000000000005 0.55000000000000004 1.3500000000000003
decision_type=2 2 2 2 2
left_child=-1 4 3 -3 -2
right_child=1 2 -4 -5 -6
leaf_value=0.043468430521613782 -0.080657809209622344 -0.077474105418421479 0.10084412163892627 0.017444851647637618 -0.02024151971081322
leaf_weight=6.9666213095188132 4.9377570599317568 5.3989945948123914 5.3025007992982855 4.8916313052177429 4.9246570467948914
leaf_count=30 21 23 23 21 21
internal_value=0 -0.0116349 0.0129402 -0.0323545 -0.0504898
internal_weight=0 25.4555 15.5931 10.2906 9.86241
internal_count=139 109 67 44 42
is_linear=0
shrinkage=0.1


Tree=2
num_leaves=6
num_cat=0
split_feature=4 9 6 6 6
split_gain=38.4974 2.7004 1.18815 1.28478 1.00585
threshold=1.0000000180025095e-35 96.500000000000014 1.25 0.40000000000000013 2.7499999999999996
decision_type=2 2 2 2 2
left_child=-1 2 3 -2 -4
right_child=1 -3 4 -5 -6
leaf_value=-0.22443235904945968 0.049096411316364101 0.1077062642739559 0.091917689041879816 -0.022671934205077043 0.026493094737296077
leaf_weight=6.1721520125865927 4.6206134259700828 6.7451086044311515 4.7896586507558805 5.4206544905900955 4.613277941942215
leaf_count=25 20 30 21 23 20
internal_value=0 0.0531867 0.0342741 0.0103532 0.059819
internal_weight=0 26.1893 19.4442 10.0413 9.40294
internal_count=139 114 84 43 41
is_linear=0
shrinkage=0.1


Tree=3
num_leaves=5
num_cat=0
split_feature=15 7 7 15
split_gain=2.98953 3.99589 1.79844 1.43182
threshold=832.3333333333386 348.83333333333337 466.00000000000006 699.33333333333223
decision_type=2 2 2 2
left_child=1 -1 3 -3
right_child=-2 2 -4 -5
leaf_value=0.046657772246369827 0.071888977600937376 -0.092354189567297407 0.0041095682331057761 -0.024187917943101885
leaf_weight=7.9830977320671144 4.9355842173099509 6.5363081246614474 6.7011818736791602 5.8297209590673447
leaf_count=35 22 28 29 25
internal_value=0 -0.0127411 -0.0376104 -0.0602185
internal_weight=0 27.0503 19.0672 12.366
internal_count=139 117 82 53
is_linear=0
shrinkage=0.1


Tree=4
num_leaves=5
num_cat=0
split_feature=7 6 6 7
split_gain=1.86756 2.42161 2.65455 0.930834
threshold=348.83333333333337 2.4000000000000008 1.0500000000000003 466.00000000000006
decision_type=2 2 2 2
left_child=-1 2 3 -2
right_child=1 -3 -4 -5
leaf_value=0.04257125760869649 -0.047931433622525971 -0.072630696077671628 0.062880385628127936 0.0050498769905336681
leaf_weight=7.8800621479749706 6.3949052840471321 5.3803645223379126 5.366258665919303 6.8877618461847305
leaf_count=35 27 23 24 30
internal_value=0 -0.0135286 0.00352287 -0.0204578
internal_weight=0 24.0293 18.6489 13.2827
internal_count=139 104 81 57
is_linear=0
shrinkage=0.1


Tree=5
num_leaves=5
num_cat=0
split_feature=15 15 9 6
split_gain=2.35763 1.0448 1.66811 1.8876
threshold=832.3333333333386 730.3333333333286 105.50000000000001 0.55000000000000004
decision_type=2 2 2 2
left_child=1 2 3 -1
right_child=-2 -3 -4 -5
leaf_value=0.071091848464209503 0.06502232384360504 -0.048298910969560432 -0.037686707831089211 -0.0073050090279719428
leaf_weight=4.7713710814714529 4.7853227704763404 5.9089840352535239 7.7405242770910254 8.6193284988403303
leaf_count=21 22 25 34 37
internal_value=0 -0.0111268 -0.00073226 0.0206293
internal_weight=0 27.0402 21.1312 13.3907
internal_count=139 117 92 58
is_linear=0
shrinkage=0.1


Tree=6
num_leaves=5
num_cat=0
split_feature=15 15 9 8
split_gain=1.95172 0.837387 1.34801 1.5928
threshold=832.3333333333386 730.3333333333286 105.50000000000001 1.0500000000000003
decision_type=2 2 2 2
left_child=1 2 3 -1
right_child=-2 -3 -4 -5
leaf_value=0.049402417850386376 0.059996672011838607 -0.043090329044509997 -0.033638231067838441 -0.020310970633996256
leaf_weight=7.4466314017772763 4.6735544949769965 5.9581053406000128 7.8014585226774207 5.8537336438894272
leaf_count=33 22 25 34 25
internal_value=0 -0.00998441 -0.000636944 0.0187203
internal_weight=0 27.0599 21.1018 13.3004
internal_count=139 117 92 58
is_linear=0
shrinkage=0.1


Tree=7
num_leaves=5
num_cat=0
split_feature=7 8 9 9
split_gain=1.55011 2.12314 3.65587 2.30879
threshold=348.83333333333337 0.15000000000000005 72.500000000000014 45.500000000000007
decision_type=2 2 2 2
left_child=-1 -2 3 -3
right_child=1 2 -4 -5
leaf_value=0.039120643925483027 -0.068697874711823925 0.01073411290601123 0.082316291175005885 -0.072083604310171689
leaf_weight=7.7665064632892635 5.217986166477206 8.6755513697862643 4.4703146964311591 5.5003823935985556
leaf_count=35 22 38 21 23
internal_value=0 -0.0123133 0.0034654 -0.0213999
internal_weight=0 23.8642 18.6462 14.1759
internal_count=139 104 82 61
is_linear=0
shrinkage=0.1


Tree=8
num_leaves=5
num_cat=0
split_feature=15 15 6 6
split_gain=1.45812 0.63759 1.57984 1.41549
threshold=832.3333333333386 730.3333333333286 1.0000000180025095e-35 0.75000000000000011
decision_type=2 2 2 2
left_child=1 2 -1 -4
right_child=-2 -3 3 -5
leaf_value=-0.035594649455999085 0.053020186034679485 -0.037234730848861287 0.063259204886000925 -0.0045830258548350431
leaf_weight=7.8894879668951132 4.4992076605558387 5.9945697784423819 4.9448521286249152 8.134866386651991
leaf_count=35 22 25 22 35
internal_value=0 -0.0084745 -0.000252678 0.0210651
internal_weight=0 26.9638 20.9692 13.0797
internal_count=139 117 92 57
is_linear=0
shrinkage=0.1


Tree=9
num_leaves=5
num_cat=0
split_feature=9 9 8 6
split_gain=1.217 1.18373 2.75052 1.92588
threshold=30.500000000000004 63.500000000000007 0.25000000000000006 0.55000000000000004
decision_type=2 2 2 2
left_child=-1 -2 3 -3
right_child=1 2 -4 -5
leaf_value=0.037942153983745772 -0.042459650914382495 -0.063576974032693467 0.062838360007687138 0.018594810707954084
leaf_weight=6.746169492602351 7.7144154906272915 5.8053285032510775 5.5083930641412726 5.6070387661457062
leaf_count=30 33 25 26 25
internal_value=0 -0.00999532 0.00480563 -0.0232049
internal_weight=0 24.6352 16.9208 11.4124
internal_count=139 109 76 50
is_linear=0
shrinkage=0.1


Tree=10
num_leaves=5
num_cat=0
split_feature=4 9 6 13
split_gain=26.53 2.22128 1.13874 0.93563
threshold=1.0000000180025095e-35 96.500000000000014 1.5000000000000002 1.0000000180025095e-35
decision_type=2 2 2 2
left_child=-1 2 3 -2
right_child=1 -3 -4 -5
leaf_value=-0.18564794100844004 0.037756588445550049 0.097421318576223936 0.056740303200642522 -0.02163619034112918
leaf_weight=6.1605343818664577 5.1445889770984703 6.2830727547407141 8.2020230740308744 5.4752544462680817
leaf_count=25 23 30 37 24
internal_value=0 0.0459379 0.0287519 0.00713556
internal_weight=0 25.1049 18.8219 10.6198
internal_count=139 114 84 47
is_linear=0
shrinkage=0.1


Tree=11
num_leaves=5
num_cat=0
split_feature=4 9 9 14
split_gain=22.0342 2.0506 0.83318 1.73129
threshold=1.0000000180025095e-35 36.500000000000007 96.500000000000014 135.79242636746184
decision_type=2 2 2 2
left_child=-1 -2 3 -3
right_child=1 2 -4 -5
leaf_value=-0.17132748224077526 -0.00051667417480605446 0.0034594863377810665 0.091392969440302285 0.083237551555196451
leaf_weight=6.014926269650462 7.7430153638124493 5.2123158276081103 6.0405575037002555 5.6894189864397049
leaf_count=25 35 23 30 26
internal_value=0 0.0421169 0.0616014 0.0450942
internal_weight=0 24.6853 16.9423 10.9017
internal_count=139 114 79 49
is_linear=0
shrinkage=0.1


Tree=12
num_leaves=6
num_cat=0
split_feature=8 8 8 13 6
split_gain=1.01622 1.92694 1.40899 1.66425 0.876796
threshold=2.6500000000000017 1.0500000000000003 0.15000000000000005 1.0000000180025095e-35 0.55000000000000004
decision_type=2 2 2 2 2
left_child=1 2 4 -4 -1
right_child=-2 -3 3 -5 -6
leaf_value=-0.048270167911529972 0.042903076972778037 -0.062052940793737243 0.078321353901315227 -0.0026505554056343084 0.011699651795655207
leaf_weight=5.3279432356357663 4.715404972434043 5.1811371296644202 4.4395665824413282 5.9272617399692535 4.4947195649147034
leaf_count=24 21 23 23 27 21
internal_value=0 -0.00765044 0.00631062 0.0320254 -0.0208288
internal_weight=0 25.3706 20.1895 10.3668 9.82266
internal_count=139 118 95 50 45
is_linear=0
shrinkage=0.1


Tree=13
num_leaves=5
num_cat=0
split_feature=4 9 9 14
split_gain=18.2545 1.77578 0.71312 1.39622
threshold=1.0000000180025095e-35 36.500000000000007 96.500000000000014 135.79242636746184
decision_type=2 2 2 2
left_child=-1 -2 3 -3
right_child=1 2 -4 -5
leaf_value=-0.15971951435634738 -0.0012076221984794056 0.0045910072914359069 0.085342181279339888 0.076770991426826141
leaf_weight=5.7598268091678646 7.7208510637283352 5.2146266251802462 5.7456767112016669 5.5133404284715652
leaf_count=25 35 23 30 26
internal_value=0 0.0383653 0.0569123 0.0416859
internal_weight=0 24.1945 16.4736 10.728
internal_count=139 114 79 49
is_linear=0
shrinkage=0.1


Tree=14
num_leaves=6
num_cat=0
split_feature=9 9 8 8 9
split_gain=0.915043 0.758844 2.36358 1.20538 0.0521407
threshold=30.500000000000004 72.500000000000014 0.15000000000000005 1.3500000000000003 117.50000000000001
decision_type=2 2 2 2 2
left_child=-1 3 4 -2 -3
right_child=1 2 -4 -5 -6
leaf_value=0.033105951367241329 -0.066604152525813975 -0.01524660348178959 0.069381185285410985 0.0054571941665378081 -0.030307357286293069
leaf_weight=6.5706575512886074 4.7306006997823733 5.2976118922233564 4.0857020318508139 4.5575844943523407 4.0606919676065445
leaf_count=30 21 24 23 21 20
internal_value=0 -0.00926328 0.00592319 -0.0312446 -0.0217817
internal_weight=0 22.7322 13.444 9.28819 9.3583
internal_count=139 109 67 42 44
is_linear=0
shrinkage=0.1


Tree=15
num_leaves=5
num_cat=0
split_feature=7 6 8 6
split_gain=1.14965 1.5922 1.75722 0.679186
threshold=348.83333333333337 2.4000000000000008 0.15000000000000005 1.25
decision_type=2 2 2 2
left_child=-1 2 -2 -4
right_child=1 -3 3 -5
leaf_value=0.035015927603711049 -0.047335541072447702 -0.060666607112285366 0.0070393436989417985 0.057135690210364055
leaf_weight=7.1699402034282711 4.8562377393245759 5.0048871934413901 8.0706248134374601 4.0716383010148993
leaf_count=35 22 23 38 21
internal_value=0 -0.0110917 0.00350473 0.023838
internal_weight=0 22.0034 16.9985 12.1423
internal_count=139 104 81 59
is_linear=0
shrinkage=0.1


Tree=16
num_leaves=5
num_cat=0
split_feature=4 13 8 8
split_gain=15.0288 0.70764 0.728412 0.561807
threshold=1.0000000180025095e-35 1.0000000180025095e-35 0.15000000000000005 1.3500000000000003
decision_type=2 2 2 2
left_child=-1 2 -2 -3
right_child=1 3 -4 -5
leaf_value=-0.15003999022330006 0.033190715250039658 -0.0027249722952686567 0.085990936964664089 0.039728750134251707
leaf_weight=5.4139651805162456 6.9674852937459963 6.2890582829713804 4.1804672330617905 6.1804344952106476
leaf_count=25 33 29 24 28
internal_value=0 0.0346837 0.0529907 0.018317
internal_weight=0 23.6174 11.148 12.4695
internal_count=139 114 57 57
is_linear=0
shrinkage=0.1


Tree=17
num_leaves=5
num_cat=0
split_feature=7 6 7 7
split_gain=0.898031 1.26791 1.45396 2.52512
threshold=348.83333333333337 2.4000000000000008 637.83333333333042 446.00000000000006
decision_type=2 2 2 2
left_child=-1 2 3 -2
right_child=1 -3 -4 -5
leaf_value=0.03142427445590109 -0.012332748502227094 -0.05449090291141228 -0.0497056694006403 0.082128589705148802
leaf_weight=6.9474957138299969 8.2880752533674293 4.9226940721273413 3.9375907927751532 4.2971624284982672
leaf_count=35 39 23 20 22
internal_value=0 -0.00994415 0.00332779 0.0199206
internal_weight=0 21.4455 16.5228 12.5852
internal_count=139 104 81 61
is_linear=0
shrinkage=0.1


Tree=18
num_leaves=5
num_cat=0
split_feature=4 7 7 15
split_gain=12.654 1.41074 1.439 2.0083
threshold=1.0000000180025095e-35 446.00000000000006 348.83333333333337 699.33333333333223
decision_type=2 2 2 2
left_child=-1 2 -2 -4
right_child=1 -3 3 -5
leaf_value=-0.14259459311312336 0.054031605095389783 0.068836096915633457 -0.056783382443006486 0.032630203727146652
leaf_weight=5.0900708734989193 6.0019706487655702 7.0508620440959922 4.5801475942134839 5.5631598085165024
leaf_count=25 31 37 20 26
internal_value=0 0.0315182 0.015221 -0.00774395
internal_weight=0 23.1961 16.1453 10.1433
internal_count=139 114 77 46
is_linear=0
shrinkage=0.1


Tree=19
num_leaves=5
num_cat=0
split_feature=4 14 7 7
split_gain=10.8874 1.23767 2.1513 0.958552
threshold=1.0000000180025095e-35 781.33333333333405 446.00000000000006 348.83333333333337
decision_type=2 2 2 2
left_child=-1 2 3 -2
right_child=1 -3 -4 -5
leaf_value=-0.13706410919266868 0.049950369032315478 -0.016122093383351573 0.097522664854020183 -0.0044233193536258241
leaf_weight=4.7817728817462948 5.8512563556432777 4.8217410519719115 4.891537368297576 7.2711193710565567
leaf_count=25 31 25 26 32
internal_value=0 0.0288763 0.0409209 0.0198219
internal_weight=0 22.8357 18.0139 13.1224
internal_count=139 114 89 63
is_linear=0
shrinkage=0.1


Tree=20
num_leaves=6
num_cat=0
split_feature=8 8 8 9 6
split_gain=1.01269 1.11124 0.806696 2.53187 0.611573
threshold=2.6500000000000017 1.0500000000000003 0.25000000000000006 36.500000000000007 0.55000000000000004
decision_type=2 2 2 2 2
left_child=1 2 4 -4 -1
right_child=-2 -3 3 -5 -6
leaf_value=-0.040663309244030076 0.044222065277071891 -0.051595932103783951 -0.036936414500140645 0.074498130579588248 0.0098471239815476966
leaf_weight=5.0599369853735059 4.3625129014253607 4.7142132371664038 3.6195206642150861 4.6690904572606087 4.554974153637886
leaf_count=26 21 23 17 27 25
internal_value=0 -0.00839997 0.00297405 0.0258362 -0.0167345
internal_weight=0 22.6177 17.9035 8.28861 9.61491
internal_count=139 118 95 44 51
is_linear=0
shrinkage=0.1


Tree=21
num_leaves=5
num_cat=0
split_feature=8 8 8 7
split_gain=0.828236 0.895167 1.35225 0.475175
threshold=2.6500000000000017 1.0500000000000003 0.55000000000000016 399.00000000000369
decision_type=2 2 2 2
left_child=1 2 3 -1
right_child=-2 -3 -4 -5
leaf_value=0.0054867006404132985 0.040274808352459779 -0.046173737769511287 0.057119664781376006 -0.031287371194708598
leaf_weight=7.7286347597837537 4.313725769519805 4.739575430750846 3.6372460424900046 6.4429799094796181
leaf_count=41 21 23 18 36
internal_value=0 -0.00755107 0.0027278 -0.0112323
internal_weight=0 22.5484 17.8089 14.1716
internal_count=139 118 95 77
is_linear=0
shrinkage=0.1


Tree=22
num_leaves=5
num_cat=0
split_feature=4 13 8 8
split_gain=9.1719 0.391781 0.722177 0.534765
threshold=1.0000000180025095e-35 1.0000000180025095e-35 0.15000000000000005 1.3500000000000003
decision_type=2 2 2 2
left_child=-1 2 -2 -3
right_child=1 3 -4 -5
leaf_value=-0.13182778497066835 0.020436373035015064 -0.0067711877917504548 0.075610254196552526 0.035226500467658399
leaf_weight=4.4019252210855511 6.5395792573690432 6.1584634929895383 3.722871720790863 5.9719237387180328
leaf_count=25 33 29 24 28
internal_value=0 0.0260709 0.0404516 0.0139047
internal_weight=0 22.3928 10.2625 12.1304
internal_count=139 114 57 57
is_linear=0
shrinkage=0.1


Tree=23
num_leaves=5
num_cat=0
split_feature=4 7 7 8
split_gain=7.96193 1.0815 1.05759 0.252118
threshold=1.0000000180025095e-35 446.00000000000006 348.83333333333337 0.65000000000000002
decision_type=2 2 2 2
left_child=-1 2 -2 -4
right_child=1 -3 3 -5
leaf_value=-0.12798786088829353 0.044238517180712429 0.058065939973775217 -0.028250521614453489 0.003818633340465066
leaf_weight=4.096307352185252 5.6191206276416805 6.5001351907849303 4.3030231520533544 5.6972819864749908
leaf_count=25 31 37 21 25
internal_value=0 0.0237894 0.00952498 -0.00998038
internal_weight=0 22.1196 15.6194 10.0003
internal_count=139 114 77 46
is_linear=0
shrinkage=0.1


Tree=24
num_leaves=6
num_cat=0
split_feature=4 14 7 15 6
split_gain=6.9386 1.04732 1.84504 0.738202 0.911831
threshold=1.0000000180025095e-35 781.33333333333405 446.00000000000006 491.66666666666703 0.55000000000000004
decision_type=2 2 2 2 2
left_child=-1 2 3 4 -2
right_child=1 -3 -4 -5 -6
leaf_value=-0.12469854886683561 -0.040443289249570968 -0.020143460192172519 0.088425904886172246 0.045319924586400329 0.027149712554930164
leaf_weight=3.7991886436939266 3.7759006023407036 4.690310262143611 4.4697711467742911 4.6663522273302069 4.233308732509613
leaf_count=25 19 25 26 22 22
internal_value=0 0.021729 0.0331837 0.0137037 -0.00471666
internal_weight=0 21.8356 17.1453 12.6756 8.00921
internal_count=139 114 89 63 41
is_linear=0
shrinkage=0.1


Tree=25
num_leaves=6
num_cat=0
split_feature=7 15 9 7 7
split_gain=0.601177 0.648945 0.674293 0.622664 0.404161
threshold=609.00000000000011 771.16666666667118 72.500000000000014 350.33333333333945 357.33333333333218
decision_type=2 2 2 2 2
left_child=1 2 4 -4 -1
right_child=-2 -3 3 -5 -6
leaf_value=0.0027678700967686521 -0.031120832569959442 0.043782843064341832 -0.0058626810411729416 0.050207674004586249 -0.041929734866513496
leaf_weight=3.7296089082956403 4.976007640361785 3.9946097433567038 4.397532254457472 3.6034900844097137 4.4208218306303024
leaf_count=20 31 22 25 21 20
internal_value=0 0.00769362 -0.00123204 0.0193902 -0.0214763
internal_weight=0 20.1461 16.1515 8.00102 8.15043
internal_count=139 108 86 46 40
is_linear=0
shrinkage=0.1


Tree=26
num_leaves=5
num_cat=0
split_feature=8 8 8 8
split_gain=0.62271 0.783954 1.09235 0.0757363
threshold=2.6500000000000017 1.0500000000000003 0.55000000000000016 0.35000000000000009
decision_type=2 2 2 2
left_child=1 2 3 -1
right_child=-2 -3 -4 -5
leaf_value=-0.0051362968174810562 0.03615456840959768 -0.044170985225072734 0.053020199926562643 -0.021767253899267851
leaf_weight=9.3151604905724614 4.007875367999076 4.4420686066150656 3.4713609442114821 3.8782580867409697
leaf_count=55 21 23 18 22
internal_value=0 -0.00684246 0.00310762 -0.010025
internal_weight=0 21.1068 16.6648 13.1934
internal_count=139 118 95 77
is_linear=0
shrinkage=0.1


Tree=27
num_leaves=5
num_cat=0
split_feature=8 8 8 6
split_gain=0.509301 0.631584 0.89995 0.603493
threshold=2.6500000000000017 1.0500000000000003 0.55000000000000016 0.75000000000000011
decision_type=2 2 2 2
left_child=1 2 3 -1
right_child=-2 -3 -4 -5
leaf_value=0.0050410967890362627 0.032920300953058416 -0.039545911940649998 0.048618527713946785 -0.04148273506395736
leaf_weight=9.2451298609376042 3.9638755619525901 4.4641758203506461 3.4103833287954322 3.9921495839953414
leaf_count=55 21 23 18 22
internal_value=0 -0.00614498 0.00281169 -0.00898974
internal_weight=0 21.1118 16.6477 13.2373
internal_count=139 118 95 77
is_linear=0
shrinkage=0.1


Tree=28
num_leaves=5
num_cat=0
split_feature=7 6 8 6
split_gain=0.52365 1.08495 1.00564 0.433716
threshold=348.83333333333337 2.4000000000000008 0.65000000000000002 0.40000000000000013
decision_type=2 2 2 2
left_child=-1 2 3 -2
right_child=1 -3 -4 -5
leaf_value=0.025521579038598731 0.012839157985714559 -0.052260941245241867 0.041852301977565544 -0.030474455628192534
leaf_weight=6.101272955536845 3.7683565542101878 4.3100137040019026 4.8858357518911353 5.9812575057148933
leaf_count=35 22 23 25 34
internal_value=0 -0.00816316 0.00482325 -0.0137332
internal_weight=0 18.9455 14.6354 9.74961
internal_count=139 104 81 56
is_linear=0
shrinkage=0.1


Tree=29
num_leaves=5
num_cat=0
split_feature=7 9 14 7
split_gain=0.450597 0.702609 0.988003 0.852505
threshold=609.00000000000011 36.500000000000007 135.79242636746184 386.33333333333377
decision_type=2 2 2 2
left_child=1 -1 3 -3
right_child=-2 2 -4 -5
leaf_value=-0.022112321396208348 -0.02680809369972913 -0.022076189575984822 0.056495577683522848 0.040912693931446441
leaf_weight=5.9280489534139695 4.9968333914875975 6.0658306106924993 4.67517515271902 3.3272680714726448
leaf_count=28 31 34 27 19
internal_value=0 0.00676429 0.0189322 0.000236032
internal_weight=0 19.9963 14.0683 9.3931
internal_count=139 108 80 53
is_linear=0
shrinkage=0.1


Tree=30
num_leaves=5
num_cat=0
split_feature=7 6 15 7
split_gain=0.463111 0.818201 1.00531 1.58195
threshold=348.83333333333337 2.4000000000000008 771.16666666667118 446.00000000000006
decision_type=2 2 2 2
left_child=-1 2 3 -2
right_child=1 -3 -4 -5
leaf_value=0.024114616010389538 -0.054228546390724802 -0.045626381114698071 0.039470176386651061 0.027662425326754267
leaf_weight=6.0636898577213314 4.996399328112604 4.3635649755597106 5.1114251166582099 4.4688295274972916
leaf_count=35 24 23 28 29
internal_value=0 -0.00763844 0.00373337 -0.0155653
internal_weight=0 18.9402 14.5767 9.46523
internal_count=139 104 81 53
is_linear=0
shrinkage=0.1


Tree=31
num_leaves=5
num_cat=0
split_feature=9 7 9 7
split_gain=0.469328 0.573326 1.60095 0.712869
threshold=30.500000000000004 609.00000000000011 57.500000000000007 350.33333333333036
decision_type=2 2 2 2
left_child=-1 2 -2 -4
right_child=1 -3 3 -5
leaf_value=0.02436352524553119 -0.05208888731118521 -0.04139835435019807 -0.0061055160359951271 0.045342568624698626
leaf_weight=6.0293238759040859 4.0768134742975262 3.9804047420620909 5.0313041284680349 5.7955088317394257
leaf_count=30 21 25 30 33
internal_value=0 -0.00768238 0.00132235 0.0214342
internal_weight=0 18.884 14.9036 10.8268
internal_count=139 109 84 63
is_linear=0
shrinkage=0.1


Tree=32
num_leaves=6
num_cat=0
split_feature=8 9 9 8 6
split_gain=0.525743 0.774282 1.31683 0.997283 0.478521
threshold=2.6500000000000017 30.500000000000004 63.500000000000007 0.15000000000000005 0.55000000000000004
decision_type=2 2 2 2 2
left_child=1 -1 -3 4 -4
right_child=-2 2 3 -5 -6
leaf_value=0.036944636230505506 0.033697470342406062 -0.059065931785496822 -0.043204649274666523 0.037427073350099677 0.0068488739035804025
leaf_weight=3.4678882807493272 3.918372467160224 4.8504938185215023 4.1624481081962568 4.9160485118627548 3.5295883119106293
leaf_count=17 21 25 23 32 21
internal_value=0 -0.00621458 -0.0147875 0.00224696 -0.020237
internal_weight=0 20.9265 17.4586 12.6081 7.69204
internal_count=139 118 101 76 44
is_linear=0
shrinkage=0.1


Tree=33
num_leaves=5
num_cat=0
split_feature=7 7 15 7
split_gain=0.449376 0.51352 1.15053 0.854061
threshold=348.83333333333337 466.00000000000006 699.33333333333223 637.83333333333042
decision_type=2 2 2 2
left_child=-1 2 -2 -3
right_child=1 3 -4 -5
leaf_value=0.023895728808257702 -0.052876058759385038 0.046902538729258592 0.01049255265759922 -0.021709695974390646
leaf_weight=6.0038208737969425 5.6469860002398509 3.700652837753295 5.8161553367972374 3.5589226856827736
leaf_count=35 28 24 30 22
internal_value=0 -0.00754469 -0.0207242 0.0132662
internal_weight=0 18.7227 11.4631 7.25958
internal_count=139 104 58 46
is_linear=0
shrinkage=0.1


Tree=34
num_leaves=6
num_cat=0
split_feature=6 6 14 8 6
split_gain=0.468136 0.733039 0.634248 0.683841 0.284317
threshold=1.5000000000000002 2.7499999999999996 781.33333333333405 0.15000000000000005 0.55000000000000004
decision_type=2 2 2 2 2
left_child=2 -2 3 4 -1
right_child=1 -3 -4 -5 -6
leaf_value=-0.03283226266066052 0.054029119892264013 -0.0059605485829388738 -0.043300595415568487 0.034061508191747143 0.0055662329364203266
leaf_weight=4.3318747803568893 3.5221931338310224 4.8303863406181335 4.1920207515358916 4.2627513408660889 3.4753094613552094
leaf_count=24 21 27 21 25 21
internal_value=0 0.0193365 -0.00978985 0.0018488 -0.0157395
internal_weight=0 8.35258 16.262 12.0699 7.80718
internal_count=139 48 91 70 45
is_linear=0
shrinkage=0.1


Tree=35
num_leaves=5
num_cat=0
split_feature=9 9 7 9
split_gain=0.409082 1.261 0.941056 1.15418
threshold=36.500000000000007 51.500000000000007 399.00000000000369 84.500000000000014
decision_type=2 2 2 2
left_child=-1 -2 3 -3
right_child=1 2 -4 -5
leaf_value=-0.019850470410636627 0.069434467978434319 0.058253871951737569 -0.034421850027312857 -0.015326365457893738
leaf_weight=7.2454481869936016 2.8353497907519367 3.8502678051590902 5.8579415306448928 4.7764436006546021
leaf_count=36 15 23 38 27
internal_value=0 0.00844788 -0.00349016 0.0175139
internal_weight=0 17.32 14.4847 8.62671
internal_count=139 103 88 50
is_linear=0
shrinkage=0.1


Tree=36
num_leaves=5
num_cat=0
split_feature=7 6 15 7
split_gain=0.399219 0.698717 0.860055 1.35344
threshold=348.83333333333337 2.4000000000000008 771.16666666667118 446.00000000000006
decision_type=2 2 2 2
left_child=-1 2 3 -2
right_child=1 -3 -4 -5
leaf_value=0.0226419961284673 -0.049815628704368752 -0.042163662893016061 0.037184034573686624 0.026635775220751435
leaf_weight=5.9569270461797741 4.9895404055714625 4.3544087111949912 4.970135271549224 4.3209769055247307
leaf_count=35 24 23 28 29
internal_value=0 -0.00709698 0.00359544 -0.0143348
internal_weight=0 18.6351 14.2807 9.31052
internal_count=139 104 81 53
is_linear=0
shrinkage=0.1


Tree=37
num_leaves=5
num_cat=0
split_feature=7 9 12 7
split_gain=0.379766 0.519096 0.638038 0.454838
threshold=609.00000000000011 36.500000000000007 1.0000000180025095e-35 350.33333333333036
decision_type=2 2 2 2
left_child=1 -1 -3 -4
right_child=-2 2 3 -5
leaf_value=-0.018372971988346688 -0.024576431035242631 0.054461383111367202 -0.017842570853747849 0.024465575696408406
leaf_weight=5.9059545993804994 4.9677756279706946 3.4257544055581137 4.7940987944602895 5.4067912995815277
leaf_count=28 31 20 28 32
internal_value=0 0.00638945 0.0171218 0.00458207
internal_weight=0 19.5326 13.6266 10.2009
internal_count=139 108 80 60
is_linear=0
shrinkage=0.1


Tree=38
num_leaves=5
num_cat=0
split_feature=7 7 15 7
split_gain=0.348416 0.446101 0.907333 0.681446
threshold=348.83333333333337 466.00000000000006 699.33333333333223 637.83333333333042
decision_type=2 2 2 2
left_child=-1 2 -2 -3
right_child=1 3 -4 -5
leaf_value=0.021237669973132967 -0.047318257042951894 0.043417596435762901 0.0091075903565119559 -0.018134403044754985
leaf_weight=5.9198389649391201 5.6630033031106013 3.6251929476857176 5.7365686446428299 3.569840095937252
leaf_count=35 28 24 30 22
internal_value=0 -0.00661788 -0.0189233 0.0128784
internal_weight=0 18.5946 11.3996 7.19503
internal_count=139 104 58 46
is_linear=0
shrinkage=0.1


Tree=39
num_leaves=5
num_cat=0
split_feature=9 9 9 14
split_gain=0.427534 0.410226 0.424982 0.184218
threshold=30.500000000000004 57.500000000000007 105.50000000000001 193.60504920838693
decision_type=2 2 2 2
left_child=-1 -2 3 -3
right_child=1 2 -4 -5
leaf_value=0.023427915956924197 -0.031268252780080275 0.027908575252579705 -0.021220610065589247 -0.0024785293956325269
leaf_weight=5.9466535151004818 5.1811609864234951 4.9831495061516744 4.9711289703845969 3.327056460082531
leaf_count=30 27 28 34 20
internal_value=0 -0.00740257 0.00190764 0.0157429
internal_weight=0 18.4625 13.2813 8.31021
internal_count=139 109 82 48
is_linear=0
shrinkage=0.1


Tree=40
num_leaves=6
num_cat=0
split_feature=8 8 8 7 7
split_gain=0.464237 0.42924 0.881257 0.376079 0.583475
threshold=2.6500000000000017 1.0500000000000003 0.55000000000000016 399.00000000000369 259.16666666667157
decision_type=2 2 2 2 2
left_child=1 2 3 4 -1
right_child=-2 -3 -4 -5 -6
leaf_value=-0.024968567759151031 0.03185943480872247 -0.033734694765026593 0.047483136154990641 -0.029723168493532182 0.032073327322752886
leaf_weight=3.4312834665179341 3.8717125654220572 4.3603908270597449 3.326457016170024 5.6003833413124084 3.7563083842396736
leaf_count=20 21 23 18 36 21
internal_value=0 -0.00590012 0.00163161 -0.0102955 0.00484211
internal_weight=0 20.4748 16.1144 12.788 7.18759
internal_count=139 118 95 77 41
is_linear=0
shrinkage=0.1


Tree=41
num_leaves=6
num_cat=0
split_feature=8 9 9 8 7
split_gain=0.379069 0.610292 1.06022 0.737006 0.221763
threshold=2.6500000000000017 30.500000000000004 63.500000000000007 0.15000000000000005 348.83333333333337
decision_type=2 2 2 2 2
left_child=1 -1 -3 4 -4
right_child=-2 2 3 -5 -6
leaf_value=0.033571108607792742 0.028961155299110003 -0.052754926073388192 -6.442474026320141e-05 0.033550643582637624 -0.034333609586817936
leaf_weight=3.3744487389922204 3.8352556452155104 4.8120096623897579 3.874756991863249 4.7347332239151001 3.6834666430950165
leaf_count=17 21 25 22 32 22
internal_value=0 -0.00529489 -0.0129623 0.00261426 -0.0167654
internal_weight=0 20.4794 17.105 12.293 7.55822
internal_count=139 118 101 76 44
is_linear=0
shrinkage=0.1


Tree=42
num_leaves=5
num_cat=0
split_feature=14 15 15 6
split_gain=0.36747 0.568161 0.474165 0.261588
threshold=150.81410825199643 1.0000000180025095e-35 798.33333333333223 1.0000000180025095e-35
decision_type=2 2 2 2
left_child=1 3 -2 -1
right_child=2 -3 -4 -5
leaf_value=-0.016637408900945248 -0.031991685531687374 0.042273886291168176 0.011164772405490703 0.016578203191672525
leaf_weight=5.4966318830847758 6.1061354205012304 4.0585587024688712 4.3663940280675888 4.1695952713489532
leaf_count=32 32 21 27 27
internal_value=0 0.0108742 -0.0139981 -0.00230962
internal_weight=0 13.7248 10.4725 9.66623
internal_count=139 80 59 59
is_linear=0
shrinkage=0.1


Tree=43
num_leaves=5
num_cat=0
split_feature=7 6 15 7
split_gain=0.306142 0.663765 0.642752 1.17844
threshold=348.83333333333337 2.4000000000000008 771.16666666667118 446.00000000000006
decision_type=2 2 2 2
left_child=-1 2 3 -2
right_child=1 -3 -4 -5
leaf_value=0.020054541942313691 -0.044132224074719645 -0.040666021158104929 0.033749710110248347 0.027716156403985517
leaf_weight=5.8356458991766003 4.9886761382222193 4.2907926663756362 4.8454259783029547 4.2087929919362068
leaf_count=35 24 23 28 29
internal_value=0 -0.00624356 0.00427418 -0.0112542
internal_weight=0 18.3337 14.0429 9.19747
internal_count=139 104 81 53
is_linear=0
shrinkage=0.1


Tree=44
num_leaves=5
num_cat=0
split_feature=9 8 8 9
split_gain=0.400474 0.848085 0.785575 0.213943
threshold=36.500000000000007 0.25000000000000006 1.0500000000000003 108.50000000000001
decision_type=2 2 2 2
left_child=-1 3 -3 -2
right_child=1 2 -4 -5
leaf_value=-0.019789062314305089 -0.031367773077259721 0.062219729392543457 0.0018735351944762703 0.00079173889828448299
leaf_weight=7.123659715056422 3.9137126505374926 4.0869377851486188 4.5686165615916252 4.3878197148442268
leaf_count=36 20 27 26 30
internal_value=0 0.00846591 0.0303675 -0.0143697
internal_weight=0 16.9571 8.65555 8.30153
internal_count=139 103 53 50
is_linear=0
shrinkage=0.1


Tree=45
num_leaves=5
num_cat=0
split_feature=8 9 9 9
split_gain=0.39543 0.626309 0.920941 0.522389
threshold=2.6500000000000017 30.500000000000004 72.500000000000014 105.50000000000001
decision_type=2 2 2 2
left_child=1 -1 -3 -4
right_child=-2 2 3 -5
leaf_value=0.034002921373288843 0.029669239002123 -0.043210934964117043 0.026078601228960614 -0.018652613349331226
leaf_weight=3.3558421656489434 3.8097943291068068 6.392786197364333 5.528015732765196 4.9473395943641663
leaf_count=17 21 34 33 34
internal_value=0 -0.00545134 -0.0133006 0.00495278
internal_weight=0 20.224 16.8681 10.4754
internal_count=139 118 101 67
is_linear=0
shrinkage=0.1


Tree=46
num_leaves=5
num_cat=0
split_feature=7 6 8 7
split_gain=0.377124 0.753694 0.701921 0.213018
threshold=609.00000000000011 0.55000000000000004 1.6500000000000006 382.66666666665884
decision_type=2 2 2 2
left_child=1 -1 3 -3
right_child=-2 2 -4 -5
leaf_value=-0.020574409053487019 -0.024834807274440721 0.023259677948279617 -0.0060756171244849486 0.058221941282156346
leaf_weight=6.7065121084451738 4.8343554511666289 3.2644718587398511 5.3928044587373734 3.7383196726441383
leaf_count=36 31 20 30 22
internal_value=0 0.00643048 0.0210412 0.0419237
internal_weight=0 19.1021 12.3956 7.00279
internal_count=139 108 72 42
is_linear=0
shrinkage=0.1


Tree=47
num_leaves=5
num_cat=0
split_feature=9 8 8 9
split_gain=0.393612 0.747429 0.490931 0.18034
threshold=36.500000000000007 0.15000000000000005 1.0500000000000003 111.50000000000001
decision_type=2 2 2 2
left_child=-1 3 -3 -2
right_child=1 2 -4 -5
leaf_value=-0.019574365747427762 -0.029888408705741533 0.049983829494711376 0.0040039879636696177 0.0011890673553362208
leaf_weight=7.1243713349103954 3.90778720378876 4.7329290360212308 4.558840312063694 3.5758799836039543
leaf_count=36 20 33 26 24
internal_value=0 0.00848132 0.0274246 -0.0150388
internal_weight=0 16.7754 9.29177 7.48367
internal_count=139 103 59 44
is_linear=0
shrinkage=0.1


Tree=48
num_leaves=5
num_cat=0
split_feature=14 9 6 9
split_gain=0.399054 0.381854 0.666792 0.513771
threshold=781.33333333333405 105.50000000000001 0.75000000000000011 51.500000000000007
decision_type=2 2 2 2
left_child=1 2 -1 -4
right_child=-2 -3 3 -5
leaf_value=0.047525057012099338 -0.026336541967555221 -0.01766570400596516 0.01904000989175408 -0.027098113824308653
leaf_weight=4.3182437568903032 4.6018288284540168 4.9001312032341948 6.0187003165483457 4.0292593166232109
leaf_count=23 26 34 32 24
internal_value=0 0.0064398 0.0146619 0.000538496
internal_weight=0 19.2663 14.3662 10.048
internal_count=139 113 79 56
is_linear=0
shrinkage=0.1


Tree=49
num_leaves=4
num_cat=0
split_feature=9 14 9
split_gain=0.342189 0.572665 0.162881
threshold=36.500000000000007 135.79242636746184 96.500000000000014
decision_type=2 2 2
left_child=-1 2 -2
right_child=1 -3 -4
leaf_value=-0.018202921832079368 -0.018787862190534806 0.032972270502231657 0.0058279818412990672
leaf_weight=7.1396407708525684 5.0758571326732653 5.9109608232974997 5.7141900956630707
leaf_count=36 27 37 39
internal_value=0 0.00795374 -0.00575181
internal_weight=0 16.701 10.79
internal_count=139 103 66
is_linear=0
shrinkage=0.1


Tree=50
num_leaves=5
num_cat=0
split_feature=7 14 9 14
split_gain=0.36841 0.744532 1.56016 0.714599
threshold=379.83333333333582 150.81410825199643 36.500000000000007 102.95752895752945
decision_type=2 2 2 2
left_child=3 -2 -3 -1
right_child=1 2 -4 -5
leaf_value=-0.0058671635785059384 0.016553246885622135 -0.069475844314929744 0.017742000694313829 0.050806992308773162
leaf_weight=5.9286956116557139 6.0833212435245505 4.4796701744198781 3.782926619052887 3.5611746534705162
leaf_count=35 38 22 24 20
internal_value=0 -0.00999681 -0.0295442 0.0154004
internal_weight=0 14.3459 8.2626 9.48987
internal_count=139 84 46 55
is_linear=0
shrinkage=0.1


Tree=51
num_leaves=5
num_cat=0
split_feature=9 6 13 6
split_gain=0.384913 0.615014 1.36437 0.527784
threshold=30.500000000000004 1.5000000000000002 1.0000000180025095e-35 1.0000000180025095e-35
decision_type=2 2 2 2
left_child=-1 2 3 -2
right_child=1 -3 -4 -5
leaf_value=0.022408561344928607 -0.01907222039331655 0.02673680464777425 -0.066958302142687248 0.027181097656922438
leaf_weight=5.847061529755595 5.270603723824026 4.1312488019466391 3.9452344030141822 4.6378386244177818
leaf_count=30 31 28 19 31
internal_value=0 -0.00712654 -0.0172248 0.00257754
internal_weight=0 17.9849 13.8537 9.90844
internal_count=139 109 81 62
is_linear=0
shrinkage=0.1


Tree=52
num_leaves=5
num_cat=0
split_feature=9 14 8 9
split_gain=0.313609 0.367576 0.410195 0.165966
threshold=30.500000000000004 346.36363636363666 0.25000000000000006 108.50000000000001
decision_type=2 2 2 2
left_child=-1 2 3 -2
right_child=1 -3 -4 -5
leaf_value=0.020328592236499656 -0.026871809558790028 -0.031204344453303529 0.023830686698400608 0.0015002328703172404
leaf_weight=5.8031975254416492 3.9343929737806338 4.4861274287104598 5.2062987163662902 4.3317258879542351
leaf_count=30 20 27 32 30
internal_value=0 -0.00641158 0.00184406 -0.0120039
internal_weight=0 17.9585 13.4724 8.26612
internal_count=139 109 82 50
is_linear=0
shrinkage=0.1


Tree=53
num_leaves=5
num_cat=0
split_feature=14 9 8 9
split_gain=0.264246 1.15183 0.683833 0.144106
threshold=150.81410825199643 36.500000000000007 0.25000000000000006 105.50000000000001
decision_type=2 2 2 2
left_child=2 -2 3 -1
right_child=1 -3 -4 -5
leaf_value=0.0069549561063178365 -0.047118278167165822 0.019817985057974937 0.038627660710169785 -0.019390489797539462
leaf_weight=3.6578602939844149 4.8908050134778005 5.4194520860910416 5.0073481500148764 4.801607221364975
leaf_count=18 24 35 29 33
internal_value=0 -0.0119341 0.00933828 -0.00799876
internal_weight=0 10.3103 13.4668 8.45947
internal_count=139 59 80 51
is_linear=0
shrinkage=0.1


Tree=54
num_leaves=6
num_cat=0
split_feature=9 9 8 9 9
split_gain=0.308655 0.34274 0.605863 0.558014 0.544667
threshold=30.500000000000004 96.500000000000014 1.3500000000000003 117.50000000000001 72.500000000000014
decision_type=2 2 2 2 2
left_child=-1 2 4 -3 -2
right_child=1 3 -4 -5 -6
leaf_value=0.020202553405341495 -0.056427234600714117 0.044998516967258533 0.018726285536581878 -0.01574633433761401 -0.005471961042926906
leaf_weight=5.7850786522030857 4.1714173182845133 2.8694149777293196 3.4998943880200377 3.1973470225930214 4.2198485434055328
leaf_count=30 21 21 21 22 24
internal_value=0 -0.00635705 -0.0162249 0.0129843 -0.0308026
internal_weight=0 17.9579 11.8912 6.06676 8.39127
internal_count=139 109 66 43 45
is_linear=0
shrinkage=0.1


Tree=55
num_leaves=5
num_cat=0
split_feature=9 6 6 9
split_gain=0.25137 0.356119 0.870155 0.41094
threshold=30.500000000000004 1.5000000000000002 0.75000000000000011 105.50000000000001
decision_type=2 2 2 2
left_child=-1 2 3 -2
right_child=1 -3 -4 -5
leaf_value=0.018315703847514655 0.026130648383346222 0.020149647434411298 -0.049397843259747422 -0.015932185920844943
leaf_weight=5.7451406493783024 4.4302593469619769 4.1039039194583884 4.5195317342877379 4.8822342753410339
leaf_count=30 24 28 23 34
internal_value=0 -0.00571936 -0.0133946 0.00407849
internal_weight=0 17.9359 13.832 9.31249
internal_count=139 109 81 58
is_linear=0
shrinkage=0.1


Tree=56
num_leaves=5
num_cat=0
split_feature=7 6 9 6
split_gain=0.291688 0.817283 0.828715 0.540164
threshold=348.83333333333337 2.4000000000000008 51.500000000000007 0.75000000000000011
decision_type=2 2 2 2
left_child=-1 2 -2 -4
right_child=1 -3 3 -5
leaf_value=0.019800794609221784 0.037901585556912552 -0.04409365106373752 0.0073107542369590999 -0.04400538451542331
leaf_weight=5.7072341516613987 5.0678952038288143 4.3129870221018782 5.1517960652708989 3.4082977324724197
leaf_count=35 26 23 35 20
internal_value=0 -0.00615429 0.00585276 -0.0131213
internal_weight=0 17.941 13.628 8.56009
internal_count=139 104 81 55
is_linear=0
shrinkage=0.1


Tree=57
num_leaves=5
num_cat=0
split_feature=8 8 8 6
split_gain=0.210349 0.375784 0.856175 0.415233
threshold=2.6500000000000017 1.0500000000000003 0.55000000000000016 0.75000000000000011
decision_type=2 2 2 2
left_child=1 2 3 -1
right_child=-2 -3 -4 -5
leaf_value=0.0033865809655373811 0.021999149697238003 -0.030234722606450729 0.049156347089192781 -0.036380411530984022
leaf_weight=8.6401856541633659 3.7020757123827925 4.274426043033599 3.2218666821718207 3.7720012515783301
leaf_count=55 21 23 18 22
internal_value=0 -0.00395948 0.0032243 -0.00869841
internal_weight=0 19.9085 15.6341 12.4122
internal_count=139 118 95 77
is_linear=0
shrinkage=0.1


Tree=58
num_leaves=5
num_cat=0
split_feature=9 7 6 6
split_gain=0.274938 0.700825 0.729658 1.03709
threshold=36.500000000000007 625.33333333333223 1.0000000180025095e-35 1.25
decision_type=2 2 2 2
left_child=-1 2 -2 -4
right_child=1 -3 3 -5
leaf_value=-0.016467752799096447 -0.012038982703261298 -0.034330599780943334 0.071280277607471326 -0.00019855752023805181
leaf_weight=7.0238513723015812 5.1637046784162548 3.2695370241999617 4.1171315610408765 4.0038365200161934
leaf_count=36 29 21 26 27
internal_value=0 0.00714407 0.0173515 0.0360395
internal_weight=0 16.5542 13.2847 8.12097
internal_count=139 103 82 53
is_linear=0
shrinkage=0.1


Tree=59
num_leaves=4
num_cat=0
split_feature=9 14 9
split_gain=0.222901 0.503993 0.12228
threshold=36.500000000000007 135.79242636746184 96.500000000000014
decision_type=2 2 2
left_child=-1 2 -2
right_child=1 -3 -4
leaf_value=-0.014749197618146748 -0.017667136180159592 0.030165886065833033 0.0037972698358611934
leaf_weight=7.0562233924865749 5.0760772377252596 5.8160344660282126 5.5626019835472107
leaf_count=36 27 37 39
internal_value=0 0.00649594 -0.00644413
internal_weight=0 16.4547 10.6387
internal_count=139 103 66
is_linear=0
shrinkage=0.1


Tree=60
num_leaves=6
num_cat=0
split_feature=9 7 6 12 14
split_gain=0.250817 0.351907 0.450138 0.605366 0.247946
threshold=30.500000000000004 259.16666666667157 0.55000000000000004 1.0000000180025095e-35 228.64923747276717
decision_type=2 2 2 2 2
left_child=-1 -2 -3 -4 -5
right_child=1 2 3 4 -6
leaf_value=0.018320175703096173 -0.034844922716889652 0.026306748095335526 0.024468350880327071 -0.0093996278713808397 -0.048469407784700512
leaf_weight=5.7234105616807964 3.3690438494086292 4.7379830554127684 3.175661608576779 3.2705313116311965 3.2271035313606262
leaf_count=30 20 29 20 21 19
internal_value=0 -0.00574835 0.0010538 -0.0113151 -0.028804
internal_weight=0 17.7803 14.4113 9.6733 6.49763
internal_count=139 109 89 60 40
is_linear=0
shrinkage=0.1


Tree=61
num_leaves=5
num_cat=0
split_feature=7 6 15 7
split_gain=0.2589 0.645144 0.738209 1.06486
threshold=348.83333333333337 2.4000000000000008 771.16666666667118 446.00000000000006
decision_type=2 2 2 2
left_child=-1 2 3 -2
right_child=1 -3 -4 -5
leaf_value=0.018748730819039213 -0.043596758459643378 -0.039532929579554087 0.037005705377135982 0.026068667787973645
leaf_weight=5.6586840301752117 4.8481674715876597 4.3024960979819289 4.6878500804305068 4.0080015808343887
leaf_count=35 24 23 28 29
internal_value=0 -0.00579913 0.00491701 -0.0120686
internal_weight=0 17.8465 13.544 8.85617
internal_count=139 104 81 53
is_linear=0
shrinkage=0.1


Tree=62
num_leaves=5
num_cat=0
split_feature=9 7 7 9
split_gain=0.248116 0.312381 0.493516 0.98874
threshold=30.500000000000004 259.16666666667157 609.00000000000011 72.500000000000014
decision_type=2 2 2 2
left_child=-1 -2 3 -3
right_child=1 2 -4 -5
leaf_value=0.018282302233929019 -0.033014302668992412 -0.017357986035738855 -0.029762629082260697 0.044175126488487843
leaf_weight=5.688809402287009 3.3910599797964123 5.4695181101560575 3.8728798106312743 4.9971748664975166
leaf_count=30 20 31 25 33
internal_value=0 -0.00571945 0.000735303 0.0120201
internal_weight=0 17.7306 14.3396 10.4667
internal_count=139 109 89 64
is_linear=0
shrinkage=0.1


Tree=63
num_leaves=5
num_cat=0
split_feature=6 14 14 6
split_gain=0.220527 0.821096 0.524893 0.219076
threshold=1.0500000000000003 279.75243147657073 781.33333333333405 1.0000000180025095e-35
decision_type=2 2 2 2
left_child=2 -2 3 -1
right_child=1 -3 -4 -5
leaf_value=-0.0083906731622798627 -0.011869625027310931 0.048966821464145022 -0.042465925195335721 0.020889855641212249
leaf_weight=6.5916330367326754 5.6385214850306493 3.6576898172497749 3.3307369202375403 4.1729248017072678
leaf_count=38 33 24 16 28
internal_value=0 0.0120671 -0.00777417 0.00296004
internal_weight=0 9.29621 14.0953 10.7646
internal_count=139 57 82 66
is_linear=0
shrinkage=0.1


Tree=64
num_leaves=5
num_cat=0
split_feature=9 12 9 9
split_gain=0.248167 0.431301 0.495018 1.43547
threshold=105.50000000000001 1.0000000180025095e-35 30.500000000000004 63.500000000000007
decision_type=2 2 2 2
left_child=1 -1 -3 -4
right_child=-2 2 3 -5
leaf_value=-0.024787619003637712 -0.020177579528839019 0.03889215459617739 -0.045234867724706335 0.032327980445142408
leaf_weight=3.7797925174236342 4.7908660992979994 4.9399312958121309 4.0836740136146528 5.7399675697088242
leaf_count=22 34 26 23 34
internal_value=0 0.00535338 0.0130701 8.52134e-05
internal_weight=0 18.5434 14.7636 9.82364
internal_count=139 105 83 57
is_linear=0
shrinkage=0.1


Tree=65
num_leaves=5
num_cat=0
split_feature=8 14 7 7
split_gain=0.262149 0.636496 0.288377 0.108623
threshold=0.55000000000000016 279.75243147657073 399.00000000000369 236.16666666667155
decision_type=2 2 2 2
left_child=2 -2 3 -1
right_child=1 -3 -4 -5
leaf_value=0.018444056677490949 -0.0088890944717593921 0.039999610883318291 -0.027539443573217654 -0.0069778869668130203
leaf_weight=2.8486350178718585 6.4386208131909353 4.5413851141929626 5.2915948778390884 4.0996289029717445
leaf_count=17 37 25 36 24
internal_value=0 0.0113315 -0.0099506 0.00344455
internal_weight=0 10.98 12.2399 6.94826
internal_count=139 62 77 41
is_linear=0
shrinkage=0.1


Tree=66
num_leaves=5
num_cat=0
split_feature=7 6 8 6
split_gain=0.227656 0.513226 0.699433 0.363176
threshold=348.83333333333337 2.4000000000000008 0.65000000000000002 0.40000000000000013
decision_type=2 2 2 2
left_child=-1 2 3 -2
right_child=1 -3 -4 -5
leaf_value=0.017655336943984717 0.013213123674082184 -0.035725335205884438 0.036230592725273507 -0.028411566323451345
leaf_weight=5.6062306910753277 3.4322136938571948 4.2544724494218817 4.5038063600659362 5.384568378329277
leaf_count=35 22 23 25 34
internal_value=0 -0.00548793 0.00416962 -0.0122078
internal_weight=0 17.5751 13.3206 8.81678
internal_count=139 104 81 56
is_linear=0
shrinkage=0.1


Tree=67
num_leaves=5
num_cat=0
split_feature=8 9 9 9
split_gain=0.246163 0.401813 0.561986 0.421896
threshold=2.6500000000000017 30.500000000000004 72.500000000000014 105.50000000000001
decision_type=2 2 2 2
left_child=1 -1 -3 -4
right_child=-2 2 3 -5
leaf_value=0.028048523973855113 0.023895458076412079 -0.034475259996086506 0.023230059871584594 -0.017717360656118123
leaf_weight=3.1962467506527963 3.661284774541854 6.1824917048215893 5.3059149235486966 4.7858436852693558
leaf_count=17 21 34 33 34
internal_value=0 -0.00436706 -0.0107334 0.00381145
internal_weight=0 19.4705 16.2743 10.0918
internal_count=139 118 101 67
is_linear=0
shrinkage=0.1


Tree=68
num_leaves=5
num_cat=0
split_feature=9 8 8 9
split_gain=0.287372 0.62551 0.588943 0.202373
threshold=36.500000000000007 0.25000000000000006 0.84999999999999998 108.50000000000001
decision_type=2 2 2 2
left_child=-1 3 -3 -2
right_child=1 2 -4 -5
leaf_value=-0.017034506372507932 -0.028881479201192852 0.059025249782266344 0.0042443066205390817 0.0027707469044286458
leaf_weight=6.8680196478962925 3.8447197228670138 3.365340016782282 4.7080595269799232 4.2560084536671638
leaf_count=36 20 25 28 30
internal_value=0 0.00738053 0.0270794 -0.0122518
internal_weight=0 16.1741 8.0734 8.10073
internal_count=139 103 53 50
is_linear=0
shrinkage=0.1


Tree=69
num_leaves=5
num_cat=0
split_feature=9 9 6 9
split_gain=0.232763 0.464415 1.24618 1.24485
threshold=36.500000000000007 66.500000000000014 0.75000000000000011 105.50000000000001
decision_type=2 2 2 2
left_child=-1 -2 3 -3
right_child=1 2 -4 -5
leaf_value=-0.015257191397365836 0.031874157360237798 0.064780447822932713 -0.058541764286844059 -0.015999454193771061
leaf_weight=6.8995067849755314 5.03460764884949 3.1713627353310567 3.1008809916675091 4.7877010107040405
leaf_count=36 30 19 20 34
internal_value=0 0.00669696 -0.00476398 0.016188
internal_weight=0 16.0946 11.0599 7.95906
internal_count=139 103 73 53
is_linear=0
shrinkage=0.1


Tree=70
num_leaves=6
num_cat=0
split_feature=6 7 8 7 7
split_gain=0.237444 0.828803 0.829475 0.437643 0.215844
threshold=0.55000000000000004 609.00000000000011 1.6500000000000006 382.33333333333491 382.33333333333036
decision_type=2 2 2 2 2
left_child=4 2 3 -2 -1
right_child=1 -3 -4 -5 -6
leaf_value=0.0020025812462956694 0.014247475245677821 -0.034268761362700149 -0.0098903584244516927 0.065978738265127276 -0.031995808556244072
leaf_weight=3.8421064838767078 2.898306302726267 3.6819399446248999 5.1950023621320724 3.7529556155204773 3.6330808997154236
leaf_count=22 19 23 30 23 22
internal_value=0 0.00717101 0.0200509 0.0434367 -0.0145213
internal_weight=0 15.5282 11.8463 6.65126 7.47519
internal_count=139 95 72 42 44
is_linear=0
shrinkage=0.1


Tree=71
num_leaves=5
num_cat=0
split_feature=14 9 9 9
split_gain=0.208926 1.23795 1.01976 0.264256
threshold=150.81410825199643 51.500000000000007 36.500000000000007 96.500000000000014
decision_type=2 2 2 2
left_child=1 -1 -2 -3
right_child=2 3 -4 -5
leaf_value=0.061928889537928591 -0.044093259351289001 -0.028150520907240323 0.019867382654440172 0.0051123352648848016
leaf_weight=3.2496367320418384 4.7806779220700246 4.2304070368409139 5.2084561549127102 5.4852337017655373
leaf_count=17 24 24 35 39
internal_value=0 0.00849967 -0.0107434 -0.00937106
internal_weight=0 12.9653 9.98913 9.71564
internal_count=139 80 59 63
is_linear=0
shrinkage=0.1


Tree=72
num_leaves=5
num_cat=0
split_feature=7 7 7 7
split_gain=0.285078 1.60624 0.60388 0.463878
threshold=466.00000000000006 642.3333333333286 379.83333333333582 259.16666666667157
decision_type=2 2 2 2
left_child=2 -2 3 -1
right_child=1 -3 -4 -5
leaf_value=-0.016739779659936182 0.058327616378683937 -0.040891830597875614 -0.028794964904791776 0.029230890629786545
leaf_weight=3.7580225318670326 3.957362249493598 2.7762487307190895 7.1432773955166331 5.2777182795107365
leaf_count=23 27 19 38 32
internal_value=0 0.0174197 -0.00706634 0.0101114
internal_weight=0 6.73361 16.179 9.03574
internal_count=139 46 93 55
is_linear=0
shrinkage=0.1


Tree=73
num_leaves=5
num_cat=0
split_feature=9 6 8 9
split_gain=0.203472 0.344547 1.02364 0.393955
threshold=30.500000000000004 1.5000000000000002 0.45000000000000007 105.50000000000001
decision_type=2 2 2 2
left_child=-1 2 3 -2
right_child=1 -3 -4 -5
leaf_value=0.016696921656341557 0.0253416446755051 0.021028557175318749 -0.055743574176922342 -0.015496053043138627
leaf_weight=5.5994376763701466 4.7403833866119403 3.8717151693999758 3.9288894087076178 4.7086872085928917
leaf_count=30 28 28 19 34
internal_value=0 -0.00524246 -0.0128456 0.00499129
internal_weight=0 17.2497 13.378 9.44907
internal_count=139 109 81 62
is_linear=0
shrinkage=0.1


Tree=74
num_leaves=5
num_cat=0
split_feature=15 14 9 9
split_gain=0.219939 0.458973 0.251533 0.643265
threshold=832.3333333333386 346.36363636363666 57.500000000000007 105.50000000000001
decision_type=2 2 2 2
left_child=1 2 -1 -4
right_child=-2 -3 3 -5
leaf_value=-0.013320833518719655 0.023893918879512331 -0.03560458747822727 0.036729217060249772 -0.013920023931292875
leaf_weight=5.6752569749951425 3.3252581693232051 3.7047402188181868 5.3530792370438558 4.7171551287174225
leaf_count=31 22 20 32 34
internal_value=0 -0.00393586 0.00351544 0.0130038
internal_weight=0 19.4502 15.7455 10.0702
internal_count=139 117 97 66
is_linear=0
shrinkage=0.1


Tree=75
num_leaves=4
num_cat=0
split_feature=8 9 8
split_gain=0.223761 0.430815 0.345875
threshold=0.55000000000000016 96.500000000000014 1.2500000000000002
decision_type=2 2 2
left_child=1 -1 -2
right_child=2 -3 -4
leaf_value=-0.027377831864187338 0.034970163244210484 0.01066361597835277 -0.0025829303404190408
leaf_weight=6.2666663229465502 3.7746974900364858 5.6709913238883018 7.0023993849754333
leaf_count=35 22 42 40
internal_value=0 -0.00930622 0.0105701
internal_weight=0 11.9377 10.7771
internal_count=139 77 62
is_linear=0
shrinkage=0.1


Tree=76
num_leaves=5
num_cat=0
split_feature=7 7 7 14
split_gain=0.226646 1.30982 0.46009 0.527579
threshold=466.00000000000006 642.3333333333286 379.83333333333582 102.95752895752945
decision_type=2 2 2 2
left_child=2 -2 3 -1
right_child=1 -3 -4 -5
leaf_value=-0.009501065716275384 0.053558179720341492 -0.036681910625032461 -0.025231472900121323 0.040887175794615045
leaf_weight=5.728564448654657 3.8358332589268676 2.7700067460536957 7.1364555843174449 3.2606647461652756
leaf_count=35 27 19 38 20
internal_value=0 0.0157181 -0.00627393 0.00877627
internal_weight=0 6.60584 16.1257 8.98923
internal_count=139 46 93 55
is_linear=0
shrinkage=0.1


Tree=77
num_leaves=5
num_cat=0
split_feature=9 9 6 8
split_gain=0.181502 0.256339 1.41037 0.436126
threshold=30.500000000000004 96.500000000000014 0.55000000000000004 0.65000000000000002
decision_type=2 2 2 2
left_child=-1 3 -3 -2
right_child=1 2 -4 -5
leaf_value=0.01586542325111236 -0.032660818516819672 -0.032258584935520786 0.067453441874524053 0.0065045163307119128
leaf_weight=5.5335378274321583 5.859295357018711 3.176968351006507 2.5628402717411518 5.5234264358878136
leaf_count=30 33 21 22 33
internal_value=0 -0.00496739 0.0122631 -0.013656
internal_weight=0 17.1225 5.73981 11.3827
internal_count=139 109 43 66
is_linear=0
shrinkage=0.1


Tree=78
num_leaves=5
num_cat=0
split_feature=7 7 7 15
split_gain=0.203866 0.41053 1.00034 0.815613
threshold=348.83333333333337 446.00000000000006 642.3333333333286 699.33333333333223
decision_type=2 2 2 2
left_child=-1 3 -3 -2
right_child=1 2 -4 -5
leaf_value=0.016882332766809793 -0.047201180119753772 0.044145607345991163 -0.033116020208007135 0.0095996657149438249
leaf_weight=5.4951481223106411 4.9400417879223841 4.2077635601162902 2.7849248722195625 5.1774734146893024
leaf_count=35 25 30 19 30
internal_value=0 -0.00525681 0.0133752 -0.0181343
internal_weight=0 17.1102 6.99269 10.1175
internal_count=139 104 49 55
is_linear=0
shrinkage=0.1


Tree=79
num_leaves=5
num_cat=0
split_feature=14 9 9 9
split_gain=0.182201 1.04064 0.893051 0.202846
threshold=150.81410825199643 51.500000000000007 36.500000000000007 96.500000000000014
decision_type=2 2 2 2
left_child=1 -1 -2 -3
right_child=2 3 -4 -5
leaf_value=0.057727333844900336 -0.041800153029570193 -0.024918248906529217 0.01850113678528098 0.0045078987059448961
leaf_weight=3.164059646427634 4.6685470119118673 4.1953680962324125 5.1821022145450115 5.3045814521610737
leaf_count=17 24 24 35 39
internal_value=0 0.00805622 -0.0100776 -0.00848728
internal_weight=0 12.664 9.85065 9.49995
internal_count=139 80 59 63
is_linear=0
shrinkage=0.1


Tree=80
num_leaves=5
num_cat=0
split_feature=7 6 15 7
split_gain=0.153574 0.570526 0.652458 0.92201
threshold=348.83333333333337 2.4000000000000008 771.16666666667118 446.00000000000006
decision_type=2 2 2 2
left_child=-1 2 3 -2
right_child=1 -3 -4 -5
leaf_value=0.01474914012510794 -0.039590240057919675 -0.036269697358682282 0.037379241178517777 0.027121892828820493
leaf_weight=5.4414123781025436 4.7136078625917452 4.2537300065159789 4.3655489198863497 3.6962501257658005
leaf_count=35 24 23 28 29
internal_value=0 -0.00454892 0.00601291 -0.0102693
internal_weight=0 17.0291 12.7754 8.40986
internal_count=139 104 81 53
is_linear=0
shrinkage=0.1


Tree=81
num_leaves=6
num_cat=0
split_feature=9 7 7 9 9
split_gain=0.203438 0.305386 0.379265 0.586707 0.523858
threshold=30.500000000000004 259.16666666667157 399.00000000000369 87.500000000000014 63.500000000000007
decision_type=2 2 2 2 2
left_child=-1 -2 4 -4 -3
right_child=1 2 3 -5 -6
leaf_value=0.016875155669364011 -0.032317788194052087 -0.012570417159043485 -0.040717322193510951 0.016215255954268183 0.04544535907996386
leaf_weight=5.4754536673426655 3.3544055372476604 2.8276289850473386 3.8818384632468224 3.3915638774633408 3.4619389325380325
leaf_count=30 20 18 21 28 22
internal_value=0 -0.00530138 0.00138035 -0.0141698 0.0193629
internal_weight=0 16.9174 13.563 7.2734 6.28957
internal_count=139 109 89 49 40
is_linear=0
shrinkage=0.1


Tree=82
num_leaves=5
num_cat=0
split_feature=9 6 9 9
split_gain=0.195449 0.468303 0.565473 0.541748
threshold=105.50000000000001 1.0000000180025095e-35 66.500000000000014 36.500000000000007
decision_type=2 2 2 2
left_child=1 -1 3 -3
right_child=-2 2 -4 -5
leaf_value=0.036233699841491336 -0.018261591086658556 -0.010784209154778431 -0.037648977850834008 0.035511302061636295
leaf_weight=3.7553966343402925 4.597793571650981 6.1391672194004041 3.6078608594834796 4.2967597544193268
leaf_count=21 34 33 24 27
internal_value=0 0.00486635 -0.00352147 0.00827693
internal_weight=0 17.7992 14.0438 10.4359
internal_count=139 105 84 60
is_linear=0
shrinkage=0.1


Tree=83
num_leaves=6
num_cat=0
split_feature=9 7 7 9 9
split_gain=0.182941 0.2229 0.275418 0.503944 0.474763
threshold=30.500000000000004 259.16666666667157 399.00000000000369 87.500000000000014 63.500000000000007
decision_type=2 2 2 2 2
left_child=-1 -2 4 -4 -3
right_child=1 2 3 -5 -6
leaf_value=0.016042675728579404 -0.027833351780049576 -0.014232340338682523 -0.036902478472353527 0.015799691459629225 0.041214814790000553
leaf_weight=5.4560371190309551 3.4166353568434742 2.81513963639736 3.9086737930774689 3.3862140588462353 3.4206719473004341
leaf_count=30 20 18 21 28 22
internal_value=0 -0.00501074 0.000752195 -0.0124387 0.0161834
internal_weight=0 16.9473 13.5307 7.29489 6.23581
internal_count=139 109 89 49 40
is_linear=0
shrinkage=0.1


Tree=84
num_leaves=4
num_cat=0
split_feature=8 6 7
split_gain=0.174356 0.399065 0.210663
threshold=0.55000000000000016 2.4000000000000008 399.00000000000369
decision_type=2 2 2
left_child=2 -2 -1
right_child=1 -3 -4
leaf_value=0.0032351706174449458 0.027856829037832195 -0.011083814900698603 -0.023749106685122316
leaf_weight=6.8166135735809821 5.5693105459213239 4.9893611893057823 5.0264674164354801
leaf_count=41 33 29 36
internal_value=0 0.00945594 -0.00821756
internal_weight=0 10.5587 11.8431
internal_count=139 62 77
is_linear=0
shrinkage=0.1


Tree=85
num_leaves=5
num_cat=0
split_feature=7 7 6 8
split_gain=0.184475 0.912295 0.610022 0.54314
threshold=466.00000000000006 642.3333333333286 0.55000000000000004 1.6500000000000006
decision_type=2 2 2 2
left_child=2 -2 -1 -4
right_child=1 -3 3 -5
leaf_value=-0.031497049886663117 0.04744496897602777 -0.028530485056500712 0.030241684964194899 -0.016233717319478116
leaf_weight=5.8098910748958614 3.6341011486947528 2.7968239933252335 5.5381189398467523 4.6058725789189339
leaf_count=32 27 19 34 27
internal_value=0 0.0144031 -0.00565899 0.00913956
internal_weight=0 6.43093 15.9539 10.144
internal_count=139 46 93 61
is_linear=0
shrinkage=0.1


Tree=86
num_leaves=5
num_cat=0
split_feature=7 7 7 15
split_gain=0.184205 0.339341 0.672794 0.650104
threshold=348.83333333333337 446.00000000000006 642.3333333333286 699.33333333333223
decision_type=2 2 2 2
left_child=-1 3 -3 -2
right_child=1 2 -4 -5
leaf_value=0.016043860438949557 -0.042658678330636614 0.038090106323459487 -0.025615217245164208 0.0083477473879006916
leaf_weight=5.4750113226473358 4.9330431371927279 4.0570696704089633 2.8032583817839622 5.0639035664498806
leaf_count=35 25 30 19 30
internal_value=0 -0.00506824 0.0120589 -0.0168216
internal_weight=0 16.8573 6.86033 9.99695
internal_count=139 104 49 55
is_linear=0
shrinkage=0.1


Tree=87
num_leaves=5
num_cat=0
split_feature=9 9 7 9
split_gain=0.178206 0.77176 0.637628 0.750927
threshold=36.500000000000007 51.500000000000007 399.00000000000369 84.500000000000014
decision_type=2 2 2 2
left_child=-1 -2 3 -3
right_child=1 2 -4 -5
leaf_value=-0.013593431093693032 0.055695806354674332 0.050795735604001829 -0.031253688091380807 -0.012080687609894961
leaf_weight=6.6566307917237308 2.5989920720458022 3.2463190630078298 5.168952114880085 4.5780480392277241
leaf_count=36 15 23 38 27
internal_value=0 0.00595148 -0.00399864 0.0140067
internal_weight=0 15.5923 12.9933 7.82437
internal_count=139 103 88 50
is_linear=0
shrinkage=0.1


Tree=88
num_leaves=5
num_cat=0
split_feature=14 9 9 9
split_gain=0.197296 0.892461 0.680358 0.18904
threshold=150.81410825199643 51.500000000000007 36.500000000000007 96.500000000000014
decision_type=2 2 2 2
left_child=1 -1 -2 -3
right_child=2 3 -4 -5
leaf_value=0.055054570835154096 -0.038305715491964244 -0.023009157269458121 0.01452414405825244 0.0056073796719105532
leaf_weight=3.0897898599505451 4.6369150802493078 4.103755369782446 5.13970847427845 5.2767167836427689
leaf_count=17 24 24 35 39
internal_value=0 0.00844182 -0.0105323 -0.00691174
internal_weight=0 12.4703 9.77662 9.38047
internal_count=139 80 59 63
is_linear=0
shrinkage=0.1


Tree=89
num_leaves=5
num_cat=0
split_feature=7 6 6 6
split_gain=0.160025 0.660852 0.455449 0.231372
threshold=466.00000000000006 0.75000000000000011 0.55000000000000004 1.25
decision_type=2 2 2 2
left_child=2 -2 -1 -4
right_child=1 -3 3 -5
leaf_value=-0.027563988120187979 0.051802541255261549 -0.01363780094800641 0.026954383130054285 -0.0042999589831322817
leaf_weight=5.8066805526614216 2.6371007524430743 3.7200528681278229 3.8292263373732549 6.2095032259821892
leaf_count=32 23 23 21 40
internal_value=0 0.0135084 -0.00527228 0.00762186
internal_weight=0 6.35715 15.8454 10.0387
internal_count=139 46 93 61
is_linear=0
shrinkage=0.1


Tree=90
num_leaves=5
num_cat=0
split_feature=7 8 8 7
split_gain=0.161484 0.32287 0.682697 0.209089
threshold=348.83333333333337 1.2500000000000002 0.55000000000000016 446.00000000000006
decision_type=2 2 2 2
left_child=-1 2 3 -2
right_child=1 -3 -4 -5
leaf_value=0.015092090150934502 -0.032210233935995675 -0.023452271715460798 0.04143399052225305 0.0022408077551693039
leaf_weight=5.4288711361587074 3.0095419473946112 5.9540246948599806 3.5570059195160866 4.2487269267439842
leaf_count=35 18 33 21 32
internal_value=0 -0.00475106 0.00554433 -0.0120438
internal_weight=0 16.7693 10.8153 7.25827
internal_count=139 104 71 50
is_linear=0
shrinkage=0.1


Tree=91
num_leaves=6
num_cat=0
split_feature=15 14 7 7 7
split_gain=0.155491 0.389435 0.195895 0.493092 0.359886
threshold=832.3333333333386 346.36363636363666 399.00000000000369 350.33333333333036 236.16666666667155
decision_type=2 2 2 2 2
left_child=1 2 3 4 -1
right_child=-2 -3 -4 -5 -6
leaf_value=0.018424399413287166 0.020557160761956066 -0.032917146163138303 -0.012625831511937037 0.039152437747796941 -0.029015716580953151
leaf_weight=3.1417728587985092 3.1814581528305999 3.6042772568762294 5.0132755301892749 3.9668685868382454 3.2566523179411888
leaf_count=20 22 20 36 21 20
internal_value=0 -0.00333119 0.00360287 0.011452 -0.00572154
internal_weight=0 18.9828 15.3786 10.3653 6.39843
internal_count=139 117 97 61 40
is_linear=0
shrinkage=0.1


Tree=92
num_leaves=5
num_cat=0
split_feature=9 9 8 9
split_gain=0.213905 0.263941 0.659434 0.435331
threshold=30.500000000000004 72.500000000000014 1.2500000000000002 105.50000000000001
decision_type=2 2 2 2
left_child=-1 2 -2 -3
right_child=1 3 -4 -5
leaf_value=0.017423921282562618 -0.051034162087454864 0.025417524654994524 0.0097426385226960215 -0.017266531130199592
leaf_weight=5.3884610459208515 3.5002442300319698 5.0832198038697225 3.6435802057385445 4.5087705366313457
leaf_count=30 19 33 23 34
internal_value=0 -0.00548416 -0.020036 0.00535364
internal_weight=0 16.7358 7.14382 9.59199
internal_count=139 109 42 67
is_linear=0
shrinkage=0.1


Tree=93
num_leaves=5
num_cat=0
split_feature=9 9 9 8
split_gain=0.174088 0.21404 0.477005 0.2768
threshold=30.500000000000004 96.500000000000014 117.50000000000001 0.65000000000000002
decision_type=2 2 2 2
left_child=-1 3 -3 -2
right_child=1 2 -4 -5
leaf_value=0.015770811879865072 -0.028191899532359472 0.042337230005803639 -0.016378011949107794 0.0033661616838470856
leaf_weight=5.3595497235655811 5.7537150643765944 2.5992580018937579 2.9584929272532463 5.3765149861574173
leaf_count=30 33 21 22 33
internal_value=0 -0.0049448 0.011082 -0.0129476
internal_weight=0 16.688 5.55775 11.1302
internal_count=139 109 43 66
is_linear=0
shrinkage=0.1


Tree=94
num_leaves=5
num_cat=0
split_feature=9 8 8 9
split_gain=0.148881 0.3382 0.62847 0.1032
threshold=36.500000000000007 0.15000000000000005 1.0500000000000003 105.50000000000001
decision_type=2 2 2 2
left_child=-1 3 -3 -2
right_child=1 2 -4 -5
leaf_value=-0.012525120671112097 0.0023134800246303235 0.046065396086050835 -0.0086688021506939779 -0.021914746859177471
leaf_weight=6.5671428218483952 3.2811042889952651 4.245622478425501 4.1468010023236275 3.7874762415885925
leaf_count=36 17 33 26 27
internal_value=0 0.0054471 0.0190205 -0.0106685
internal_weight=0 15.461 8.39242 7.06858
internal_count=139 103 59 44
is_linear=0
shrinkage=0.1


Tree=95
num_leaves=5
num_cat=0
split_feature=8 8 15 6
split_gain=0.148787 0.432876 0.658487 0.147971
threshold=2.6500000000000017 1.0500000000000003 771.16666666667118 0.55000000000000004
decision_type=2 2 2 2
left_child=1 2 3 -1
right_child=-2 -3 -4 -5
leaf_value=-0.017684391035848453 0.019034097482844306 -0.032600780234385028 0.042420219833666215 0.0056965081781745188
leaf_weight=6.1830448806285911 3.4877287149429312 4.0009955391287795 3.4874588698148719 4.8144126981496811
leaf_count=38 21 23 23 34
internal_value=0 -0.00348454 0.0045579 -0.00744882
internal_weight=0 18.4859 14.4849 10.9975
internal_count=139 118 95 72
is_linear=0
shrinkage=0.1


Tree=96
num_leaves=5
num_cat=0
split_feature=14 8 8 7
split_gain=0.200551 0.533036 0.445561 0.200056
threshold=150.81410825199643 1.2500000000000002 0.25000000000000006 348.83333333333337
decision_type=2 2 2 2
left_child=2 -2 3 -1
right_child=1 -3 -4 -5
leaf_value=0.010041671005608547 0.0093761141492146108 -0.03826366637155848 0.033895042498673318 -0.02186255572780034
leaf_weight=3.9719647541642207 5.567773185670374 4.0621917322278023 4.4349229857325554 3.8905534967780113
leaf_count=23 35 24 29 28
internal_value=0 -0.0107197 0.00855053 -0.00574527
internal_weight=0 9.62996 12.2974 7.86252
internal_count=139 59 80 51
is_linear=0
shrinkage=0.1


Tree=97
num_leaves=5
num_cat=0
split_feature=9 9 6 9
split_gain=0.152809 0.565443 0.33197 0.568739
threshold=36.500000000000007 51.500000000000007 0.75000000000000011 105.50000000000001
decision_type=2 2 2 2
left_child=-1 -2 3 -3
right_child=1 2 -4 -5
leaf_value=-0.012696167421331755 0.048631251676155507 0.040619235663914427 -0.023428292146156458 -0.013640875664197048
leaf_weight=6.5528469905257252 2.5413690730929366 3.3902713283896428 4.9080507755279541 4.490286149084568
leaf_count=36 15 21 33 34
internal_value=0 0.0055487 -0.00301272 0.00970221
internal_weight=0 15.33 12.7886 7.88056
internal_count=139 103 88 55
is_linear=0
shrinkage=0.1


Tree=98
num_leaves=5
num_cat=0
split_feature=7 6 8 7
split_gain=0.162371 0.502044 0.403708 0.21072
threshold=348.83333333333337 2.7499999999999996 0.55000000000000016 446.00000000000006
decision_type=2 2 2 2
left_child=-1 2 3 -2
right_child=1 -3 -4 -5
leaf_value=0.015150875723025202 -0.031907388880294318 -0.03715890766416876 0.024454090615039989 0.0031307897666278946
leaf_weight=5.3905215747654465 2.9246458448469657 3.7215817347168914 5.6759608760476112 4.1547749489545822
leaf_count=35 18 21 33 32
internal_value=0 -0.0048431 0.00458554 -0.0113442
internal_weight=0 16.477 12.7554 7.07942
internal_count=139 104 83 50
is_linear=0
shrinkage=0.1


Tree=99
num_leaves=5
num_cat=0
split_feature=9 9 7 9
split_gain=0.192716 0.27407 0.425761 0.544774
threshold=30.500000000000004 57.500000000000007 399.00000000000369 87.500000000000014
decision_type=2 2 2 2
left_child=-1 -2 3 -3
right_child=1 2 -4 -5
leaf_value=0.01659907136249451 -0.025997608672596713 0.04808650236653899 -0.020690244495295371 -0.0071480671690860049
leaf_weight=5.336492687463763 4.5977840051054981 3.2812828756868822 4.6905616745352745 3.9175208881497383
leaf_count=30 27 22 36 24
internal_value=0 -0.00526456 0.0027532 0.0180284
internal_weight=0 16.4871 11.8894 7.1988
internal_count=139 109 82 46
is_linear=0
shrinkage=0.1


end of trees

feature_importances:
taskNum=117
s_view_position=92
response_time=73
scroll_time=62
s_scroll_speed=26
scroll_length=25
predicted_isAnswerCorrect=11
event_scroll=5
s_choice_left=3

parameters:
[boosting: gbdt]
[objective: binary]
[metric: binary_error]
[tree_learner: serial]
[device_type: cpu]
[data_sample_strategy: bagging]
[data: ]
[valid: ]
[num_iterations: 100]
[learning_rate: 0.1]
[num_leaves: 31]
[num_threads: 0]
[seed: 0]
[deterministic: 0]
[force_col_wise: 0]
[force_row_wise: 0]
[histogram_pool_size: -1]
[max_depth: -1]
[min_data_in_leaf: 20]
[min_sum_hessian_in_leaf: 0.001]
[bagging_fraction: 1]
[pos_bagging_fraction: 1]
[neg_bagging_fraction: 1]
[bagging_freq: 0]
[bagging_seed: 3]
[feature_fraction: 0.6]
[feature_fraction_bynode: 1]
[feature_fraction_seed: 2]
[extra_trees: 0]
[extra_seed: 6]
[early_stopping_round: 0]
[first_metric_only: 0]
[max_delta_step: 0]
[lambda_l1: 0]
[lambda_l2: 0]
[linear_lambda: 0]
[min_gain_to_split: 0]
[drop_rate: 0.1]
[max_drop: 50]
[skip_drop: 0.5]
[xgboost_dart_mode: 0]
[uniform_drop: 0]
[drop_seed: 4]
[top_rate: 0.2]
[other_rate: 0.1]
[min_data_per_group: 100]
[max_cat_threshold: 32]
[cat_l2: 10]
[cat_smooth: 10]
[max_cat_to_onehot: 4]
[top_k: 20]
[monotone_constraints: ]
[monotone_constraints_method: basic]
[monotone_penalty: 0]
[feature_contri: ]
[forcedsplits_filename: ]
[refit_decay_rate: 0.9]
[cegb_tradeoff: 1]
[cegb_penalty_split: 0]
[cegb_penalty_feature_lazy: ]
[cegb_penalty_feature_coupled: ]
[path_smooth: 0]
[interaction_constraints: ]
[verbosity: -1]
[saved_feature_importance_type: 0]
[use_quantized_grad: 0]
[num_grad_quant_bins: 4]
[quant_train_renew_leaf: 0]
[stochastic_rounding: 1]
[linear_tree: 0]
[max_bin: 255]
[max_bin_by_feature: ]
[min_data_in_bin: 3]
[bin_construct_sample_cnt: 200000]
[data_random_seed: 1]
[is_enable_sparse: 1]
[enable_bundle: 1]
[use_missing: 1]
[zero_as_missing: 0]
[feature_pre_filter: 0]
[pre_partition: 0]
[two_round: 0]
[header: 0]
[label_column: ]
[weight_column: ]
[group_column: ]
[ignore_column: ]
[categorical_feature: ]
[forcedbins_filename: ]
[precise_float_parser: 0]
[parser_config_file: ]
[objective_seed: 5]
[num_class: 1]
[is_unbalance: 0]
[scale_pos_weight: 1]
[sigmoid: 1]
[boost_from_average: 1]
[reg_sqrt: 0]
[alpha: 0.9]
[fair_c: 1]
[poisson_max_delta_step: 0.7]
[tweedie_variance_power: 1.5]
[lambdarank_truncation_level: 30]
[lambdarank_norm: 1]
[label_gain: ]
[lambdarank_position_bias_regularization: 0]
[eval_at: ]
[multi_error_top_k: 1]
[auc_mu_weights: ]
[num_machines: 1]
[local_listen_port: 12400]
[time_out: 120]
[machine_list_filename: ]
[machines: ]
[gpu_platform_id: -1]
[gpu_device_id: -1]
[gpu_use_dp: 0]
[num_gpu: 1]

end of parameters

pandas_categorical:[]
