tree
version=v4
num_class=1
num_tree_per_iteration=1
label_index=0
max_feature_idx=14
objective=binary sigmoid:1
feature_names=response_time s_tap_count ratio_tap_position_y scroll_length event_scroll s_scroll_speed tap_position_x taskNum tap_position_y screen_width s_view_position scroll_time ratio_tap_position_x s_choice_left screen_height
feature_infos=[0:111.39999999999796] [1:1] none [0:37464.666666666657] [0:6] [-3503.3333333333576:6900.0000000000018] none [1:148] none [390:390] [-343.99999999999989:1145.6666666666642] [-0.5:18.799999999999962] none [0:1] [844:844]
tree_sizes=636 744 747 757 745 746 751 746 647 645 755 750 758 748 744 754 753 649 652 549 636 745 755 652 755 651 754 760 652 757 653 858 653 656 755 756 753 755 756 752 753 758 756 757 651 760 756 654 643 656 651 756 760 756 758 654 656 654 658 754 758 757 659 760 657 752 654 652 657 658 653 653 651 658 755 755 758 761 759 661 652 753 759 654 760 761 755 754 753 860 754 761 660 656 651 652 659 756 658 759

Tree=0
num_leaves=5
num_cat=0
split_feature=10 10 10 3
split_gain=5.2988 2.84261 2.80277 2.8706
threshold=659.66666666667163 466.00000000000006 348.33333333334127 699.33333333333223
decision_type=2 2 2 2
left_child=1 2 -1 -4
right_child=-2 -3 3 -5
leaf_value=0.48392057628763491 0.34404828720584085 0.5090589139567131 0.36602821834726562 0.45491480205408319
leaf_weight=8.3409421145916038 5.0045652687549582 7.3876915872097006 7.1493789553642255 7.3876915872097015
leaf_count=35 21 31 30 31
internal_value=0.439367 0.455128 0.437713 0.4112
internal_weight=0 30.2657 22.878 14.5371
internal_count=148 127 96 61
is_linear=0
shrinkage=1


Tree=1
num_leaves=6
num_cat=0
split_feature=7 3 3 0 0
split_gain=4.57077 3.0569 2.69357 1.31508 3.05053
threshold=120.50000000000001 832.3333333333386 730.3333333333286 1.0500000000000003 0.15000000000000005
decision_type=2 2 2 2 2
left_child=1 2 3 4 -1
right_child=-2 -3 -4 -5 -6
leaf_value=-0.0020958422939207975 -0.07444806303330366 0.086674939616801006 -0.056229417254058882 -0.016086570278743682 0.10269388409798069
leaf_weight=6.6425345689058393 6.6768227815628043 5.2149635404348365 5.9284166842699042 6.0025574117898932 4.7750446945428848
leaf_count=28 28 22 25 25 20
internal_value=0 0.0174538 0.00199302 0.0218073 0.0417292
internal_weight=0 28.5635 23.3486 17.4201 11.4176
internal_count=148 120 98 73 48
is_linear=0
shrinkage=0.1


Tree=2
num_leaves=6
num_cat=0
split_feature=7 7 0 7 0
split_gain=3.6616 1.82547 4.45898 3.8884 1.05852
threshold=120.50000000000001 72.500000000000014 0.15000000000000005 30.500000000000004 1.3500000000000003
decision_type=2 2 2 2 2
left_child=1 3 -3 -1 -5
right_child=-2 2 -4 4 -6
leaf_value=0.051711937164192569 -0.065988143236269337 -0.0079117683394315571 0.11878517115993881 -0.077680396844320543 -0.012616552336248997
leaf_weight=7.1198268085718217 6.7739035040140143 6.4096114039421064 4.9024559259414673 4.9748339056968671 5.0272304266691208
leaf_count=30 28 27 21 21 21
internal_value=0 0.0158238 0.0469965 -0.00477128 -0.0449781
internal_weight=0 28.434 11.3121 17.1219 10.0021
internal_count=148 120 48 72 42
is_linear=0
shrinkage=0.1


Tree=3
num_leaves=6
num_cat=0
split_feature=3 0 11 5 11
split_gain=2.47523 0.890939 1.78713 1.30802 0.792029
threshold=934.33333333333405 0.15000000000000005 2.4000000000000008 346.36363636363666 0.55000000000000004
decision_type=2 2 2 2 2
left_child=1 4 3 -3 -1
right_child=-2 2 -4 -5 -6
leaf_value=-0.053967531265739548 0.068690595957531686 0.056056780199802529 -0.041923188054027866 -0.0093560707000795145 -0.0035185616957944714
leaf_weight=6.7318305522203463 4.5788588076829901 6.5681484043598193 5.7528785020112982 5.7184041738510132 5.7873367369174957
leaf_count=28 20 28 24 24 24
internal_value=0 -0.0101495 0.00407488 0.0256123 -0.0306461
internal_weight=0 30.5586 18.0394 12.2866 12.5192
internal_count=148 128 76 52 52
is_linear=0
shrinkage=0.1


Tree=4
num_leaves=6
num_cat=0
split_feature=7 3 3 0 0
split_gain=2.75907 2.00328 2.08793 0.974608 2.01455
threshold=120.50000000000001 832.3333333333386 730.3333333333286 1.0500000000000003 0.15000000000000005
decision_type=2 2 2 2 2
left_child=1 2 3 4 -1
right_child=-2 -3 -4 -5 -6
leaf_value=0.0019269391579532194 -0.056741027672783106 0.071751842858246706 -0.04910988485222368 -0.013074822971538473 0.088249616716315413
leaf_weight=6.7002994567155927 6.8606968969106665 4.9472790062427512 6.0052800476551047 6.0325606465339652 4.5322180092334747
leaf_count=28 28 22 25 25 20
internal_value=0 0.013965 0.00167957 0.0193456 0.0367573
internal_weight=0 28.2176 23.2704 17.2651 11.2325
internal_count=148 120 98 73 48
is_linear=0
shrinkage=0.1


Tree=5
num_leaves=6
num_cat=0
split_feature=7 11 7 7 11
split_gain=2.24178 3.59131 2.55463 3.19931 0.619041
threshold=105.50000000000001 0.55000000000000004 72.500000000000014 30.500000000000004 1.9000000000000001
decision_type=2 2 2 2 2
left_child=2 -2 3 -1 -5
right_child=1 -3 -4 4 -6
leaf_value=0.0470875596428319 -0.098691863434270263 0.019087827794213807 0.065038333016259983 -0.06489274290118828 -0.01522826206978254
leaf_weight=6.9945062994957032 5.0967073887586576 5.26142218708992 7.5456683635711661 5.2132572382688505 4.8395713865756989
leaf_count=30 21 22 33 22 20
internal_value=0 -0.0388656 0.0165946 -0.00484807 -0.0409836
internal_weight=0 10.3581 24.593 17.0473 10.0528
internal_count=148 43 105 72 42
is_linear=0
shrinkage=0.1


Tree=6
num_leaves=6
num_cat=0
split_feature=10 7 7 7 5
split_gain=4.77813 1.83617 2.30047 2.00687 0.00135542
threshold=659.66666666667163 72.500000000000014 105.50000000000001 30.500000000000004 228.64923747276717
decision_type=2 2 2 2 2
left_child=1 3 -3 -1 -5
right_child=-2 2 -4 4 -6
leaf_value=0.035476994363818841 -0.090635460957994338 0.088217568832024321 0.0058676213226700512 -0.035341405246036406 -0.037711775074693768
leaf_weight=6.4649000316858354 4.9678615778684607 6.0564424693584424 7.7115702480077744 4.8387626111507398 4.8107381910085678
leaf_count=28 21 27 32 20 20
internal_value=0 0.0152751 0.0420927 -0.00763757 -0.0365231
internal_weight=0 29.8824 13.768 16.1144 9.6495
internal_count=148 127 59 68 40
is_linear=0
shrinkage=0.1


Tree=7
num_leaves=6
num_cat=0
split_feature=7 3 3 3 7
split_gain=1.75158 1.64288 1.57909 0.311513 0.327468
threshold=120.50000000000001 832.3333333333386 730.3333333333286 196.00000000000003 93.500000000000014
decision_type=2 2 2 2 2
left_child=1 2 3 4 -1
right_child=-2 -3 -4 -5 -6
leaf_value=0.047122661841766139 -0.044825026828565789 0.064857418266959607 -0.043568059550274436 2.295621769651101e-05 0.010604040313062908
leaf_weight=4.5557830482721418 6.9199820905923835 4.7638113498687735 6.0417311638593665 7.1375080347061148 5.3263031393289566
leaf_count=20 28 22 25 30 23
internal_value=0 0.011395 0.000351164 0.0159419 0.0274396
internal_weight=0 27.8251 23.0613 17.0196 9.88209
internal_count=148 120 98 73 43
is_linear=0
shrinkage=0.1


Tree=8
num_leaves=5
num_cat=0
split_feature=10 10 10 3
split_gain=3.87957 1.51092 2.3879 2.25802
threshold=659.66666666667163 466.00000000000006 348.33333333334127 699.33333333333223
decision_type=2 2 2 2
left_child=1 2 -1 -4
right_child=-2 -3 3 -5
leaf_value=0.044508855432147255 -0.081165499405066732 0.054966040204611724 -0.062585892040546862 0.016404758183822404
leaf_weight=8.236504748463636 5.0119978338479987 6.8962120711803427 7.2095037400722486 7.2662958949804306
leaf_count=35 21 31 30 31
internal_value=0 0.0139704 0.00152279 -0.0229356
internal_weight=0 29.6085 22.7123 14.4758
internal_count=148 127 96 61
is_linear=0
shrinkage=0.1


Tree=9
num_leaves=5
num_cat=0
split_feature=10 10 10 3
split_gain=3.11679 1.25125 1.946 1.80882
threshold=659.66666666667163 466.00000000000006 348.33333333334127 699.33333333333223
decision_type=2 2 2 2
left_child=1 2 -1 -4
right_child=-2 -3 3 -5
leaf_value=0.040481422965305242 -0.072274928857455192 0.050348727522020048 -0.055777151426899207 0.014817468348674482
leaf_weight=8.1547793895006233 5.0626894980669013 6.7819502353668204 7.276722848415373 7.2415751367807388
leaf_count=35 21 31 30 31
internal_value=0 0.0126636 0.00139125 -0.0205653
internal_weight=0 29.455 22.6731 14.5183
internal_count=148 127 96 61
is_linear=0
shrinkage=0.1


Tree=10
num_leaves=6
num_cat=0
split_feature=10 13 7 7 7
split_gain=2.51278 1.30864 1.50895 3.57463 3.67153
threshold=659.66666666667163 1.0000000180025095e-35 30.500000000000004 66.500000000000014 105.50000000000001
decision_type=2 2 2 2 2
left_child=1 -1 -3 -4 -5
right_child=-2 2 3 4 -6
leaf_value=0.050138784078420345 -0.064607067409733057 0.046040950586956501 -0.080864855593985374 0.070224536619826514 -0.042282908502990185
leaf_weight=6.7415411770343807 5.0952632427215567 5.3969034403562572 5.5190621912479427 6.1149880141019803 5.5179505199193954
leaf_count=29 21 24 23 28 23
internal_value=0 0.0114816 -7.59416e-05 -0.0145867 0.0168579
internal_weight=0 29.2904 22.5489 17.152 11.6329
internal_count=148 127 98 74 51
is_linear=0
shrinkage=0.1


Tree=11
num_leaves=6
num_cat=0
split_feature=10 7 0 7 7
split_gain=2.0327 1.1742 1.76963 1.54555 1.22101
threshold=659.66666666667163 72.500000000000014 2.6500000000000017 105.50000000000001 42.500000000000007
decision_type=2 2 2 2 2
left_child=1 2 4 -3 -1
right_child=-2 3 -4 -5 -6
leaf_value=-0.0004347791197750686 -0.057919268486891586 0.072482209397575312 0.042386828133853305 0.0031933175013833812 -0.067396113328714036
leaf_weight=6.1706588119268435 5.1140993237495413 5.5795253217220289 4.8676854968070975 7.6101263910531998 4.8741016685962677
leaf_count=27 21 27 21 32 20
internal_value=0 0.0104414 -0.00784623 0.0325041 -0.0299851
internal_weight=0 29.1021 15.9124 13.1897 11.0448
internal_count=148 127 68 59 47
is_linear=0
shrinkage=0.1


Tree=12
num_leaves=6
num_cat=0
split_feature=10 11 3 3 11
split_gain=1.64697 1.53302 3.22227 1.34721 2.32177
threshold=659.66666666667163 2.4000000000000008 771.16666666667118 196.00000000000003 1.0000000180025095e-35
decision_type=2 2 2 2 2
left_child=1 2 3 4 -1
right_child=-2 -3 -4 -5 -6
leaf_value=-0.02127425666070458 -0.052035161402433444 -0.033982948486428265 0.087025238110182146 -0.045928007728909426 0.066366619930712287
leaf_weight=6.8803827613592237 5.1226114630699149 6.3366382718086234 5.6561037302017203 4.6600134521722785 5.3913671374320984
leaf_count=30 21 27 26 20 24
internal_value=0 0.00948306 0.0216767 -0.000153165 0.0172291
internal_weight=0 28.9245 22.5879 16.9318 12.2717
internal_count=148 127 100 74 54
is_linear=0
shrinkage=0.1


Tree=13
num_leaves=6
num_cat=0
split_feature=0 10 7 7 0
split_gain=1.52677 3.83334 2.64754 1.33904 1.10081
threshold=0.15000000000000005 337.83333333333809 72.500000000000014 30.500000000000004 1.3500000000000003
decision_type=2 2 2 2 2
left_child=1 -1 3 -2 -5
right_child=2 -3 -4 4 -6
leaf_value=0.033438904062746709 0.032295224853519107 -0.079554012352901646 0.078689957641273053 -0.058978277291830722 0.006768294031327159
leaf_weight=5.5015256553888303 6.4557314515113893 6.6096205115318298 5.1533851772546759 5.0642993152141553 5.1225390732288361
leaf_count=24 29 28 25 21 21
internal_value=0 -0.0282266 0.0160578 -0.00333623 -0.025917
internal_weight=0 12.1111 21.796 16.6426 10.1868
internal_count=148 52 96 71 42
is_linear=0
shrinkage=0.1


Tree=14
num_leaves=6
num_cat=0
split_feature=5 11 11 11 3
split_gain=0.98991 2.71925 0.448971 0.880831 0.280028
threshold=279.75243147657073 1.25 0.75000000000000011 1.0000000180025095e-35 412.50000000000119
decision_type=2 2 2 2 2
left_child=2 -2 3 -1 -4
right_child=1 -3 4 -5 -6
leaf_value=-0.017122280015330765 -0.027856699172845657 0.079237183062553423 -0.04501023838321562 0.0345575661920434 -0.010762892243089621
leaf_weight=9.6672855317592639 4.5775229483842832 4.9184718579053879 4.6278395503759366 5.0056844651699057 4.9319338947534561
leaf_count=42 20 23 20 22 21
internal_value=0 0.0276128 -0.0104785 0.000508302 -0.0273419
internal_weight=0 9.49599 24.2327 14.673 9.55977
internal_count=148 43 105 64 41
is_linear=0
shrinkage=0.1


Tree=15
num_leaves=6
num_cat=0
split_feature=0 0 0 3 11
split_gain=1.20703 1.38654 1.98816 1.48053 0.38784
threshold=2.6500000000000017 1.0500000000000003 0.15000000000000005 730.3333333333286 0.55000000000000004
decision_type=2 2 2 2 2
left_child=1 2 4 -4 -1
right_child=-2 -3 3 -5 -6
leaf_value=-0.041435196263350238 0.045272228496939515 -0.052709452277748849 0.076060915453369266 0.0019214146663841119 -0.0055343144449287252
leaf_weight=6.5305505692958885 5.0584168434143058 5.5269097089767447 4.7316547781229001 6.2530941963195801 5.580518901348114
leaf_count=28 22 23 22 29 24
internal_value=0 -0.00771731 0.00304946 0.0338568 -0.0248928
internal_weight=0 28.6227 23.0958 10.9847 12.1111
internal_count=148 126 103 51 52
is_linear=0
shrinkage=0.1


Tree=16
num_leaves=6
num_cat=0
split_feature=10 13 5 7 10
split_gain=1.40987 1.01876 1.18274 2.25094 2.1768
threshold=659.66666666667163 1.0000000180025095e-35 228.64923747276717 105.50000000000001 350.33333333333036
decision_type=2 2 2 2 2
left_child=1 -1 3 4 -3
right_child=-2 2 -4 -5 -6
leaf_value=0.043747484093166103 -0.048463447113778479 -0.0011293882529381574 -0.0369678287902089 -0.037773316964842665 0.092432365005091832
leaf_weight=6.470969662070277 5.0504484325647345 5.4062315523624438 6.5602607131004325 5.4896800667047492 4.6047169268131256
leaf_count=29 21 24 30 23 21
internal_value=0 0.00885767 -0.00137632 0.0136869 0.041906
internal_weight=0 28.5319 22.0609 15.5006 10.0109
internal_count=148 127 98 68 45
is_linear=0
shrinkage=0.1


Tree=17
num_leaves=5
num_cat=0
split_feature=10 7 10 0
split_gain=1.22706 2.53766 1.67765 0.743276
threshold=348.33333333334127 114.50000000000001 446.00000000000006 1.6500000000000006
decision_type=2 2 2 2
left_child=-1 2 3 -2
right_child=1 -3 -4 -5
leaf_value=0.034663002042493965 0.0038461197463965655 -0.072494593983800204 0.042632865937557281 -0.045192999982848425
leaf_weight=7.9090490490198126 7.380043372511869 5.2351955473422995 7.6320267319679251 5.3178801685571671
leaf_count=35 33 22 36 22
internal_value=0 -0.0104085 0.00557939 -0.0166914
internal_weight=0 25.5651 20.33 12.6979
internal_count=148 113 91 55
is_linear=0
shrinkage=0.1


Tree=18
num_leaves=5
num_cat=0
split_feature=10 10 10 5
split_gain=1.12319 0.917052 1.64721 1.36775
threshold=659.66666666667163 466.00000000000006 379.83333333333582 102.95752895752945
decision_type=2 2 2 2
left_child=1 2 3 -1
right_child=-2 -3 -4 -5
leaf_value=-0.0030633809004223973 -0.043435411589448178 0.041469349701551167 -0.034478482400018516 0.064796303952260395
leaf_weight=8.3189405500888878 5.0060698986053458 6.3353174626827231 9.0352583229541761 4.6195099502801886
leaf_count=37 21 31 39 20
internal_value=0 0.0079495 -0.00171473 0.0211651
internal_weight=0 28.309 21.9737 12.9385
internal_count=148 127 96 57
is_linear=0
shrinkage=0.1


Tree=19
num_leaves=4
num_cat=0
split_feature=5 0 0
split_gain=0.880205 1.83526 0.608282
threshold=279.75243147657073 0.65000000000000002 1.0500000000000003
decision_type=2 2 2
left_child=2 -2 -1
right_child=1 -3 -4
leaf_value=0.0010450710202138129 -0.019447796966742037 0.069177873584777227 -0.033110997633998593
leaf_weight=16.161519557237629 4.5347800105810148 4.8202235847711563 7.6972324252128592
leaf_count=72 22 21 33
internal_value=0 0.0262171 -0.00997425
internal_weight=0 9.355 23.8588
internal_count=148 43 105
is_linear=0
shrinkage=0.1


Tree=20
num_leaves=5
num_cat=0
split_feature=10 0 11 11
split_gain=1.02116 2.60414 2.18182 1.26346
threshold=219.33333333333943 0.15000000000000005 2.4000000000000008 1.25
decision_type=2 2 2 2
left_child=-1 -2 3 -3
right_child=1 2 -4 -5
leaf_value=0.044742114930235333 -0.052042175615889801 0.012837914658824138 -0.033820723553590212 0.076440876409328548
leaf_weight=4.4576160013675681 8.7922767698764819 8.401500806212427 6.5896189212799063 4.9713723212480536
leaf_count=20 38 38 28 24
internal_value=0 -0.00669667 0.0132753 0.0364823
internal_weight=0 28.7548 19.9625 13.3729
internal_count=148 128 90 62
is_linear=0
shrinkage=0.1


Tree=21
num_leaves=6
num_cat=0
split_feature=5 11 11 11 3
split_gain=0.517453 1.97978 0.453423 0.768457 0.290105
threshold=279.75243147657073 1.25 0.75000000000000011 1.0000000180025095e-35 412.50000000000119
decision_type=2 2 2 2 2
left_child=2 -2 3 -1 -4
right_child=1 -3 4 -5 -6
leaf_value=-0.01294811745005533 -0.026244817961316738 0.066557918333249408 -0.042612978941603138 0.035854783602204642 -0.0076314277508729364
leaf_weight=9.4893843382596987 4.5769148617982847 4.6183482706546783 4.5820065587759 4.8886687308549872 4.9122893214225769
leaf_count=42 20 23 20 22 21
internal_value=0 0.0203656 -0.00755385 0.00364531 -0.0245137
internal_weight=0 9.19526 23.8723 14.3781 9.4943
internal_count=148 43 105 64 41
is_linear=0
shrinkage=0.1


Tree=22
num_leaves=6
num_cat=0
split_feature=7 7 7 11 11
split_gain=0.863632 1.02546 1.31703 1.62471 1.48214
threshold=30.500000000000004 57.500000000000007 105.50000000000001 0.55000000000000004 0.75000000000000011
decision_type=2 2 2 2 2
left_child=-1 -2 4 -4 -3
right_child=1 2 3 -5 -6
leaf_value=0.032848096107464329 -0.042822222752500194 0.076065421571711173 -0.063100756238245181 0.017833059554896728 -0.0020099900672026529
leaf_weight=6.5071631819009772 6.3582425415515926 3.9856054335832614 4.970290854573248 4.9512254595756531 6.2352423071861267
leaf_count=30 27 19 21 22 29
internal_value=0 -0.00781015 0.00324194 -0.0227116 0.0284354
internal_weight=0 26.5006 20.1424 9.92152 10.2208
internal_count=148 118 91 43 48
is_linear=0
shrinkage=0.1


Tree=23
num_leaves=5
num_cat=0
split_feature=10 7 4 11
split_gain=1.0276 1.82407 1.64873 1.57287
threshold=348.33333333334127 114.50000000000001 1.0000000180025095e-35 2.4000000000000008
decision_type=2 2 2 2
left_child=-1 2 -2 -4
right_child=1 -3 3 -5
leaf_value=0.031962135979251072 0.044180295758999857 -0.062946972154843184 0.012160405128503896 -0.05803119144730258
leaf_weight=7.7763397097587577 6.7565285563468995 5.1117100715637198 7.8038720935583097 5.4025434404611588
leaf_count=35 33 22 35 23
internal_value=0 -0.00964636 0.0040018 -0.0165539
internal_weight=0 25.0747 19.9629 13.2064
internal_count=148 113 91 58
is_linear=0
shrinkage=0.1


Tree=24
num_leaves=6
num_cat=0
split_feature=0 0 0 11 0
split_gain=1.05002 1.11539 1.15437 0.324023 0.24425
threshold=2.6500000000000017 1.0500000000000003 0.25000000000000006 0.55000000000000004 0.55000000000000016
decision_type=2 2 2 2 2
left_child=1 2 3 -1 -4
right_child=-2 -3 4 -5 -6
leaf_value=-0.031816245437856626 0.0425966801031386 -0.047867947647744984 0.014822811747033676 -0.0001948872944655196 0.047434797389658112
leaf_weight=6.7764020562171989 4.9547541141510001 5.4640042185783377 5.1072618886828405 6.2103357166051865 4.1730528175830841
leaf_count=30 22 23 26 28 19
internal_value=0 -0.00738193 0.00255274 -0.0166947 0.0294874
internal_weight=0 27.7311 22.2671 12.9867 9.28031
internal_count=148 126 103 58 45
is_linear=0
shrinkage=0.1


Tree=25
num_leaves=5
num_cat=0
split_feature=10 7 4 5
split_gain=0.913142 1.4357 1.22931 0.885387
threshold=348.33333333334127 117.50000000000001 1.0000000180025095e-35 228.64923747276717
decision_type=2 2 2 2
left_child=-1 2 -2 -4
right_child=1 -3 3 -5
leaf_value=0.030238451009982195 0.035680772201524741 -0.059712086722136973 0.01550514845813538 -0.037312235103923168
leaf_weight=7.7164847403764716 7.1403012424707475 4.5796573162078849 5.3453824520111066 7.8123546242713928
leaf_count=35 35 20 23 35
internal_value=0 -0.0091369 0.00227391 -0.015855
internal_weight=0 24.8777 20.298 13.1577
internal_count=148 113 93 58
is_linear=0
shrinkage=0.1


Tree=26
num_leaves=6
num_cat=0
split_feature=0 0 0 10 5
split_gain=0.853663 0.894691 0.998511 1.76637 1.23972
threshold=2.6500000000000017 1.0500000000000003 0.25000000000000006 337.83333333333809 912.78571428571411
decision_type=2 2 2 2 2
left_child=1 2 3 -1 -4
right_child=-2 -3 4 -5 -6
leaf_value=0.028129006949412116 0.038629525840083362 -0.042783365102529801 0.060313488958555851 -0.046945271626963291 -0.013608693398249517
leaf_weight=5.3763348758220726 4.9015539288520804 5.4911956787109366 5.111807353794573 7.5142486691474915 4.0789711251854897
leaf_count=24 22 23 25 34 20
internal_value=0 -0.00666089 0.00232205 -0.0156337 0.027506
internal_weight=0 27.5726 22.0814 12.8906 9.19078
internal_count=148 126 103 58 45
is_linear=0
shrinkage=0.1


Tree=27
num_leaves=6
num_cat=0
split_feature=7 13 7 7 11
split_gain=0.623967 0.990329 1.74749 3.33905 0.262976
threshold=30.500000000000004 1.0000000180025095e-35 63.500000000000007 117.50000000000001 0.40000000000000013
decision_type=2 2 2 2 2
left_child=-1 -2 -3 4 -4
right_child=1 2 3 -5 -6
leaf_value=0.028233617238085221 0.026619884766687571 -0.065861039408005931 0.056477091192878061 -0.062703020854037061 0.021592606643202297
leaf_weight=6.3641816973686209 6.6364150270819691 5.4946431666612652 4.2748958021402341 5.1775069385766974 4.3700713068246841
leaf_count=30 31 23 21 22 21
internal_value=0 -0.00670709 -0.0181566 0.000806627 0.0388428
internal_weight=0 25.9535 19.3171 13.8225 8.64497
internal_count=148 118 87 64 42
is_linear=0
shrinkage=0.1


Tree=28
num_leaves=5
num_cat=0
split_feature=7 7 3 7
split_gain=0.509699 0.688489 0.767511 0.309121
threshold=30.500000000000004 57.500000000000007 651.8333333333336 108.50000000000001
decision_type=2 2 2 2
left_child=-1 -2 3 -3
right_child=1 2 -4 -5
leaf_value=0.025657661916359899 -0.034554159209256849 -0.023109228096799928 0.04110143642128769 0.0055717673966213348
leaf_weight=6.3060015290975562 6.3815506696701076 6.7513432726264027 4.2086027562618247 8.4752691537141782
leaf_count=30 27 32 21 38
internal_value=0 -0.0060552 0.00330243 -0.00714513
internal_weight=0 25.8168 19.4352 15.2266
internal_count=148 118 91 70
is_linear=0
shrinkage=0.1


Tree=29
num_leaves=6
num_cat=0
split_feature=7 7 5 10 7
split_gain=0.999435 1.50547 1.56897 0.863272 0.383086
threshold=15.500000000000002 36.500000000000007 279.75243147657073 348.33333333334127 114.50000000000001
decision_type=2 2 2 2 2
left_child=-1 -2 3 -3 -5
right_child=1 2 -4 4 -6
leaf_value=0.054219584434959403 -0.058482213777714433 0.020662004553987954 0.051729978435664181 -0.011489829571709589 -0.047845922149513796
leaf_weight=3.0905549973249427 4.5404517352581051 6.3914730623364511 5.4120210558176032 8.1411303803324682 4.5004919916391364
leaf_count=15 21 29 26 37 20
internal_value=0 -0.00560216 0.00421982 -0.00928959 -0.0244328
internal_weight=0 28.9856 24.4451 19.0331 12.6416
internal_count=148 133 112 86 57
is_linear=0
shrinkage=0.1


Tree=30
num_leaves=5
num_cat=0
split_feature=10 10 10 5
split_gain=0.846283 1.20419 1.23719 1.18849
threshold=659.66666666667163 466.00000000000006 379.83333333333582 102.95752895752945
decision_type=2 2 2 2
left_child=1 2 3 -1
right_child=-2 -3 -4 -5
leaf_value=-0.0070218882072661777 -0.038862732034545024 0.045991126180776644 -0.033172903398004175 0.057802933740564943
leaf_weight=7.9670195132494062 4.7335201352834693 6.122973918914794 8.7409468442201597 4.3847628757357597
leaf_count=37 21 31 39 20
internal_value=0 0.00694998 -0.00438321 0.0159903
internal_weight=0 27.2157 21.0927 12.3518
internal_count=148 127 96 57
is_linear=0
shrinkage=0.1


Tree=31
num_leaves=7
num_cat=0
split_feature=7 7 5 0 10 7
split_gain=0.792972 1.14056 1.28645 0.72718 0.630564 0.176863
threshold=15.500000000000002 36.500000000000007 279.75243147657073 0.84999999999999998 510.50000000000006 108.50000000000001
decision_type=2 2 2 2 2 2
left_child=-1 -2 3 4 5 -3
right_child=1 2 -4 -5 -6 -7
leaf_value=0.048995536669932574 -0.050527785350986877 0.0036105476519386181 0.047203134639693466 -0.041873350202070302 -0.025720129886282736 0.031537978928815123
leaf_weight=3.0106532871723202 4.6103956252336529 4.2186469212174469 5.3153013437986365 4.8488728851079932 4.9456062316894522 4.9033336043357849
leaf_count=15 21 21 26 20 23 22
internal_value=0 -0.00493796 0.00373607 -0.00847766 0.0030333 0.0186224
internal_weight=0 28.8422 24.2318 18.9165 14.0676 9.12198
internal_count=148 133 112 86 66 43
is_linear=0
shrinkage=0.1


Tree=32
num_leaves=5
num_cat=0
split_feature=10 10 11 10
split_gain=0.686101 1.02142 1.33457 0.720155
threshold=659.66666666667163 466.00000000000006 0.55000000000000004 349.33333333333337
decision_type=2 2 2 2
left_child=1 2 -1 -4
right_child=-2 -3 3 -5
leaf_value=-0.038317408676267026 -0.035109575125469784 0.042600161729098585 0.044056235973774359 -0.0033982993174100384
leaf_weight=7.3949606865644553 4.6993251740932456 6.0214460268616667 5.124920740723609 8.5051243677735311
leaf_count=34 21 31 24 38
internal_value=0 0.00628698 -0.00411291 0.0144447
internal_weight=0 27.0465 21.025 13.63
internal_count=148 127 96 62
is_linear=0
shrinkage=0.1


Tree=33
num_leaves=5
num_cat=0
split_feature=0 0 0 0
split_gain=0.43548 0.748689 0.931021 0.213246
threshold=2.6500000000000017 1.0500000000000003 0.55000000000000016 0.15000000000000005
decision_type=2 2 2 2
left_child=1 2 3 -1
right_child=-2 -3 -4 -5
leaf_value=-0.014421883499342217 0.028380412049635928 -0.03787877887611061 0.046634012976555637 0.0088247530437103993
leaf_weight=11.440293088555348 4.6615292578935614 5.4370555877685538 4.0836447700858107 6.0237910896539679
leaf_count=52 22 23 19 32
internal_value=0 -0.00471912 0.00364793 -0.00640355
internal_weight=0 26.9848 21.5477 17.4641
internal_count=148 126 103 84
is_linear=0
shrinkage=0.1


Tree=34
num_leaves=6
num_cat=0
split_feature=10 11 10 11 7
split_gain=0.583301 0.955647 2.38248 1.33419 0.0228039
threshold=659.66666666667163 2.4000000000000008 466.00000000000006 0.55000000000000004 66.500000000000014
decision_type=2 2 2 2 2
left_child=1 2 3 -1 -5
right_child=-2 -3 -4 4 -6
leaf_value=-0.033790759717954207 -0.032491802632231191 -0.029323043201175542 0.076567544397009468 0.019149336465953674 0.02951341039842803
leaf_weight=7.44569606333972 4.6660246551036826 6.0122434943914405 4.9443239346146575 4.3643194288015348 4.1338765472173691
leaf_count=34 21 27 26 19 21
internal_value=0 0.00580884 0.0159208 -0.00288619 0.0241909
internal_weight=0 26.9005 20.8882 15.9439 8.4982
internal_count=148 127 100 74 40
is_linear=0
shrinkage=0.1


Tree=35
num_leaves=6
num_cat=0
split_feature=7 7 10 11 7
split_gain=0.607677 0.973751 0.85417 1.3939 1.42065
threshold=15.500000000000002 36.500000000000007 600.83333333333951 1.0000000180025095e-35 72.500000000000014
decision_type=2 2 2 2 2
left_child=-1 -2 3 -3 -5
right_child=1 2 -4 4 -6
leaf_value=0.043667598633467128 -0.046214551459124585 -0.02196374154126406 -0.029646831720271261 0.0036537723460974775 0.074330253102092819
leaf_weight=2.9121109321713474 4.6387088224291828 6.6341942995786729 5.7719277366995803 6.2893490344285947 5.1917674317955971
leaf_count=15 21 30 28 27 27
internal_value=0 -0.00428809 0.0038537 0.0145277 0.0356137
internal_weight=0 28.5259 23.8872 18.1153 11.4811
internal_count=148 133 112 84 54
is_linear=0
shrinkage=0.1


Tree=36
num_leaves=6
num_cat=0
split_feature=10 11 0 7 7
split_gain=0.527503 1.05147 1.97891 1.19195 0.276915
threshold=348.33333333334127 2.4000000000000008 0.15000000000000005 36.500000000000007 66.500000000000014
decision_type=2 2 2 2 2
left_child=-1 2 -2 -4 -5
right_child=1 -3 3 4 -6
leaf_value=0.023511730877459905 -0.043128467272381232 -0.043612482950477732 -0.019319659835398201 0.068940405859996334 0.032527941826966708
leaf_weight=7.3921909853816059 5.7979985922575059 5.9195210486650458 3.7249490320682517 3.7294090241193754 4.7469647601246834
leaf_count=35 27 26 18 16 26
internal_value=0 -0.00705187 0.00497199 0.027829 0.0485486
internal_weight=0 23.9188 17.9993 12.2013 8.47637
internal_count=148 113 87 60 42
is_linear=0
shrinkage=0.1


Tree=37
num_leaves=6
num_cat=0
split_feature=7 7 10 10 10
split_gain=0.552556 0.58084 1.3375 0.791295 0.0513447
threshold=30.500000000000004 57.500000000000007 659.66666666667163 350.33333333333036 446.00000000000006
decision_type=2 2 2 2 2
left_child=-1 -2 3 -3 -5
right_child=1 2 -4 4 -6
leaf_value=0.026842067463783134 -0.032915482122791488 -0.0083793561888661997 -0.047901758139792007 0.030295707622744528 0.04652892214343915
leaf_weight=6.2143144160509136 6.2363987267017391 6.8067591041326541 4.1333339661359778 3.9590077176690102 3.8366666212677956
leaf_count=30 27 32 19 20 20
internal_value=0 -0.00648111 0.00231785 0.0165329 0.0382849
internal_weight=0 24.9722 18.7358 14.6024 7.79567
internal_count=148 118 91 72 40
is_linear=0
shrinkage=0.1


Tree=38
num_leaves=6
num_cat=0
split_feature=10 5 5 10 10
split_gain=0.464391 0.352517 1.22872 0.254607 0.865096
threshold=256.16666666667157 279.75243147657073 912.78571428571411 466.00000000000006 379.83333333333582
decision_type=2 2 2 2 2
left_child=-1 3 -3 4 -2
right_child=1 2 -4 -5 -6
leaf_value=0.028714934710259734 0.0025414006145724885 0.048077066188090101 -0.02771951767197969 0.0011267675925589731 -0.055607514045363099
leaf_weight=4.8101397603750256 5.7732000350952202 4.4402443915605527 4.1261170506477356 7.3250035420060149 4.5946614295244217
leaf_count=23 26 22 21 36 20
internal_value=0 -0.00508287 0.0115685 -0.013145 -0.0232281
internal_weight=0 26.2592 8.56636 17.6929 10.3679
internal_count=148 125 43 82 46
is_linear=0
shrinkage=0.1


Tree=39
num_leaves=6
num_cat=0
split_feature=7 0 7 10 10
split_gain=0.454621 0.489813 1.79958 1.16511 0.560032
threshold=30.500000000000004 1.2500000000000002 72.500000000000014 600.83333333333951 350.33333333333036
decision_type=2 2 2 2 2
left_child=-1 2 -2 4 -4
right_child=1 -3 3 -5 -6
leaf_value=0.024497692750216835 -0.069735946151832012 0.020435716151053739 -0.00065843445078841046 -0.040786622170859828 0.045269527332115422
leaf_weight=6.1457503139972713 4.38109819591046 5.5067773461341849 5.6664686724543554 4.3030705600976935 4.995599053800106
leaf_count=30 19 24 27 22 26
internal_value=0 -0.00587757 -0.0133675 0.0031346 0.0208606
internal_weight=0 24.853 19.3462 14.9651 10.6621
internal_count=148 118 94 75 53
is_linear=0
shrinkage=0.1


Tree=40
num_leaves=6
num_cat=0
split_feature=10 7 5 7 5
split_gain=0.402617 1.76738 0.928197 1.16012 0.803957
threshold=256.16666666667157 120.50000000000001 193.60504920838693 51.500000000000007 478.69047619047677
decision_type=2 2 2 2 2
left_child=-1 2 3 -2 -4
right_child=1 -3 4 -5 -6
leaf_value=0.026864442838368082 0.070245082528145264 -0.060528047061563055 -0.046490889883957304 0.0032502735059523908 0.010075722689636475
leaf_weight=4.7681552246212986 4.0229850411415153 4.6645050793886176 4.4307433217763883 7.2300658524036407 5.803549163043499
leaf_count=23 18 22 20 35 30
internal_value=0 -0.00473209 0.00738018 0.027201 -0.0144137
internal_weight=0 26.1518 21.4873 11.2531 10.2343
internal_count=148 125 103 53 50
is_linear=0
shrinkage=0.1


Tree=41
num_leaves=6
num_cat=0
split_feature=0 4 10 11 3
split_gain=0.347735 1.29593 1.1358 0.830768 0.379634
threshold=0.15000000000000005 1.0000000180025095e-35 337.83333333333809 1.5000000000000002 696.99999999999523
decision_type=2 2 2 2 2
left_child=2 -2 -1 -3 -5
right_child=1 3 -4 4 -6
leaf_value=0.020092566095378836 0.051587735024993892 -0.035318982329312992 -0.044164903429632897 0.035370554484772269 -0.0067827895439264404
leaf_weight=5.1738814413547534 5.0839879289269474 6.0705527067184439 5.8735472559928894 4.0302933827042562 4.5467720404267311
leaf_count=24 28 27 28 19 22
internal_value=0 0.00808751 -0.014071 -0.00701082 0.0130247
internal_weight=0 19.7316 11.0474 14.6476 8.57707
internal_count=148 96 52 68 41
is_linear=0
shrinkage=0.1


Tree=42
num_leaves=6
num_cat=0
split_feature=11 10 0 10 0
split_gain=0.405089 0.994529 2.24256 0.921396 0.435756
threshold=2.4000000000000008 382.33333333333491 0.25000000000000006 256.16666666667157 0.65000000000000002
decision_type=2 2 2 2 2
left_child=1 3 -3 -1 -4
right_child=-2 2 4 -5 -6
leaf_value=0.015680342272259212 -0.021810377339638039 -0.023576210384324305 0.032827251555535571 -0.046069930820392735 0.078725984014139327
leaf_weight=4.3741583004593902 6.6028765588998786 6.0039262920618048 3.9798422381281835 5.3988788053393364 4.3068086951971054
leaf_count=21 30 30 21 26 20
internal_value=0 0.00615109 0.022963 -0.0184321 0.0566821
internal_weight=0 24.0636 14.2906 9.77304 8.28665
internal_count=148 118 71 47 41
is_linear=0
shrinkage=0.1


Tree=43
num_leaves=6
num_cat=0
split_feature=5 3 10 10 3
split_gain=0.349684 0.507959 0.517442 0.957121 0.41923
threshold=193.60504920838693 358.33333333333513 466.00000000000006 256.16666666667157 771.16666666667118
decision_type=2 2 2 2 2
left_child=1 2 3 -1 -2
right_child=4 -3 -4 -5 -6
leaf_value=0.018325550845177382 -0.039616270385713914 0.037499747644389535 0.022510491228175764 -0.045089837988643147 0.0012242488421152558
leaf_weight=4.5172957256436401 4.0939611718058568 4.4994778633117667 5.9372506886720648 5.0302812159061432 6.5105027109384537
leaf_count=22 18 21 30 23 34
internal_value=0 0.00792357 -0.000670476 -0.0150858 -0.0145426
internal_weight=0 19.9843 15.4848 9.54758 10.6045
internal_count=148 96 75 45 52
is_linear=0
shrinkage=0.1


Tree=44
num_leaves=5
num_cat=0
split_feature=11 3 3 7
split_gain=0.362474 1.12043 0.80103 0.595986
threshold=2.4000000000000008 771.16666666667118 196.00000000000003 105.50000000000001
decision_type=2 2 2 2
left_child=1 2 3 -1
right_child=-2 -3 -4 -5
leaf_value=0.032146516505886742 -0.020642906135002845 0.046035052374684499 -0.041809242319067352 -0.01027833877179779
leaf_weight=5.4091046676039793 6.5897154808044425 5.3782384470105162 4.6350799575448027 8.5378786548972112
leaf_count=27 30 29 21 41
internal_value=0 0.00583995 -0.00579379 0.00617543
internal_weight=0 23.9603 18.5821 13.947
internal_count=148 118 89 68
is_linear=0
shrinkage=0.1


Tree=45
num_leaves=6
num_cat=0
split_feature=7 7 10 0 10
split_gain=0.315198 0.631341 0.991677 0.998989 0.0787931
threshold=30.500000000000004 57.500000000000007 659.66666666667163 0.15000000000000005 292.16666666665702
decision_type=2 2 2 2 2
left_child=-1 -2 3 4 -3
right_child=1 2 -4 -5 -6
leaf_value=0.020637341967219693 -0.032618282166057805 0.0057853968351402763 -0.039633141791060443 0.051668126527770059 -0.012832213735328321
leaf_weight=6.0139443427324322 6.1560856997966793 4.6725313961505908 3.9968126565217963 5.2014848962426177 4.4269544184207916
leaf_count=30 27 22 19 30 20
internal_value=0 -0.00491666 0.00440324 0.0167105 -0.00327218
internal_weight=0 24.4539 18.2978 14.301 9.09949
internal_count=148 118 91 72 42
is_linear=0
shrinkage=0.1


Tree=46
num_leaves=6
num_cat=0
split_feature=10 10 10 3 10
split_gain=0.301114 0.471126 1.44622 0.945719 0.374539
threshold=348.33333333334127 466.00000000000006 684.16666666667163 412.50000000000119 382.66666666665884
decision_type=2 2 2 2 2
left_child=-1 3 -3 -2 -5
right_child=1 2 -4 4 -6
leaf_value=0.018061480836557935 -0.057291927938078982 0.040553327042697679 -0.037770596555495972 0.021180567687477364 -0.01963481494466196
leaf_weight=7.1513344794511822 4.1586754322052029 6.2313801720738393 3.7921081334352493 4.410223111510275 4.5863321796059608
leaf_count=35 19 34 18 20 22
internal_value=0 -0.00541127 0.0109216 -0.017856 0.000373392
internal_weight=0 23.1787 10.0235 13.1552 8.99656
internal_count=148 113 52 61 42
is_linear=0
shrinkage=0.1


Tree=47
num_leaves=5
num_cat=0
split_feature=5 0 0 11
split_gain=0.318923 0.87928 0.507443 0.119762
threshold=193.60504920838693 0.25000000000000006 1.0500000000000003 0.55000000000000004
decision_type=2 2 2 2
left_child=1 3 -2 -1
right_child=2 -3 -4 -5
leaf_value=-0.019053332943563355 0.0046238820775413424 0.033583215371482629 -0.039982122802184432 0.001085145057070729
leaf_weight=6.2723762542009407 6.1196519285440427 7.8469406738877288 4.3726509809494019 5.580091118812561
leaf_count=30 32 38 20 28
internal_value=0 0.00761805 -0.0139656 -0.00957222
internal_weight=0 19.6994 10.4923 11.8525
internal_count=148 96 52 58
is_linear=0
shrinkage=0.1


Tree=48
num_leaves=5
num_cat=0
split_feature=11 11 10 11
split_gain=0.343399 0.836814 0.463709 1.26478
threshold=2.4000000000000008 1.25 600.83333333333951 0.55000000000000004
decision_type=2 2 2 2
left_child=1 2 3 -1
right_child=-2 -3 -4 -5
leaf_value=-0.020533795574616778 -0.020175372709009615 0.043777531404537794 -0.030891591677059661 0.039544410945321393
leaf_weight=8.1288557201624005 6.5356484353542319 4.6429389715194693 4.6841676756739608 6.1592090129852286
leaf_count=38 30 26 24 30
internal_value=0 0.00572518 -0.0035871 0.00536434
internal_weight=0 23.6152 18.9722 14.2881
internal_count=148 118 92 68
is_linear=0
shrinkage=0.1


Tree=49
num_leaves=5
num_cat=0
split_feature=11 3 10 10
split_gain=0.27823 0.922631 0.981008 0.945474
threshold=2.4000000000000008 771.16666666667118 466.00000000000006 337.83333333333809
decision_type=2 2 2 2
left_child=1 2 3 -1
right_child=-2 -3 -4 -5
leaf_value=0.0066061738565184229 -0.018113306832580955 0.042282072518467828 0.027730715256465401 -0.048909301366852675
leaf_weight=6.0384456366300672 6.5508593022823325 5.2174559384584418 6.0034928470849982 6.2357735335826874
leaf_count=29 30 29 31 29
internal_value=0 0.00519212 -0.00539538 -0.0215978
internal_weight=0 23.4952 18.2777 12.2742
internal_count=148 118 89 58
is_linear=0
shrinkage=0.1


Tree=50
num_leaves=5
num_cat=0
split_feature=5 0 10 0
split_gain=0.310906 0.805099 0.590276 0.38264
threshold=193.60504920838693 0.25000000000000006 337.83333333333809 1.0500000000000003
decision_type=2 2 2 2
left_child=1 2 -1 -2
right_child=3 -3 -4 -5
leaf_value=0.016773381870684508 0.0024012237309897718 0.032396476908471396 -0.028453303551496046 -0.0364917030233591
leaf_weight=5.0646164119243675 6.046252712607382 7.8202197626233092 6.7079641595482826 4.3491461127996445
leaf_count=24 32 38 34 20
internal_value=0 0.00752494 -0.00899658 -0.0138705
internal_weight=0 19.5928 11.7726 10.3954
internal_count=148 96 58 52
is_linear=0
shrinkage=0.1


Tree=51
num_leaves=6
num_cat=0
split_feature=5 5 3 7 7
split_gain=0.271254 0.837953 0.599487 0.613539 0.420063
threshold=912.78571428571411 279.75243147657073 196.00000000000003 105.50000000000001 126.50000000000001
decision_type=2 2 2 2 2
left_child=1 2 3 -1 -5
right_child=-2 -3 -4 4 -6
leaf_value=0.03448191880368285 -0.024060575241463142 0.044277439735766783 -0.026201010438484898 -0.030733863126144775 0.014284346285646194
leaf_weight=5.455221392214308 4.0212247371673575 4.2804559767246237 7.8505157977342597 4.2341566830873472 4.0603172481060028
leaf_count=28 21 22 36 21 20
internal_value=0 0.00385653 -0.00415357 0.00843462 -0.00869651
internal_weight=0 25.8807 21.6002 13.7497 8.29447
internal_count=148 127 105 69 41
is_linear=0
shrinkage=0.1


Tree=52
num_leaves=6
num_cat=0
split_feature=0 10 10 7 11
split_gain=0.287733 0.626912 1.63649 0.534712 0.294781
threshold=2.6500000000000017 466.00000000000006 684.16666666667163 63.500000000000007 1.0000000180025095e-35
decision_type=2 2 2 2 2
left_child=1 3 -3 -1 -5
right_child=-2 2 -4 4 -6
leaf_value=-0.03635618220055508 0.023632534657449109 0.053242365192665689 -0.033431131599953486 -0.01633505852274969 0.019218236103170253
leaf_weight=7.0704184919595816 4.4264252930879584 5.2488066628575307 3.7239799499511719 5.0576905906200391 4.3273828774690628
leaf_count=31 22 29 18 24 24
internal_value=0 -0.00399337 0.0172702 -0.0155879 5.82834e-05
internal_weight=0 25.4283 8.97279 16.4555 9.38507
internal_count=148 126 47 79 48
is_linear=0
shrinkage=0.1


Tree=53
num_leaves=6
num_cat=0
split_feature=10 11 0 3 10
split_gain=0.250103 1.33171 0.933999 0.755365 0.383276
threshold=379.83333333333582 2.0500000000000003 0.15000000000000005 358.33333333333513 466.00000000000006
decision_type=2 2 2 2 2
left_child=3 2 -2 -1 -4
right_child=1 -3 4 -5 -6
leaf_value=-0.0070475584271587222 -0.027467821304141878 -0.054503091508511785 0.0074318142936873237 0.046336213174932493 0.049190600259308034
leaf_weight=7.6320494115352648 4.730947487056258 4.4863602370023719 4.5447917878627759 4.060881182551384 4.2564166188240051
leaf_count=37 24 21 22 20 24
internal_value=0 -0.00728792 0.00836548 0.0114923 0.0276271
internal_weight=0 18.0185 13.5322 11.6929 8.80121
internal_count=148 91 70 57 46
is_linear=0
shrinkage=0.1


Tree=54
num_leaves=6
num_cat=0
split_feature=7 13 7 7 10
split_gain=0.278177 0.753043 1.40822 2.12648 0.849699
threshold=30.500000000000004 1.0000000180025095e-35 63.500000000000007 117.50000000000001 357.33333333333218
decision_type=2 2 2 2 2
left_child=-1 -2 -3 4 -4
right_child=1 2 3 -5 -6
leaf_value=0.019539245938088909 0.026131833613907599 -0.058583589317259002 -0.0038116929459439787 -0.05068759015819662 0.062495300806719993
leaf_weight=5.8985549509525326 5.9312338232994142 5.2353608310222617 3.3366014212369901 4.631526954472065 4.5929219871759415
leaf_count=30 31 23 18 22 24
internal_value=0 -0.00472677 -0.0150114 0.00314918 0.0345945
internal_weight=0 23.7276 17.7964 12.5611 7.92952
internal_count=148 118 87 64 42
is_linear=0
shrinkage=0.1


Tree=55
num_leaves=5
num_cat=0
split_feature=5 7 0 7
split_gain=0.303552 0.716431 0.690431 0.546899
threshold=193.60504920838693 36.500000000000007 0.25000000000000006 108.50000000000001
decision_type=2 2 2 2
left_child=2 -2 3 -1
right_child=1 -3 -4 -5
leaf_value=-0.036074536540695222 -0.046702835398534578 0.0075227223199983836 0.030740134268437865 0.0088388872443437277
leaf_weight=4.3248743265867287 4.0205596685409528 6.1841645017266273 7.6808572188019744 7.2660861015319824
leaf_count=21 20 32 38 37
internal_value=0 -0.0138416 0.00748849 -0.00791942
internal_weight=0 10.2047 19.2718 11.591
internal_count=148 52 96 58
is_linear=0
shrinkage=0.1


Tree=56
num_leaves=5
num_cat=0
split_feature=7 0 11 11
split_gain=0.282669 0.628664 0.590814 0.426562
threshold=96.500000000000014 0.55000000000000016 2.4000000000000008 0.55000000000000004
decision_type=2 2 2 2
left_child=1 -1 -3 -2
right_child=3 2 -4 -5
leaf_value=-0.031817678692457538 -0.0062613074957927617 0.026260221347585152 -0.016819819808668666 0.034995586392724688
leaf_weight=6.6695852354168954 5.1705491915345174 6.7877047806978208 5.9952422082424164 4.8630674406886101
leaf_count=35 25 33 28 27
internal_value=0 -0.00692984 0.00605555 0.013735
internal_weight=0 19.4525 12.7829 10.0336
internal_count=148 96 61 52
is_linear=0
shrinkage=0.1


Tree=57
num_leaves=5
num_cat=0
split_feature=7 7 0 7
split_gain=0.266885 0.561365 0.666107 0.140717
threshold=30.500000000000004 57.500000000000007 0.25000000000000006 126.50000000000001
decision_type=2 2 2 2
left_child=-1 -2 3 -3
right_child=1 2 -4 -5
leaf_value=0.019182438066919591 -0.031102521237358505 -0.017823773704463766 0.030701799211608767 0.0057448687616858474
leaf_weight=5.8697134703397777 5.9861336499452618 7.6250936836004275 6.2092018350958815 3.7935469821095467
leaf_count=30 27 38 34 19
internal_value=0 -0.00464406 0.00434081 -0.0099937
internal_weight=0 23.614 17.6278 11.4186
internal_count=148 118 91 57
is_linear=0
shrinkage=0.1


Tree=58
num_leaves=5
num_cat=0
split_feature=10 11 10 10
split_gain=0.295293 0.792674 0.721165 0.964139
threshold=348.33333333334127 0.40000000000000013 600.83333333333951 382.33333333333491
decision_type=2 2 2 2
left_child=-1 -2 3 -3
right_child=1 2 -4 -5
leaf_value=0.018000268155266459 0.027943126607050003 -0.035884745107752886 -0.048113607018136446 0.021333179646864764
leaf_weight=7.0156056433916119 5.3835723698139217 5.1032300293445605 4.9745877906680098 6.9632137194275856
leaf_count=35 28 23 27 35
internal_value=0 -0.00550699 -0.0160745 -0.00286585
internal_weight=0 22.4246 17.041 12.0664
internal_count=148 113 85 58
is_linear=0
shrinkage=0.1


Tree=59
num_leaves=6
num_cat=0
split_feature=5 7 7 10 10
split_gain=0.246384 0.60645 0.586336 0.54326 0.804661
threshold=193.60504920838693 51.500000000000007 36.500000000000007 337.83333333333809 466.00000000000006
decision_type=2 2 2 2 2
left_child=1 -1 -2 -3 -5
right_child=2 3 -4 4 -6
leaf_value=0.03741553050013522 -0.042087333563053352 0.021972047556841984 0.0069452026624823903 -0.05242367338795681 0.0076166606183074963
leaf_weight=4.8305331915617051 4.0378392115235311 5.2806378901004782 6.1584318056702614 3.9336414188146573 5.1605469509959221
leaf_count=23 20 26 32 19 28
internal_value=0 0.00676132 -0.0124722 -0.00353976 -0.0183535
internal_weight=0 19.2054 10.1963 14.3748 9.09419
internal_count=148 96 52 73 47
is_linear=0
shrinkage=0.1


Tree=60
num_leaves=6
num_cat=0
split_feature=5 5 5 10 10
split_gain=0.220232 0.714065 1.04968 0.34582 0.415711
threshold=912.78571428571411 279.75243147657073 150.81410825199643 350.33333333333036 510.50000000000006
decision_type=2 2 2 2 2
left_child=1 2 3 -1 -5
right_child=-2 -3 -4 4 -6
leaf_value=-0.0091445211418447504 -0.021832059864560098 0.041394413772194091 -0.050093195395693936 0.040602416281010724 -0.0010060536954360107
leaf_weight=7.5929138213396206 3.9637524411082259 4.1600867658853522 3.9953713715076438 4.7144874334335309 4.8936445191502571
leaf_count=37 21 22 18 24 26
internal_value=0 0.00351492 -0.00391944 0.00680556 0.0194103
internal_weight=0 25.3565 21.1964 17.201 9.60813
internal_count=148 127 105 87 50
is_linear=0
shrinkage=0.1


Tree=61
num_leaves=6
num_cat=0
split_feature=7 11 4 7 7
split_gain=0.257855 0.54117 1.55332 0.397073 0.363923
threshold=30.500000000000004 1.5000000000000002 1.0000000180025095e-35 105.50000000000001 126.50000000000001
decision_type=2 2 2 2 2
left_child=-1 2 3 -2 -5
right_child=1 -3 -4 4 -6
leaf_value=0.018908410418263452 0.025537951055087584 0.021586853599435064 -0.065415130260004048 -0.030886918151382788 0.011406637649845295
leaf_weight=5.8304249048233059 5.0845230743289056 5.9085939824581137 4.3263597190380088 4.135774649679659 4.0044093802571297
leaf_count=30 28 30 19 21 20
internal_value=0 -0.00458991 -0.0134024 0.00361322 -0.0100814
internal_weight=0 23.4597 17.5511 13.2247 8.14018
internal_count=148 118 88 69 41
is_linear=0
shrinkage=0.1


Tree=62
num_leaves=5
num_cat=0
split_feature=0 0 0 11
split_gain=0.214858 0.590696 0.889889 0.129842
threshold=2.6500000000000017 1.0500000000000003 0.55000000000000016 0.55000000000000004
decision_type=2 2 2 2
left_child=1 2 3 -1
right_child=-2 -3 -4 -5
leaf_value=0.0028940276980554064 0.020797319175281975 -0.033587860486073984 0.047919064060167632 -0.015120948780058985
leaf_weight=8.1677685827016955 4.2766872122883788 5.1624039411544791 3.7966046109795561 7.8420862182974806
leaf_count=41 22 23 19 43
internal_value=0 -0.00346057 0.00439189 -0.00593022
internal_weight=0 24.9689 19.8065 16.0099
internal_count=148 126 103 84
is_linear=0
shrinkage=0.1


Tree=63
num_leaves=6
num_cat=0
split_feature=10 11 5 11 11
split_gain=0.241647 1.08083 0.780116 0.549392 0.417259
threshold=379.83333333333582 2.0500000000000003 102.95752895752945 0.75000000000000011 1.0000000180025095e-35
decision_type=2 2 2 2 2
left_child=2 3 -1 4 -2
right_child=1 -3 -4 -5 -6
leaf_value=-0.0078122074159014719 0.012555414727077691 -0.04991905419716456 0.046706703451806081 0.031279454333683746 -0.03384397183967728
leaf_weight=7.4633995890617388 3.9755846485495585 4.4456638246774665 4.0482232421636581 5.4878479540348053 3.7817507237195969
leaf_count=37 21 21 20 30 19
internal_value=0 -0.00725464 0.0113601 0.0070654 -0.0100646
internal_weight=0 17.6908 11.5116 13.2452 7.75734
internal_count=148 91 57 70 40
is_linear=0
shrinkage=0.1


Tree=64
num_leaves=5
num_cat=0
split_feature=5 0 3 11
split_gain=0.209147 0.509781 0.301677 0.0514291
threshold=193.60504920838693 0.25000000000000006 798.33333333333223 0.55000000000000004
decision_type=2 2 2 2
left_child=1 3 -2 -1
right_child=2 -3 -4 -5
leaf_value=-0.013109530832452546 -0.027763128242388486 0.026546512534628794 0.0069563774125066856 0.00024401235262229513
leaf_weight=6.21205778419972 5.3716038540005666 7.5001622810959807 4.6856671869754791 5.3836635574698448
leaf_count=30 25 38 27 28
internal_value=0 0.00623064 -0.0115874 -0.00690975
internal_weight=0 19.0959 10.0573 11.5957
internal_count=148 96 52 58
is_linear=0
shrinkage=0.1


Tree=65
num_leaves=6
num_cat=0
split_feature=10 10 10 5 5
split_gain=0.231286 0.373369 1.09434 0.341894 0.520571
threshold=348.33333333334127 466.00000000000006 684.16666666667163 102.95752895752945 346.36363636363666
decision_type=2 2 2 2 2
left_child=-1 3 -3 -2 -5
right_child=1 2 -4 4 -6
leaf_value=0.016041495813774152 -0.040749486784850408 0.036390101777720389 -0.033426044241738284 0.019677686277546808 -0.02915989870874422
leaf_weight=6.9196159392595318 3.9096246659755733 5.944856829941271 3.6075479388237 4.2900470495223981 4.4429830610752106
leaf_count=35 19 34 18 19 23
internal_value=0 -0.00489776 0.0100234 -0.0161718 -0.00516874
internal_weight=0 22.1951 9.5524 12.6427 8.73303
internal_count=148 113 52 61 42
is_linear=0
shrinkage=0.1


Tree=66
num_leaves=5
num_cat=0
split_feature=7 0 11 11
split_gain=0.242026 0.434734 0.483806 0.408771
threshold=96.500000000000014 0.55000000000000016 2.4000000000000008 0.55000000000000004
decision_type=2 2 2 2
left_child=1 -1 -3 -2
right_child=3 2 -4 -5
leaf_value=-0.027104132712158748 -0.0067727607718512696 0.023084638369750471 -0.016379798505438119 0.033920657044150114
leaf_weight=6.6653706245124402 5.1375775635242444 6.6078373491764051 5.8623756021261215 4.7514627799391747
leaf_count=35 25 33 28 27
internal_value=0 -0.0064876 0.004532 0.0127795
internal_weight=0 19.1356 12.4702 9.88904
internal_count=148 96 61 52
is_linear=0
shrinkage=0.1


Tree=67
num_leaves=5
num_cat=0
split_feature=7 5 10 11
split_gain=0.20502 0.601041 0.547316 1.06602
threshold=36.500000000000007 135.79242636746184 256.16666666667157 0.55000000000000004
decision_type=2 2 2 2
left_child=-1 2 -2 -4
right_child=1 -3 3 -5
leaf_value=-0.01479805281544647 0.028351919382003724 0.027480952152569196 0.011505300725521759 -0.050771369398640312
leaf_weight=7.0240921080112484 3.3206334859132793 7.6412754356861106 5.8097782507538778 5.2165888696908951
leaf_count=36 17 39 30 26
internal_value=0 0.00482647 -0.00723941 -0.0179579
internal_weight=0 21.9883 14.347 11.0264
internal_count=148 112 73 56
is_linear=0
shrinkage=0.1


Tree=68
num_leaves=5
num_cat=0
split_feature=7 7 0 11
split_gain=0.239136 0.561693 0.60046 0.106117
threshold=30.500000000000004 57.500000000000007 0.25000000000000006 0.55000000000000004
decision_type=2 2 2 2
left_child=-1 -2 3 -3
right_child=1 2 -4 -5
leaf_value=0.018342040946017223 -0.031189169423965619 -0.018178698111382216 0.029973502104390971 0.0012528813209208461
leaf_weight=5.7435239925980595 5.8689500540494945 5.9770455881953257 6.0654665417969218 5.3046795800328255
leaf_count=30 27 29 34 28
internal_value=0 -0.00444747 0.00459985 -0.00904195
internal_weight=0 23.2161 17.3472 11.2817
internal_count=148 118 91 57
is_linear=0
shrinkage=0.1


Tree=69
num_leaves=5
num_cat=0
split_feature=10 11 10 10
split_gain=0.185118 0.682404 0.556209 0.846136
threshold=348.33333333334127 0.40000000000000013 600.83333333333951 382.33333333333491
decision_type=2 2 2 2
left_child=-1 -2 3 -3
right_child=1 2 -4 -5
leaf_value=0.014416225235878011 0.026829126440206127 -0.033828091322966755 -0.042675600837022994 0.02030369556070568
leaf_weight=6.8588677719235447 5.3117855489254024 5.0034133866429347 4.8920076414942733 6.8284585550427437
leaf_count=35 28 23 27 35
internal_value=0 -0.00439614 -0.0143138 -0.00258733
internal_weight=0 22.0357 16.7239 11.8319
internal_count=148 113 85 58
is_linear=0
shrinkage=0.1


Tree=70
num_leaves=5
num_cat=0
split_feature=7 7 10 10
split_gain=0.21009 0.444944 0.578667 0.843857
threshold=30.500000000000004 57.500000000000007 600.83333333333951 350.33333333333036
decision_type=2 2 2 2
left_child=-1 -2 3 -3
right_child=1 2 -4 -5
leaf_value=0.017225651199127816 -0.027919181337902332 -0.011121191011653084 -0.027720099649904042 0.039991407008031866
leaf_weight=5.720914006233218 5.8850862830877331 6.4373257309198397 4.3286053240299216 6.4831470176577568
leaf_count=30 27 32 24 35
internal_value=0 -0.00417637 0.00392427 0.0145257
internal_weight=0 23.1342 17.2491 12.9205
internal_count=148 118 91 67
is_linear=0
shrinkage=0.1


Tree=71
num_leaves=5
num_cat=0
split_feature=7 5 7 7
split_gain=0.196162 0.541664 0.496641 0.0450982
threshold=36.500000000000007 135.79242636746184 96.500000000000014 123.50000000000001
decision_type=2 2 2 2
left_child=-1 2 -2 -4
right_child=1 -3 3 -5
leaf_value=-0.014502831182262317 -0.03130107352623418 0.026303501271019963 0.014601720547738659 0.00041994058491996326
leaf_weight=6.9960316419601467 5.2235597707331207 7.5920780673623076 4.4693288058042508 4.500049315392971
leaf_count=36 27 39 23 23
internal_value=0 0.00474385 -0.00678883 0.00748654
internal_weight=0 21.785 14.1929 8.96938
internal_count=148 112 73 46
is_linear=0
shrinkage=0.1


Tree=72
num_leaves=5
num_cat=0
split_feature=5 0 7 7
split_gain=0.22627 0.482393 0.381742 0.280147
threshold=193.60504920838693 0.25000000000000006 36.500000000000007 108.50000000000001
decision_type=2 2 2 2
left_child=1 3 -2 -1
right_child=2 -3 -4 -5
leaf_value=-0.026479288003769631 -0.036178044427717299 0.02646547767009047 0.003798238535507115 0.0058211020597150461
leaf_weight=4.3060766458511406 3.9687758684158307 7.372143890708684 5.9999747350811958 7.1333139687776566
leaf_count=21 20 38 32 37
internal_value=0 0.00651777 -0.0121172 -0.00633758
internal_weight=0 18.8115 9.96875 11.4394
internal_count=148 96 52 58
is_linear=0
shrinkage=0.1


Tree=73
num_leaves=5
num_cat=0
split_feature=10 7 11 7
split_gain=0.242914 0.814438 0.749625 0.426235
threshold=616.50000000000011 39.500000000000007 1.0000000180025095e-35 72.500000000000014
decision_type=2 2 2 2
left_child=1 -1 -3 -4
right_child=-2 2 3 -5
leaf_value=-0.034164295374310226 0.018406601508616408 -0.019602368204258078 0.0051529259776650323 0.046391049081283574
leaf_weight=6.6125883311033311 5.7703328914940348 6.3141244649887112 5.3856013715267164 4.6882818341255188
leaf_count=32 33 30 25 28
internal_value=0 -0.00454076 0.00741238 0.0243447
internal_weight=0 23.0006 16.388 10.0739
internal_count=148 115 83 53
is_linear=0
shrinkage=0.1


Tree=74
num_leaves=6
num_cat=0
split_feature=7 7 0 7 11
split_gain=0.295985 0.396484 1.32424 0.735319 0.544812
threshold=30.500000000000004 72.500000000000014 1.3500000000000003 105.50000000000001 0.55000000000000004
decision_type=2 2 2 2 2
left_child=-1 2 -2 -3 -5
right_child=1 3 -4 4 -6
leaf_value=0.020341381650997026 -0.058192898092638438 0.034194437858293542 0.017844609966116785 -0.037513218931117906 0.013608488985686571
leaf_weight=5.7576742470264461 4.6998846083879489 5.4673136211931697 4.4675804227590561 4.3437945395708066 4.0083338096737862
leaf_count=30 21 33 21 21 22
internal_value=0 -0.00501278 -0.0211375 0.00568398 -0.012979
internal_weight=0 22.9869 9.16747 13.8194 8.35213
internal_count=148 118 42 76 43
is_linear=0
shrinkage=0.1


Tree=75
num_leaves=6
num_cat=0
split_feature=7 0 7 7 10
split_gain=0.241111 0.338849 1.30579 0.657051 0.145649
threshold=30.500000000000004 1.2500000000000002 72.500000000000014 105.50000000000001 382.33333333333491
decision_type=2 2 2 2 2
left_child=-1 2 -2 -4 -5
right_child=1 -3 3 4 -6
leaf_value=0.018430257617421689 -0.059491145864418761 0.018265957410048588 0.031173209887440753 0.0011552744323549339 -0.025671814128223704
leaf_weight=5.721249125897887 4.2358451783657136 5.0799911320209494 5.4010960236191741 3.6423562318086606 4.5541714280843735
leaf_count=30 19 24 33 17 25
internal_value=0 -0.00451878 -0.0110092 0.00409363 -0.0137504
internal_weight=0 22.9135 17.8335 13.5976 8.19653
internal_count=148 118 94 75 42
is_linear=0
shrinkage=0.1


Tree=76
num_leaves=6
num_cat=0
split_feature=11 11 3 10 10
split_gain=0.2523 0.694755 0.636861 0.644144 0.857496
threshold=3.7500000000000009 2.0500000000000003 771.16666666667118 466.00000000000006 337.83333333333809
decision_type=2 2 2 2 2
left_child=1 2 3 4 -1
right_child=-2 -3 -4 -5 -6
leaf_value=0.0060457629235608334 0.025015032198521487 -0.040925313469481743 0.036879900936109641 0.022211720853247817 -0.050844563551064731
leaf_weight=5.8551358804106837 3.5493627339601508 4.1345124952495089 4.5818955339491358 5.581728182733058 4.8391677439212799
leaf_count=29 18 19 27 31 24
internal_value=0 -0.00347678 0.00394637 -0.00532481 -0.0196971
internal_weight=0 24.9924 20.8579 16.276 10.6943
internal_count=148 130 111 84 53
is_linear=0
shrinkage=0.1


Tree=77
num_leaves=6
num_cat=0
split_feature=11 11 3 10 10
split_gain=0.205189 0.560627 0.522027 0.522352 0.694065
threshold=3.7500000000000009 2.0500000000000003 771.16666666667118 466.00000000000006 337.83333333333809
decision_type=2 2 2 2 2
left_child=1 2 3 4 -1
right_child=-2 -3 -4 -5 -6
leaf_value=0.0054517539851993303 0.022616360017734163 -0.036687836817642545 0.033586141629104733 0.020019692111949261 -0.045749076565275236
leaf_weight=5.8443824350834017 3.5340657681226721 4.149962566792964 4.5309031419455996 5.5740256719291201 4.8402404859662056
leaf_count=29 18 19 27 31 24
internal_value=0 -0.00313004 0.00356869 -0.00479647 -0.0177427
internal_weight=0 24.9395 20.7896 16.2586 10.6846
internal_count=148 130 111 84 53
is_linear=0
shrinkage=0.1


Tree=78
num_leaves=6
num_cat=0
split_feature=7 13 7 7 7
split_gain=0.210653 0.482254 1.05604 1.72912 2.90213e-06
threshold=30.500000000000004 1.0000000180025095e-35 120.50000000000001 63.500000000000007 93.500000000000014
decision_type=2 2 2 2 2
left_child=-1 -2 3 -3 -5
right_child=1 2 -4 4 -6
leaf_value=0.017365141993987473 0.02093363107117209 -0.044867213098087902 -0.058147845583281857 0.029758074684708664 0.029638089316105343
leaf_weight=5.6398227736353901 5.7091804072260919 5.0596968531608573 3.9261044040322295 4.1454030945897085 3.9240917786955833
leaf_count=30 31 23 20 25 19
internal_value=0 -0.00422295 -0.012644 0.000963296 0.0296997
internal_weight=0 22.7645 17.0553 13.1292 8.06949
internal_count=148 118 87 67 44
is_linear=0
shrinkage=0.1


Tree=79
num_leaves=5
num_cat=0
split_feature=11 3 3 11
split_gain=0.164956 0.631909 0.563297 0.015443
threshold=2.4000000000000008 771.16666666667118 196.00000000000003 1.0000000180025095e-35
decision_type=2 2 2 2
left_child=1 2 3 -1
right_child=-2 -3 -4 -5
leaf_value=0.0028180049473316123 -0.014328259859446156 0.036523968698199565 -0.035432707059352336 0.0098029565709662307
leaf_weight=7.2473251298070043 6.2153062745928755 4.7266106754541388 4.4423579871654502 5.6195513978600502
leaf_count=37 30 29 21 31
internal_value=0 0.00411788 -0.00473121 0.00586865
internal_weight=0 22.0358 17.3092 12.8669
internal_count=148 118 89 68
is_linear=0
shrinkage=0.1


Tree=80
num_leaves=5
num_cat=0
split_feature=10 3 10 10
split_gain=0.2337 0.56928 0.513468 0.324198
threshold=399.00000000000369 412.50000000000119 616.50000000000011 256.16666666667157
decision_type=2 2 2 2
left_child=1 3 -2 -1
right_child=2 -3 -4 -5
leaf_value=0.011049328057203076 -0.029849903306584376 0.028687238206360634 0.011458915239971078 -0.027244683407135501
leaf_weight=4.2079000696539932 6.4097386896610242 7.2656380832195273 5.6715161316096783 4.6581567898392677
leaf_count=22 33 37 33 23
internal_value=0 0.00793565 -0.0104576 -0.00907005
internal_weight=0 16.1317 12.0813 8.86606
internal_count=148 82 66 45
is_linear=0
shrinkage=0.1


Tree=81
num_leaves=6
num_cat=0
split_feature=10 11 5 10 11
split_gain=0.202808 0.770276 0.670919 0.670042 1.73498
threshold=379.83333333333582 2.0500000000000003 102.95752895752945 659.66666666667163 0.75000000000000011
decision_type=2 2 2 2 2
left_child=2 3 -1 4 -2
right_child=1 -3 -4 -5 -6
leaf_value=-0.0075697278266028513 -0.018920976511972047 -0.042570964755288244 0.04375747376350627 -0.03163850668481593 0.068778112564659238
leaf_weight=7.2166999131441134 5.0798130035400408 4.4490966312587252 3.9354546070098877 3.4614349976181975 4.057776790112257
leaf_count=37 27 21 20 18 25
internal_value=0 -0.00680109 0.010543 0.00583034 0.020024
internal_weight=0 17.0481 11.1522 12.599 9.13759
internal_count=148 91 57 70 52
is_linear=0
shrinkage=0.1


Tree=82
num_leaves=6
num_cat=0
split_feature=5 0 10 0 11
split_gain=0.228536 0.471095 0.566907 0.307036 0.26591
threshold=193.60504920838693 0.25000000000000006 256.16666666667157 1.0500000000000003 0.55000000000000004
decision_type=2 2 2 2 2
left_child=1 2 -1 -2 -4
right_child=3 -3 4 -5 -6
leaf_value=0.028241557748746284 0.0028626798561841686 0.026440059527464938 -0.0021821830409186871 -0.033251136572518075 -0.039000335750894004
leaf_weight=3.3379094749689155 5.5689269453287107 7.2539854161441317 3.8465411588549614 4.0782115235924721 4.0029760375618935
leaf_count=17 32 38 20 20 21
internal_value=0 0.00659127 -0.00627879 -0.012404 -0.0209581
internal_weight=0 18.4414 11.1874 9.64714 7.84952
internal_count=148 96 58 52 41
is_linear=0
shrinkage=0.1


Tree=83
num_leaves=5
num_cat=0
split_feature=7 0 11 11
split_gain=0.204003 0.512758 0.448057 0.306936
threshold=96.500000000000014 0.55000000000000016 2.4000000000000008 0.55000000000000004
decision_type=2 2 2 2
left_child=1 -1 -3 -2
right_child=3 2 -4 -5
leaf_value=-0.028860244314276848 -0.005033277327002917 0.024275470637988551 -0.014225196997130485 0.03104479341195427
leaf_weight=6.4281219094991746 4.9899323731660825 6.394307576119898 5.7326330170035362 4.4709235057234764
leaf_count=35 25 33 28 27
internal_value=0 -0.00602748 0.00607548 0.0120162
internal_weight=0 18.5551 12.1269 9.46086
internal_count=148 96 61 52
is_linear=0
shrinkage=0.1


Tree=84
num_leaves=6
num_cat=0
split_feature=5 5 5 10 10
split_gain=0.21319 0.489332 0.820055 0.368003 0.414114
threshold=912.78571428571411 279.75243147657073 150.81410825199643 350.33333333333036 510.50000000000006
decision_type=2 2 2 2 2
left_child=1 2 3 -1 -5
right_child=-2 -3 -4 4 -6
leaf_value=-0.0096065407153977812 -0.022120690300925394 0.036304727675924485 -0.043801841846250696 0.042115244461013536 -0.00036722817634052995
leaf_weight=7.3291797190904751 3.7511834576725951 3.8284409306943408 3.914916828274726 4.4975760206580144 4.6844883188605309
leaf_count=37 21 22 18 24 26
internal_value=0 0.00349617 -0.00265309 0.00710353 0.0204416
internal_weight=0 24.2546 20.4262 16.5112 9.18206
internal_count=148 127 105 87 50
is_linear=0
shrinkage=0.1


Tree=85
num_leaves=6
num_cat=0
split_feature=11 7 10 11 10
split_gain=0.20807 0.644082 0.310037 0.803375 0.705019
threshold=3.7500000000000009 36.500000000000007 600.83333333333951 1.0000000180025095e-35 379.83333333333582
decision_type=2 2 2 2 2
left_child=1 -1 3 -3 -5
right_child=-2 2 -4 4 -6
leaf_value=-0.035763074600326787 0.022897561287313229 -0.0158438391069354 -0.017850245716706414 0.0018421798343526748 0.058335028097640552
leaf_weight=4.8649761080741944 3.4928379654884329 6.1757532283663776 4.5938408747315398 4.2576975114643556 4.5912436917424202
leaf_count=25 18 30 26 24 25
internal_value=0 -0.00319242 0.00488441 0.0118356 0.0311533
internal_weight=0 24.4835 19.6185 15.0247 8.84894
internal_count=148 130 105 79 49
is_linear=0
shrinkage=0.1


Tree=86
num_leaves=6
num_cat=0
split_feature=7 3 10 7 7
split_gain=0.218689 0.443759 0.330656 1.18152 1.07504
threshold=30.500000000000004 696.99999999999523 379.83333333333582 96.500000000000014 105.50000000000001
decision_type=2 2 2 2 2
left_child=-1 2 3 -2 -4
right_child=1 -3 4 -5 -6
leaf_value=0.017813411932080348 -0.047981966232939668 -0.027377119511455345 0.058808440512412297 0.026958881735125319 -0.015320768137064329
leaf_weight=5.5616494305431869 4.0976359397172981 6.0885355509817591 3.6434712894260874 4.3236047886312008 4.2249095141887665
leaf_count=30 20 34 18 22 24
internal_value=0 -0.00434359 0.00426559 -0.00950609 0.0190049
internal_weight=0 22.3782 16.2896 8.42124 7.86838
internal_count=148 118 84 42 42
is_linear=0
shrinkage=0.1


Tree=87
num_leaves=6
num_cat=0
split_feature=10 11 5 7 5
split_gain=0.191858 0.592037 0.580652 0.459876 0.81268
threshold=379.83333333333582 2.0500000000000003 102.95752895752945 114.50000000000001 695.66666666666708
decision_type=2 2 2 2 2
left_child=2 3 -1 4 -2
right_child=1 -3 -4 -5 -6
leaf_value=-0.006548039853479808 0.04266770671912952 -0.038093811258938237 0.041366848794899769 -0.025560348007427344 -0.019009463337306135
leaf_weight=7.2058879137039202 5.1100763492286223 4.4190167337656012 3.8969025425612926 3.5992335826158515 3.6710941158235073
leaf_count=37 29 21 20 20 21
internal_value=0 -0.00667196 0.0102693 0.00454364 0.0168827
internal_weight=0 16.7994 11.1028 12.3804 8.78117
internal_count=148 91 57 70 50
is_linear=0
shrinkage=0.1


Tree=88
num_leaves=6
num_cat=0
split_feature=7 7 0 7 7
split_gain=0.197309 0.379348 0.75108 0.452142 0.213841
threshold=30.500000000000004 96.500000000000014 1.2500000000000002 72.500000000000014 120.50000000000001
decision_type=2 2 2 2 2
left_child=-1 2 3 -2 -3
right_child=1 4 -4 -5 -6
leaf_value=0.016990949925795862 -0.05648338990926384 0.027858427379279301 0.016347879074909387 -0.009450733187262755 -0.0025262770273869872
leaf_weight=5.5234899744391468 4.1987528800964373 4.2324310764670354 4.7671081423759452 3.9828424900770187 5.1159841641783714
leaf_count=30 19 24 23 24 28
internal_value=0 -0.00412089 -0.0152037 -0.0335877 0.0112302
internal_weight=0 22.2971 12.9487 8.1816 9.34842
internal_count=148 118 66 43 52
is_linear=0
shrinkage=0.1


Tree=89
num_leaves=7
num_cat=0
split_feature=0 0 0 10 0 10
split_gain=0.210424 0.662402 0.444713 0.504175 0.439056 0.18688
threshold=1.0500000000000003 2.6500000000000017 0.25000000000000006 256.16666666667157 0.55000000000000016 466.00000000000006
decision_type=2 2 2 2 2 2
left_child=2 -2 3 -1 -4 -5
right_child=1 -3 4 5 -6 -7
leaf_value=0.025889201128217729 -0.037145159585684887 0.017632149712417812 0.0024359250953957991 -0.03842527889969885 0.050081601176385417 -0.0071371686825775207
leaf_weight=3.3056414946913772 4.9230387657880765 4.0023353025317192 4.2013274617493144 3.3771589547395706 3.5839332565665245 4.3911571353673935
leaf_count=17 23 22 26 16 19 25
internal_value=0 -0.0125818 0.00605513 -0.00682035 0.0243695 -0.0207392
internal_weight=0 8.92537 18.8592 11.074 7.78526 7.76832
internal_count=148 45 103 58 45 41
is_linear=0
shrinkage=0.1


Tree=90
num_leaves=6
num_cat=0
split_feature=11 7 10 10 10
split_gain=0.166888 0.582492 0.297129 1.3174 0.106898
threshold=3.7500000000000009 36.500000000000007 399.00000000000369 350.33333333333036 575.00000000000011
decision_type=2 2 2 2 2
left_child=1 -1 3 -3 -4
right_child=-2 2 4 -5 -6
leaf_value=-0.034027572511947365 0.020718928497290862 -0.011120875475569794 -0.02033045274156893 0.062850175972707048 0.0014088043485274767
leaf_weight=4.8057403527200284 3.4284382611513129 6.44438109919429 4.0691060759127122 3.8436552621424198 5.0930719748139381
leaf_count=25 18 33 21 22 29
internal_value=0 -0.00285176 0.00485114 0.016515 -0.00824603
internal_weight=0 24.256 19.4502 10.288 9.16218
internal_count=148 130 105 55 50
is_linear=0
shrinkage=0.1


Tree=91
num_leaves=6
num_cat=0
split_feature=0 0 5 0 11
split_gain=0.214472 0.362204 0.522575 0.211719 0.00631865
threshold=1.0500000000000003 0.25000000000000006 912.78571428571411 2.2000000000000011 0.55000000000000004
decision_type=2 2 2 2 2
left_child=1 4 -3 -2 -1
right_child=3 2 -4 -5 -6
leaf_value=-0.0076549400498449648 -0.030770582778670282 0.046517270395395369 -0.0057215802175333355 0.000467961571965021 -0.0028570368619505611
leaf_weight=6.0349093154072815 3.7561244666576368 4.2080900482833377 3.5141397044062614 5.1365001946687698 5.0348929315805435
leaf_count=30 17 25 20 28 28
internal_value=0 0.00612284 0.022745 -0.0127268 -0.0054727
internal_weight=0 18.792 7.72223 8.89262 11.0698
internal_count=148 103 45 45 58
is_linear=0
shrinkage=0.1


Tree=92
num_leaves=5
num_cat=0
split_feature=0 0 3 11
split_gain=0.183945 0.397495 0.281234 0.00511973
threshold=0.84999999999999998 0.25000000000000006 765.00000000000193 0.55000000000000004
decision_type=2 2 2 2
left_child=1 3 -2 -1
right_child=2 -3 -4 -5
leaf_value=-0.006888168690575615 0.0031842422546260207 0.026763127688082169 -0.030289059051298819 -0.0025700859473181299
leaf_weight=6.0359706580638939 6.1689228266477567 6.1618097573518744 4.2317885011434555 5.0372082218527794
leaf_count=30 29 38 23 28
internal_value=0 0.00640479 -0.0104352 -0.00492387
internal_weight=0 17.235 10.4007 11.0732
internal_count=148 96 52 58
is_linear=0
shrinkage=0.1


Tree=93
num_leaves=5
num_cat=0
split_feature=10 0 0 10
split_gain=0.196585 0.436144 0.598157 0.340625
threshold=348.33333333334127 1.6500000000000006 0.55000000000000016 466.00000000000006
decision_type=2 2 2 2
left_child=-1 2 3 -2
right_child=1 -3 -4 -5
leaf_value=0.015060498518971384 -0.035020760602436751 -0.02770698264444299 0.030535042077044685 0.0039440480188833761
leaf_weight=6.6388773620128658 3.6123913601040858 5.9094421491026869 5.5237974300980559 5.9205868542194366
leaf_count=35 21 30 28 34
internal_value=0 -0.00468473 0.00435098 -0.0108211
internal_weight=0 20.9662 15.0568 9.53298
internal_count=148 113 83 55
is_linear=0
shrinkage=0.1


Tree=94
num_leaves=5
num_cat=0
split_feature=5 7 7 7
split_gain=0.179808 0.369173 0.383471 0.233363
threshold=193.60504920838693 51.500000000000007 108.50000000000001 36.500000000000007
decision_type=2 2 2 2
left_child=1 -1 -3 -2
right_child=3 2 -4 -5
leaf_value=0.030488017279275283 -0.03032437190998781 -0.019775160986503365 0.013895794543792485 0.0017238044821939287
leaf_weight=4.5663246586918893 3.7895576953887922 6.5513188950717431 6.9925450161099434 5.6740466915071011
leaf_count=23 20 35 38 32
internal_value=0 0.00589899 -0.00239122 -0.0111094
internal_weight=0 18.1102 13.5439 9.4636
internal_count=148 96 73 52
is_linear=0
shrinkage=0.1


Tree=95
num_leaves=5
num_cat=0
split_feature=7 3 10 7
split_gain=0.168162 0.325484 0.312832 0.840732
threshold=30.500000000000004 696.99999999999523 268.83333333332854 111.50000000000001
decision_type=2 2 2 2
left_child=-1 2 -2 -4
right_child=1 -3 3 -5
leaf_value=0.015817103698261774 -0.018850982481118529 -0.023602508948155018 0.034012176152209278 -0.021026442895310329
leaf_weight=5.4365786164999035 4.4727521464228692 6.0415330901741973 7.026993088424204 4.587099701166153
leaf_count=30 23 34 36 25
internal_value=0 -0.00381222 0.00362017 0.0122741
internal_weight=0 22.1284 16.0868 11.6141
internal_count=148 118 84 61
is_linear=0
shrinkage=0.1


Tree=96
num_leaves=5
num_cat=0
split_feature=10 11 10 10
split_gain=0.174316 0.674409 0.427787 0.602504
threshold=348.33333333334127 0.40000000000000013 600.83333333333951 382.33333333333491
decision_type=2 2 2 2
left_child=-1 -2 3 -3
right_child=1 2 -4 -5
leaf_value=0.014196810586695472 0.027643275341079646 -0.030402313076385051 -0.039745160975356741 0.016387027835991406
leaf_weight=6.6226195245981243 4.9945717863738563 4.8487795144319517 4.7149015106260768 6.3645739853382111
leaf_count=35 28 23 27 35
internal_value=0 -0.00441842 -0.0144719 -0.00384521
internal_weight=0 20.9228 15.9283 11.2134
internal_count=148 113 85 58
is_linear=0
shrinkage=0.1


Tree=97
num_leaves=6
num_cat=0
split_feature=11 7 11 7 11
split_gain=0.16939 0.5083 0.253791 0.26943 0.961473
threshold=3.7500000000000009 36.500000000000007 1.5000000000000002 108.50000000000001 0.55000000000000004
decision_type=2 2 2 2 2
left_child=1 -1 3 4 -3
right_child=-2 2 -4 -5 -6
leaf_value=-0.032040705564787636 0.020998563444883538 0.019369283451328628 0.026940529311906377 0.013056924169413836 -0.048327188629742779
leaf_weight=4.7919104658067289 3.3861991539597502 4.3166270889341849 3.9532423466444007 6.9760582149028769 4.0819217972457409
leaf_count=25 18 23 23 38 21
internal_value=0 -0.00288584 0.00434246 -0.00146813 -0.013533
internal_weight=0 24.1198 19.3278 15.3746 8.39855
internal_count=148 130 105 82 44
is_linear=0
shrinkage=0.1


Tree=98
num_leaves=5
num_cat=0
split_feature=10 7 11 3
split_gain=0.178807 0.583813 0.589318 0.39922
threshold=616.50000000000011 39.500000000000007 1.0000000180025095e-35 302.83333333333582
decision_type=2 2 2 2
left_child=1 -1 -3 -4
right_child=-2 2 3 -5
leaf_value=-0.029621334153056036 0.016191910296283842 -0.017938370461479239 0.044529976489946638 0.0034737773378658316
leaf_weight=6.3243983015418115 5.4944979809224597 6.0942160561680785 4.2851104140281659 5.2949153929948807
leaf_count=32 33 30 24 29
internal_value=0 -0.00397516 0.00637281 0.0218381
internal_weight=0 21.9986 15.6742 9.58003
internal_count=148 115 83 53
is_linear=0
shrinkage=0.1


Tree=99
num_leaves=6
num_cat=0
split_feature=7 11 4 7 7
split_gain=0.234189 0.266369 0.935043 0.311172 0.458319
threshold=30.500000000000004 1.5000000000000002 1.0000000180025095e-35 105.50000000000001 126.50000000000001
decision_type=2 2 2 2 2
left_child=-1 2 3 -2 -5
right_child=1 -3 -4 4 -6
leaf_value=0.018583912462916019 0.022898898428706401 0.014651414690900814 -0.051951691449592344 -0.033864659750202662 0.015137031265553892
leaf_weight=5.465436045080426 4.7782651782035881 5.4412505701184264 4.1486817896366111 3.8608855009078979 3.7750282809138298
leaf_count=30 28 30 19 21 20
internal_value=0 -0.00454446 -0.0108507 0.00288478 -0.0096393
internal_weight=0 22.0041 16.5629 12.4142 7.63591
internal_count=148 118 88 69 41
is_linear=0
shrinkage=0.1


end of trees

feature_importances:
taskNum=117
s_view_position=113
scroll_time=74
response_time=68
s_scroll_speed=42
scroll_length=36
event_scroll=5
s_choice_left=5

parameters:
[boosting: gbdt]
[objective: binary]
[metric: binary_error]
[tree_learner: serial]
[device_type: cpu]
[data_sample_strategy: bagging]
[data: ]
[valid: ]
[num_iterations: 100]
[learning_rate: 0.1]
[num_leaves: 31]
[num_threads: 0]
[seed: 0]
[deterministic: 0]
[force_col_wise: 0]
[force_row_wise: 0]
[histogram_pool_size: -1]
[max_depth: -1]
[min_data_in_leaf: 20]
[min_sum_hessian_in_leaf: 0.001]
[bagging_fraction: 1]
[pos_bagging_fraction: 1]
[neg_bagging_fraction: 1]
[bagging_freq: 0]
[bagging_seed: 3]
[feature_fraction: 0.6]
[feature_fraction_bynode: 1]
[feature_fraction_seed: 2]
[extra_trees: 0]
[extra_seed: 6]
[early_stopping_round: 0]
[first_metric_only: 0]
[max_delta_step: 0]
[lambda_l1: 0]
[lambda_l2: 0]
[linear_lambda: 0]
[min_gain_to_split: 0]
[drop_rate: 0.1]
[max_drop: 50]
[skip_drop: 0.5]
[xgboost_dart_mode: 0]
[uniform_drop: 0]
[drop_seed: 4]
[top_rate: 0.2]
[other_rate: 0.1]
[min_data_per_group: 100]
[max_cat_threshold: 32]
[cat_l2: 10]
[cat_smooth: 10]
[max_cat_to_onehot: 4]
[top_k: 20]
[monotone_constraints: ]
[monotone_constraints_method: basic]
[monotone_penalty: 0]
[feature_contri: ]
[forcedsplits_filename: ]
[refit_decay_rate: 0.9]
[cegb_tradeoff: 1]
[cegb_penalty_split: 0]
[cegb_penalty_feature_lazy: ]
[cegb_penalty_feature_coupled: ]
[path_smooth: 0]
[interaction_constraints: ]
[verbosity: -1]
[saved_feature_importance_type: 0]
[use_quantized_grad: 0]
[num_grad_quant_bins: 4]
[quant_train_renew_leaf: 0]
[stochastic_rounding: 1]
[linear_tree: 0]
[max_bin: 255]
[max_bin_by_feature: ]
[min_data_in_bin: 3]
[bin_construct_sample_cnt: 200000]
[data_random_seed: 1]
[is_enable_sparse: 1]
[enable_bundle: 1]
[use_missing: 1]
[zero_as_missing: 0]
[feature_pre_filter: 0]
[pre_partition: 0]
[two_round: 0]
[header: 0]
[label_column: ]
[weight_column: ]
[group_column: ]
[ignore_column: ]
[categorical_feature: ]
[forcedbins_filename: ]
[precise_float_parser: 0]
[parser_config_file: ]
[objective_seed: 5]
[num_class: 1]
[is_unbalance: 0]
[scale_pos_weight: 1]
[sigmoid: 1]
[boost_from_average: 1]
[reg_sqrt: 0]
[alpha: 0.9]
[fair_c: 1]
[poisson_max_delta_step: 0.7]
[tweedie_variance_power: 1.5]
[lambdarank_truncation_level: 30]
[lambdarank_norm: 1]
[label_gain: ]
[lambdarank_position_bias_regularization: 0]
[eval_at: ]
[multi_error_top_k: 1]
[auc_mu_weights: ]
[num_machines: 1]
[local_listen_port: 12400]
[time_out: 120]
[machine_list_filename: ]
[machines: ]
[gpu_platform_id: -1]
[gpu_device_id: -1]
[gpu_use_dp: 0]
[num_gpu: 1]

end of parameters

pandas_categorical:[]
