tree
version=v4
num_class=1
num_tree_per_iteration=1
label_index=0
max_feature_idx=15
objective=binary sigmoid:1
feature_names=ratio_tap_position_y screen_height tap_position_x tap_position_y predicted_isAnswerCorrect s_tap_count scroll_time s_view_position response_time taskNum screen_width ratio_tap_position_x s_choice_left event_scroll s_scroll_speed scroll_length
feature_infos=none [844:844] none none [0:1] [1:1] [-0.5:113.09999999999795] [-343.99999999999989:1145.6666666666642] [0:111.39999999999796] [1:149] [390:390] none [0:1] [0:6] [-3503.3333333333576:6900.0000000000018] [0:37464.666666666657]
tree_sizes=642 748 644 745 648 759 747 646 759 750 647 650 757 651 754 755 656 648 733 647 632 656 656 650 650 653 652 761 755 757 638 652 860 751 743 752 742 650 652 753 759 654 655 756 755 652 641 653 756 754 759 652 757 756 656 754 637 660 754 750 759 647 750 657 756 861 756 757 655 655 655 654 655 652 757 756 654 757 756 650 756 755 654 650 661 759 758 651 753 654 758 759 658 652 759 658 755 749 649 659

Tree=0
num_leaves=5
num_cat=0
split_feature=4 9 15 9
split_gain=57.2995 2.10806 0.841173 1.33018
threshold=1.0000000180025095e-35 96.500000000000014 798.33333333333223 54.500000000000007
decision_type=2 2 2 2
left_child=-1 2 3 -2
right_child=1 -3 -4 -5
leaf_value=0.16972985396557244 0.4259834190150501 0.52809950132799988 0.50072404215448107 0.48690758783806565
leaf_weight=7.1753525733947745 7.4145309925079399 8.3712446689605695 5.7402820587158194 6.9361741542816162
leaf_count=30 31 35 24 29
internal_value=0.422272 0.485938 0.468371 0.45543
internal_weight=0 28.4622 20.091 14.3507
internal_count=149 119 84 60
is_linear=0
shrinkage=1


Tree=1
num_leaves=6
num_cat=0
split_feature=9 9 8 9 8
split_gain=4.53102 1.71942 4.6136 3.62032 1.02228
threshold=120.50000000000001 72.500000000000014 0.15000000000000005 30.500000000000004 1.3500000000000003
decision_type=2 2 2 2 2
left_child=1 3 -3 -1 -5
right_child=-2 2 -4 4 -6
leaf_value=0.052362591966852848 -0.072087800259151777 -0.0080054150122078407 0.12070787774867216 -0.072743231784671375 -0.0089808964598542852
leaf_weight=7.138695612549788 6.9751444011926642 6.3910564780235273 4.9352504760026932 5.0120634138584119 5.0458306074142456
leaf_count=30 29 27 21 21 21
internal_value=0 0.0178261 0.0480793 -0.00209979 -0.040755
internal_weight=0 28.5229 11.3263 17.1966 10.0579
internal_count=149 120 48 72 42
is_linear=0
shrinkage=0.1


Tree=2
num_leaves=5
num_cat=0
split_feature=4 9 15 9
split_gain=43.3536 1.97501 0.912167 1.1138
threshold=1.0000000180025095e-35 36.500000000000007 611.66666666666754 96.500000000000014
decision_type=2 2 2 2
left_child=-1 -2 3 -3
right_child=1 2 -4 -5
leaf_value=-0.2139043754091158 0.016282151111731008 0.03199851099260459 0.10778072186936974 0.088651004457049293
leaf_weight=7.4649076759815207 8.2502292692661303 6.8678300231695193 5.8225701898336402 7.0150427222251892
leaf_count=30 35 29 25 30
internal_value=0 0.0573602 0.0745587 0.0606251
internal_weight=0 27.9557 19.7054 13.8829
internal_count=149 119 84 59
is_linear=0
shrinkage=0.1


Tree=3
num_leaves=6
num_cat=0
split_feature=9 15 15 15 9
split_gain=3.0223 2.13561 1.96936 0.418815 0.38335
threshold=120.50000000000001 832.3333333333386 730.3333333333286 196.00000000000003 93.500000000000014
decision_type=2 2 2 2 2
left_child=1 2 3 4 -1
right_child=-2 -3 -4 -5 -6
leaf_value=0.053322715832617829 -0.05868290983584519 0.074162700125180114 -0.047580765724411146 0.00071445040558327513 0.014075676066820168
leaf_weight=4.6819559931755155 6.9720794558525077 4.9954557567834845 5.937708005309104 7.1132924407720557 5.3128905594348907
leaf_count=20 29 22 25 30 23
internal_value=0 0.0148879 0.00203935 0.019261 0.0324604
internal_weight=0 28.0413 23.0458 17.1081 9.99485
internal_count=149 120 98 73 43
is_linear=0
shrinkage=0.1


Tree=4
num_leaves=5
num_cat=0
split_feature=7 7 7 14
split_gain=3.70935 2.43733 2.82177 2.03811
threshold=659.66666666667163 466.00000000000006 348.33333333334127 254.70114942528883
decision_type=2 2 2 2
left_child=1 2 -1 -4
right_child=-2 -3 3 -5
leaf_value=0.044481676937057943 -0.079983188442654979 0.064534579808954315 -0.060275718998153531 0.015485028288805897
leaf_weight=8.2050376534462028 4.9468335956335059 7.1277359873056403 8.5447736680507642 6.0757874995470038
leaf_count=35 21 31 36 26
internal_value=0 0.0134877 -0.00245272 -0.0287922
internal_weight=0 29.9533 22.8256 14.6206
internal_count=149 128 97 62
is_linear=0
shrinkage=0.1


Tree=5
num_leaves=6
num_cat=0
split_feature=15 6 8 14 6
split_gain=1.97801 0.766528 1.76511 1.53395 0.580045
threshold=934.33333333333405 2.4000000000000008 0.15000000000000005 215.66411238825108 0.55000000000000004
decision_type=2 2 2 2 2
left_child=1 2 4 -4 -1
right_child=-2 -3 3 -5 -6
leaf_value=-0.047851006466632269 0.062759967744262513 -0.040841874009180469 0.063234188469606142 -0.0079440452982713055 -0.0041753338732642706
leaf_weight=6.6084865629673057 4.4186256974935523 6.007447972893714 5.7980774194002134 6.336776077747345 5.6324026584625244
leaf_count=28 20 25 25 27 24
internal_value=0 -0.00884694 -0.000961727 0.0260652 -0.0277545
internal_weight=0 30.3832 24.3757 12.1349 12.2409
internal_count=149 129 104 52 52
is_linear=0
shrinkage=0.1


Tree=6
num_leaves=6
num_cat=0
split_feature=9 9 9 8 8
split_gain=2.24971 1.05261 2.73097 3.37249 1.08285
threshold=120.50000000000001 30.500000000000004 72.500000000000014 0.15000000000000005 1.3500000000000003
decision_type=2 2 2 2 2
left_child=1 -1 4 -4 -3
right_child=-2 2 3 -5 -6
leaf_value=0.046593515750007586 -0.050535820291201211 -0.068938372516278906 -0.010720957459233288 0.10270565352478639 -0.003074374292572889
leaf_weight=6.9815421253442791 6.9729356616735449 4.9873875081539172 6.2818338274955732 4.4984738677740097 4.9972875267267227
leaf_count=30 29 21 27 21 21
internal_value=0 0.0130027 0.00170891 0.0366104 -0.0359737
internal_weight=0 27.7465 20.765 10.7803 9.98468
internal_count=149 120 90 48 42
is_linear=0
shrinkage=0.1


Tree=7
num_leaves=5
num_cat=0
split_feature=7 7 7 14
split_gain=3.21195 1.76404 2.49277 1.54812
threshold=659.66666666667163 466.00000000000006 348.33333333334127 254.70114942528883
decision_type=2 2 2 2
left_child=1 2 -1 -4
right_child=-2 -3 3 -5
leaf_value=0.043508823193993088 -0.074685196220089761 0.057009656539525 -0.052736377814846164 0.013426448297646271
leaf_weight=8.1611061543226295 4.9067803323268881 6.8858714699745169 8.5896932780742628 6.0115845203399649
leaf_count=35 21 31 36 26
internal_value=0 0.0126607 -0.000755411 -0.0254961
internal_weight=0 29.6483 22.7624 14.6013
internal_count=149 128 97 62
is_linear=0
shrinkage=0.1


Tree=8
num_leaves=6
num_cat=0
split_feature=15 6 8 15 6
split_gain=1.35703 0.619487 1.32403 0.913969 0.480878
threshold=934.33333333333405 2.4000000000000008 0.15000000000000005 730.3333333333286 0.55000000000000004
decision_type=2 2 2 2 2
left_child=1 2 4 -4 -1
right_child=-2 -3 3 -5 -6
leaf_value=-0.041419596571379134 0.053481575431956467 -0.035815875940256363 0.047747031512776927 -0.0080565580308772713 -0.0016178983997420144
leaf_weight=6.6114059090614372 4.2049769908189765 6.0338022857904425 6.797338128089903 5.1652932465076447 5.6123010218143463
leaf_count=28 20 25 30 22 24
internal_value=0 -0.00715052 6.75367e-07 0.0236518 -0.0231453
internal_weight=0 30.2201 24.1863 11.9626 12.2237
internal_count=149 129 104 52 52
is_linear=0
shrinkage=0.1


Tree=9
num_leaves=6
num_cat=0
split_feature=9 6 9 9 6
split_gain=1.76771 2.12794 1.61957 2.32694 0.746997
threshold=105.50000000000001 0.55000000000000004 72.500000000000014 30.500000000000004 1.6500000000000001
decision_type=2 2 2 2 2
left_child=2 -2 3 -1 -5
right_child=1 -3 -4 4 -6
leaf_value=0.04295782777725872 -0.081227693440831944 0.009772905323989927 0.054869884368870137 -0.061467038260469078 -0.006708946391688158
leaf_weight=6.8697516620159211 4.9984206557273847 5.2882560640573502 7.1785690933465949 4.7331571727991086 5.2597023844718933
leaf_count=30 21 23 33 20 22
internal_value=0 -0.0344454 0.0150898 -0.00184495 -0.0326453
internal_weight=0 10.2867 24.0412 16.8626 9.99286
internal_count=149 44 105 72 42
is_linear=0
shrinkage=0.1


Tree=10
num_leaves=5
num_cat=0
split_feature=4 9 9 9
split_gain=29.755 1.95941 0.777006 1.01379
threshold=1.0000000180025095e-35 36.500000000000007 96.500000000000014 66.500000000000014
decision_type=2 2 2 2
left_child=-1 -2 3 -3
right_child=1 2 -4 -5
leaf_value=-0.17839470165156701 0.0074154446506535261 0.083255916332074589 0.090781057485563491 0.022456235327240406
leaf_weight=7.3254285901784888 7.972356170415881 4.9484152495861071 7.7760570943355551 6.1520916074514389
leaf_count=30 35 21 35 28
internal_value=0 0.0489843 0.0665405 0.0495597
internal_weight=0 26.8489 18.8766 11.1005
internal_count=149 119 84 49
is_linear=0
shrinkage=0.1


Tree=11
num_leaves=5
num_cat=0
split_feature=4 9 9 9
split_gain=24.8298 1.65045 0.680471 0.853057
threshold=1.0000000180025095e-35 36.500000000000007 96.500000000000014 66.500000000000014
decision_type=2 2 2 2
left_child=-1 -2 3 -3
right_child=1 2 -4 -5
leaf_value=-0.16574179731034211 0.0066883100077856405 0.076544251615951173 0.084242493724285161 0.020366911002426893
leaf_weight=7.1070260256528845 7.9560835063457516 4.8493425101041812 7.5534523874521247 6.1073378026485443
leaf_count=30 35 21 35 28
internal_value=0 0.0447783 0.0611502 0.0452306
internal_weight=0 26.4662 18.5101 10.9567
internal_count=149 119 84 49
is_linear=0
shrinkage=0.1


Tree=12
num_leaves=6
num_cat=0
split_feature=8 8 8 13 6
split_gain=0.834778 1.8628 1.44762 1.64649 0.19283
threshold=2.6500000000000017 1.0500000000000003 0.15000000000000005 1.0000000180025095e-35 0.55000000000000004
decision_type=2 2 2 2 2
left_child=1 2 4 -4 -1
right_child=-2 -3 3 -5 -6
leaf_value=-0.030667344933017746 0.03660173749255962 -0.060562890903689971 0.075620155179350029 -0.0029118810619082145 -0.0047801406773066851
leaf_weight=6.27794092893601 5.2797025591135016 5.2247799187898627 4.8147372603416425 5.9924847334623337 5.3122491538524628
leaf_count=28 23 23 24 27 24
internal_value=0 -0.00679552 0.00574712 0.032075 -0.0188022
internal_weight=0 27.6222 22.3974 10.8072 11.5902
internal_count=149 126 103 51 52
is_linear=0
shrinkage=0.1


Tree=13
num_leaves=5
num_cat=0
split_feature=4 9 14 9
split_gain=20.7186 1.42072 0.998395 1.43684
threshold=1.0000000180025095e-35 36.500000000000007 130.65993788819875 96.500000000000014
decision_type=2 2 2 2
left_child=-1 -2 3 -3
right_child=1 2 -4 -5
leaf_value=-0.15545341162397949 0.0054599795247952032 -0.00080426091199845354 0.08741281632527359 0.070197402319503749
leaf_weight=6.7847452610731116 7.924820393323901 5.1447522640228289 6.5512822568416587 6.3904864192008972
leaf_count=30 35 23 31 30
internal_value=0 0.0407666 0.0562366 0.0385304
internal_weight=0 26.0113 18.0865 11.5352
internal_count=149 119 84 53
is_linear=0
shrinkage=0.1


Tree=14
num_leaves=6
num_cat=0
split_feature=9 9 9 8 9
split_gain=1.27421 0.820489 1.58238 0.0737654 0.0171309
threshold=30.500000000000004 63.500000000000007 105.50000000000001 0.35000000000000009 129.50000000000003
decision_type=2 2 2 2 2
left_child=-1 -2 3 -3 -4
right_child=1 2 4 -5 -6
leaf_value=0.038802613707685819 -0.038210425749063033 0.023133889776882768 -0.031383741481544457 0.041562342388162615 -0.02275996587336853
leaf_weight=6.7307874560356131 7.3824378997087505 4.5070449560880679 4.9596124142408353 4.1926163285970688 4.3011624664068222
leaf_count=30 33 21 24 21 20
internal_value=0 -0.0101453 0.00139055 0.0320151 -0.0273784
internal_weight=0 25.3429 17.9604 8.69966 9.26077
internal_count=149 119 86 42 44
is_linear=0
shrinkage=0.1


Tree=15
num_leaves=6
num_cat=0
split_feature=7 6 15 15 6
split_gain=1.87481 1.37773 2.3275 1.44988 1.21951
threshold=659.66666666667163 2.4000000000000008 771.16666666667118 196.00000000000003 1.0000000180025095e-35
decision_type=2 2 2 2 2
left_child=1 2 3 4 -1
right_child=-2 -3 -4 -5 -6
leaf_value=-0.0069270543165103077 -0.060538832683517951 -0.031208886016972609 0.079253135692438734 -0.045665481093446494 0.058802509664799996
leaf_weight=6.500339776277551 4.3937816917896262 6.3163671344518653 5.3200533688068381 4.4409421235322943 4.9892093539237976
leaf_count=30 21 28 26 20 24
internal_value=0 0.00979639 0.0219845 0.00285943 0.0216153
internal_weight=0 27.5669 21.2505 15.9305 11.4895
internal_count=149 128 100 74 54
is_linear=0
shrinkage=0.1


Tree=16
num_leaves=5
num_cat=0
split_feature=4 13 8 8
split_gain=16.7543 1.0529 0.935769 0.572876
threshold=1.0000000180025095e-35 1.0000000180025095e-35 0.15000000000000005 1.3500000000000003
decision_type=2 2 2 2
left_child=-1 2 -2 -3
right_child=1 3 -4 -5
leaf_value=-0.14543200135777987 0.036572524154217273 -0.0050328278877985076 0.093801343379434091 0.036852655640427161
leaf_weight=6.3308812379837063 7.9055504351854342 6.3329447954893094 4.4742569476366043 6.7413356602191925
leaf_count=30 36 29 24 30
internal_value=0 0.0363549 0.0572559 0.0165641
internal_weight=0 25.4541 12.3798 13.0743
internal_count=149 119 60 59
is_linear=0
shrinkage=0.1


Tree=17
num_leaves=5
num_cat=0
split_feature=7 9 7 7
split_gain=1.57297 2.47515 1.26537 0.526988
threshold=348.33333333334127 120.50000000000001 446.00000000000006 381.83333333332854
decision_type=2 2 2 2
left_child=-1 2 3 -2
right_child=1 -3 -4 -5
leaf_value=0.040210996315670586 0.0066753606039136179 -0.084154599510201225 0.033874732450199459 -0.035891941740256283
leaf_weight=7.43336854875088 4.9770877510309273 4.0068038552999488 7.6460857167839995 6.9971546679735184
leaf_count=35 23 20 39 32
internal_value=0 -0.0125322 0.00209433 -0.0181989
internal_weight=0 23.6271 19.6203 11.9742
internal_count=149 114 94 55
is_linear=0
shrinkage=0.1


Tree=18
num_leaves=6
num_cat=0
split_feature=4 9 6 6 6
split_gain=14.0563 1.25718 1.58337 1.54017 0.622709
threshold=1.0000000180025095e-35 96.500000000000014 1.25 0.40000000000000013 2.7499999999999996
decision_type=2 2 2 2 2
left_child=-1 2 3 -2 -4
right_child=1 -3 4 -5 -6
leaf_value=-0.13886549746543192 0.03398473119768719 0.069319727343649676 0.0763282231016299 -0.047656348915906484 0.023287203752630659
leaf_weight=5.8916417062282589 4.309878766536718 6.8540881276130667 4.3444265872240049 4.9816333055496216 4.512390211224556
leaf_count=30 20 35 21 23 20
internal_value=0 0.0328316 0.0190512 -0.00978704 0.0493048
internal_weight=0 25.0024 18.1483 9.29151 8.85682
internal_count=149 119 84 43 41
is_linear=0
shrinkage=0.1


Tree=19
num_leaves=5
num_cat=0
split_feature=4 7 7 7
split_gain=12.117 0.911546 2.32898 0.141347
threshold=1.0000000180025095e-35 446.00000000000006 366.50000000000733 268.83333333332854
decision_type=2 2 2 2
left_child=-1 2 3 -2
right_child=1 -3 -4 -5
leaf_value=-0.13391340812000327 0.038709182333778624 0.059217534365598012 -0.023123235574414421 0.063208094224558753
leaf_weight=5.5177982598543194 4.7722077220678383 7.4577024802565566 7.7826011031866065 4.6494206488132477
leaf_count=30 23 39 35 22
internal_value=0 0.030017 0.0173591 0.050799
internal_weight=0 24.6619 17.2042 9.42163
internal_count=149 119 80 45
is_linear=0
shrinkage=0.1


Tree=20
num_leaves=5
num_cat=0
split_feature=7 6 6 8
split_gain=1.07155 1.07682 2.13858 0.88106
threshold=348.33333333334127 2.4000000000000008 1.25 0.15000000000000005
decision_type=2 2 2 2
left_child=-1 2 3 -2
right_child=1 -3 -4 -5
leaf_value=0.034157941996064041 -0.050521731236559619 -0.048414069917144524 0.064473361977239338 0.0032418148365795036
leaf_weight=7.0010091662406948 5.0885461270809227 5.6508751362562171 4.137353964149951 7.601499930024147
leaf_count=35 27 27 22 38
internal_value=0 -0.0106446 0.00203891 -0.0183167
internal_weight=0 22.4783 16.8274 12.69
internal_count=149 114 87 65
is_linear=0
shrinkage=0.1


Tree=21
num_leaves=5
num_cat=0
split_feature=7 8 13 14
split_gain=0.87554 0.847565 1.32857 1.04405
threshold=348.33333333334127 0.15000000000000005 1.0000000180025095e-35 451.0416666666643
decision_type=2 2 2 2
left_child=-1 -2 -3 -4
right_child=1 2 3 -5
leaf_value=0.031078885764342968 -0.04547880201925325 0.047013438276568939 0.0059529267330195954 -0.053615707461824126
leaf_weight=6.9290904998779324 5.0875466614961651 4.598157204687598 8.0906328558921796 4.6238578259944907
leaf_count=35 27 27 38 22
internal_value=0 -0.00959585 0.000948827 -0.0157103
internal_weight=0 22.4002 17.3126 12.7145
internal_count=149 114 87 60
is_linear=0
shrinkage=0.1


Tree=22
num_leaves=5
num_cat=0
split_feature=4 13 8 8
split_gain=10.287 0.592981 0.777743 0.334772
threshold=1.0000000180025095e-35 1.0000000180025095e-35 0.15000000000000005 1.3500000000000003
decision_type=2 2 2 2
left_child=-1 2 -2 -3
right_child=1 3 -4 -5
leaf_value=-0.12954659458921636 0.024847931235701025 -0.0040639609036724174 0.079846740550943082 0.028303988718461088
leaf_weight=5.0657250285148647 7.4768190681934374 6.2859748899936658 3.9187637716531754 6.4989787340164185
leaf_count=30 36 29 24 30
internal_value=0 0.0271741 0.0437612 0.0123896
internal_weight=0 24.1805 11.3956 12.785
internal_count=149 119 60 59
is_linear=0
shrinkage=0.1


Tree=23
num_leaves=5
num_cat=0
split_feature=4 7 7 6
split_gain=8.94161 0.906646 1.68267 0.258313
threshold=1.0000000180025095e-35 446.00000000000006 366.50000000000733 0.75000000000000011
decision_type=2 2 2 2
left_child=-1 2 3 -2
right_child=1 -3 -4 -5
leaf_value=-0.12603077753323766 0.056998094107776766 0.054533642235692695 -0.022089230050803457 0.022891289821436567
leaf_weight=4.7048818171024349 4.9000149816274696 7.1732005178928366 7.7502812370657912 4.0608498007059097
leaf_count=30 25 39 35 20
internal_value=0 0.0247958 0.012031 0.0415417
internal_weight=0 23.8843 16.7111 8.96086
internal_count=149 119 80 45
is_linear=0
shrinkage=0.1


Tree=24
num_leaves=5
num_cat=0
split_feature=4 7 7 6
split_gain=7.80033 0.767526 1.38471 0.222707
threshold=1.0000000180025095e-35 446.00000000000006 366.50000000000733 0.75000000000000011
decision_type=2 2 2 2
left_child=-1 2 3 -2
right_child=1 -3 -4 -5
leaf_value=-0.12300763724796214 0.052731103677100634 0.050432485275901731 -0.019754475368695401 0.020796087111184167
leaf_weight=4.3563584908843067 4.7736744880676323 6.9907120764255515 7.7970232889056197 4.024952657520771
leaf_count=30 25 39 35 20
internal_value=0 0.0226384 0.0109305 0.0381224
internal_weight=0 23.5864 16.5957 8.79863
internal_count=149 119 80 45
is_linear=0
shrinkage=0.1


Tree=25
num_leaves=5
num_cat=0
split_feature=4 9 9 9
split_gain=6.82538 0.80196 0.693893 0.506375
threshold=1.0000000180025095e-35 96.500000000000014 30.500000000000004 54.500000000000007
decision_type=2 2 2 2
left_child=-1 2 -2 -4
right_child=1 -3 3 -5
leaf_value=-0.12039204186413018 0.036643036969577512 0.052033294936647892 -0.032332191785189215 0.011578663486698764
leaf_weight=4.0230062827467945 6.1495267748832765 6.0360151603817931 4.2533069252967817 6.8649873957037926
leaf_count=30 29 35 20 35
internal_value=0 0.0206567 0.00968889 -0.00521945
internal_weight=0 23.3038 17.2678 11.1183
internal_count=149 119 84 55
is_linear=0
shrinkage=0.1


Tree=26
num_leaves=5
num_cat=0
split_feature=4 14 14 8
split_gain=5.98713 0.65634 0.454735 0.0768122
threshold=1.0000000180025095e-35 451.0416666666643 130.65993788819875 0.15000000000000005
decision_type=2 2 2 2
left_child=-1 2 3 -2
right_child=1 -3 -4 -5
leaf_value=-0.1181170357158698 0.010857427446406722 -0.010830974045663199 0.052687294753573956 0.027003778999513992
leaf_weight=3.7066602408885982 6.9947890490293556 5.6457056626677504 5.3451586514711371 5.0905689373612404
leaf_count=30 36 30 26 27
internal_value=0 0.0188022 0.0284003 0.0176586
internal_weight=0 23.0762 17.4305 12.0854
internal_count=149 119 89 63
is_linear=0
shrinkage=0.1


Tree=27
num_leaves=6
num_cat=0
split_feature=8 8 8 6 6
split_gain=0.647058 1.25545 1.14516 0.751479 0.136979
threshold=2.6500000000000017 1.0500000000000003 0.55000000000000016 0.75000000000000011 1.0000000180025095e-35
decision_type=2 2 2 2 2
left_child=1 2 3 4 -1
right_child=-2 -3 -4 -5 -6
leaf_value=-0.0028346936765115145 0.034003627573823192 -0.055850969837437925 0.054142765145693078 -0.045749652353603197 0.021707752852505778
leaf_weight=6.2969200611114591 4.5729921758174887 4.2892392277717581 3.6736428290605536 3.9167817756533614 3.559778980910778
leaf_count=38 23 23 19 22 24
internal_value=0 -0.00738042 0.00453569 -0.00869544 0.00602889
internal_weight=0 21.7364 17.4471 13.7735 9.8567
internal_count=149 126 103 84 62
is_linear=0
shrinkage=0.1


Tree=28
num_leaves=6
num_cat=0
split_feature=9 9 8 8 7
split_gain=0.682029 1.25822 0.776592 1.64453 0.504222
threshold=15.500000000000002 36.500000000000007 0.15000000000000005 0.84999999999999998 337.83333333333809
decision_type=2 2 2 2 2
left_child=-1 -2 4 -4 -3
right_child=1 2 3 -5 -6
leaf_value=0.044658386587323989 -0.053549692546534723 0.0084481426485862963 0.067054232020040919 -0.012863762679859456 -0.040481000620661893
leaf_weight=3.0086127966642406 4.4820123016834286 4.0315619111061114 4.7503824830055219 5.622369296848774 4.409953311085701
leaf_count=15 21 23 31 31 28
internal_value=0 -0.00593494 0.00540804 0.0237361 -0.0171131
internal_weight=0 23.2963 18.8143 10.3728 8.44152
internal_count=149 134 113 62 51
is_linear=0
shrinkage=0.1


Tree=29
num_leaves=6
num_cat=0
split_feature=9 9 7 7 9
split_gain=0.551211 0.540311 0.99366 0.594702 0.0375664
threshold=30.500000000000004 54.500000000000007 600.83333333333951 379.00000000000551 99.500000000000014
decision_type=2 2 2 2 2
left_child=-1 -2 3 4 -3
right_child=1 2 -4 -5 -6
leaf_value=0.026159005107677852 -0.037367149753471808 -0.013368400122390248 -0.048461964510778471 0.039033328360043605 0.0016342699400959176
leaf_weight=6.1221086680889156 4.8041188642382648 3.2520480975508672 3.1977699026465407 5.3668620586395264 3.4287237897515297
leaf_count=30 24 19 24 31 21
internal_value=0 -0.00812344 0.00109181 0.0142447 -0.00566869
internal_weight=0 20.0495 15.2454 12.0476 6.68077
internal_count=149 119 95 71 40
is_linear=0
shrinkage=0.1


Tree=30
num_leaves=5
num_cat=0
split_feature=7 6 6 6
split_gain=0.487731 1.16953 1.52694 0.762491
threshold=348.33333333334127 2.4000000000000008 1.25 1.0000000180025095e-35
decision_type=2 2 2 2
left_child=-1 2 3 -2
right_child=1 -3 -4 -5
leaf_value=0.024691840912583515 0.022761161633751414 -0.04943630685001435 0.061602645167346294 -0.031521151300513577
leaf_weight=6.0921775028109577 4.0330419316887873 5.0138430297374716 3.751182109117507 7.2208440005779266
leaf_count=35 25 27 22 40
internal_value=0 -0.00762258 0.0063492 -0.0120681
internal_weight=0 20.0189 15.0051 11.2539
internal_count=149 114 87 65
is_linear=0
shrinkage=0.1


Tree=31
num_leaves=5
num_cat=0
split_feature=9 12 7 9
split_gain=0.516694 0.431658 1.00867 0.371493
threshold=30.500000000000004 1.0000000180025095e-35 446.00000000000006 87.500000000000014
decision_type=2 2 2 2
left_child=-1 -2 3 -3
right_child=1 2 -4 -5
leaf_value=0.02541286456038332 0.016065039733276703 -0.02091970722204009 0.017328002537674549 -0.062338370559559902
leaf_weight=6.0999939739704159 5.4747819304466292 5.47882635891437 5.3945128470659265 3.5808171853423119
leaf_count=30 32 30 36 21
internal_value=0 -0.00784834 -0.016906 -0.0372904
internal_weight=0 19.9289 14.4542 9.05964
internal_count=149 119 87 51
is_linear=0
shrinkage=0.1


Tree=32
num_leaves=7
num_cat=0
split_feature=8 8 8 6 9 6
split_gain=0.440202 0.946859 0.970751 0.585307 0.296834 1.28223
threshold=2.6500000000000017 1.0500000000000003 0.55000000000000016 0.75000000000000011 105.50000000000001 0.55000000000000004
decision_type=2 2 2 2 2 2
left_child=1 2 3 4 -1 -6
right_child=-2 -3 -4 -5 5 -7
leaf_value=0.027175810523110834 0.028602612274014002 -0.047822980809939103 0.050933123032958466 -0.04013317028184684 -0.053309244997179241 0.039921848492845191
leaf_weight=3.8454362824559301 4.4501505941152564 4.3177705258131018 3.5754598230123511 3.9360152930021277 3.070655420422554 2.8391303196549416
leaf_count=21 23 23 19 22 21 20
internal_value=0 -0.0059391 0.00453453 -0.00758243 0.00555106 -0.00851994
internal_weight=0 21.5845 17.2667 13.6912 9.75522 5.90979
internal_count=149 126 103 84 62 41
is_linear=0
shrinkage=0.1


Tree=33
num_leaves=6
num_cat=0
split_feature=9 9 9 9 9
split_gain=0.360552 0.443224 0.325949 0.224933 0.131863
threshold=30.500000000000004 54.500000000000007 105.50000000000001 123.50000000000001 72.500000000000014
decision_type=2 2 2 2 2
left_child=-1 -2 4 -4 -3
right_child=1 2 3 -5 -6
leaf_value=0.02149287485130405 -0.032942332019852041 -0.0018083422222889942 -0.036906246684371778 0.0009673931191793285 0.023723507990955128
leaf_weight=5.99561379849911 4.8032283559441593 3.1739234924316388 2.7386650443077079 3.6688301488757133 5.5775270015001297
leaf_count=30 24 18 18 26 33
internal_value=0 -0.006471 0.00191665 -0.0152204 0.0144638
internal_weight=0 19.9622 15.1589 6.4075 8.75145
internal_count=149 119 95 44 51
is_linear=0
shrinkage=0.1


Tree=34
num_leaves=6
num_cat=0
split_feature=6 6 9 8 9
split_gain=0.408219 1.57133 0.992288 0.835946 0.413684
threshold=2.4000000000000008 1.25 36.500000000000007 0.15000000000000005 111.50000000000001
decision_type=2 2 2 2 2
left_child=1 2 -1 4 -4
right_child=-2 -3 3 -5 -6
leaf_value=-0.058521233458454273 -0.023581029082116768 0.060484188669168208 -0.038521486616619298 0.039730146934284942 0.0061140653478366233
leaf_weight=3.1032585948705735 5.7209710031747809 4.2776513770222655 3.7848546355962736 4.4145043045282355 4.5998912826180458
leaf_count=14 31 26 20 27 31
internal_value=0 0.00668173 -0.00779071 0.00450923 -0.0140343
internal_weight=0 20.1802 15.9025 12.7993 8.38475
internal_count=149 118 92 78 51
is_linear=0
shrinkage=0.1


Tree=35
num_leaves=6
num_cat=0
split_feature=7 13 9 7 9
split_gain=0.563596 0.614326 0.47877 1.20326 0.844591
threshold=348.33333333334127 1.5000000000000002 36.500000000000007 639.66666666666799 90.500000000000014
decision_type=2 2 2 2 2
left_child=-1 2 -2 4 -4
right_child=1 -3 3 -5 -6
leaf_value=0.026660842545618721 -0.025467481427709129 -0.046188180416859265 0.059826298233967914 -0.042432307680073333 -0.004939409337669582
leaf_weight=6.0758153721690205 5.0754279643297258 3.49710489809513 4.5979308709502202 3.0158966705203047 3.5822655335068703
leaf_count=35 24 18 27 22 23
internal_value=0 -0.00816303 9.40815e-06 0.0115586 0.0314641
internal_weight=0 19.7686 16.2715 11.1961 8.1802
internal_count=149 114 96 72 50
is_linear=0
shrinkage=0.1


Tree=36
num_leaves=6
num_cat=0
split_feature=7 6 6 6 9
split_gain=0.459907 0.786691 1.03743 0.628012 0.0117662
threshold=348.33333333334127 2.4000000000000008 1.25 1.0000000180025095e-35 75.500000000000014
decision_type=2 2 2 2 2
left_child=-1 2 3 -2 -5
right_child=1 -3 -4 4 -6
leaf_value=0.024252210035939963 0.021395891684645663 -0.04145023193238126 0.051474619677683492 -0.024350260827175702 -0.032435152847980743
leaf_weight=6.0146749913692501 3.9623306468129176 5.03553432971239 3.5451873764395705 3.8408411666750908 3.3877864629030228
leaf_count=35 25 27 22 18 22
internal_value=0 -0.00732705 0.00433328 -0.0106006 -0.0281393
internal_weight=0 19.7717 14.7361 11.191 7.22863
internal_count=149 114 87 65 40
is_linear=0
shrinkage=0.1


Tree=37
num_leaves=5
num_cat=0
split_feature=7 7 7 7
split_gain=0.375169 0.59998 1.27284 0.189227
threshold=348.33333333334127 446.00000000000006 659.66666666667163 381.83333333332854
decision_type=2 2 2 2
left_child=-1 3 -3 -2
right_child=1 2 -4 -5
leaf_value=0.022042943917045744 -0.0057182293035336063 0.043848391242984383 -0.037974768646695752 -0.031829737195726952
leaf_weight=5.9588201493024853 4.6518402695655841 5.2239181697368604 2.9889476448297501 6.8801420927047729
leaf_count=35 25 34 21 34
internal_value=0 -0.0065859 0.0140701 -0.0212967
internal_weight=0 19.7448 8.21287 11.532
internal_count=149 114 55 59
is_linear=0
shrinkage=0.1


Tree=38
num_leaves=5
num_cat=0
split_feature=7 15 7 7
split_gain=0.305932 0.521115 1.55309 0.221704
threshold=348.33333333334127 771.16666666667118 446.00000000000006 379.00000000000551
decision_type=2 2 2 2
left_child=-1 2 3 -2
right_child=1 -3 -4 -5
leaf_value=0.020019160472015757 -0.02634442764851086 0.017191794121712761 0.026960288883649437 -0.059222235375343858
leaf_weight=5.9078926667571094 3.8338772058486956 6.5245576724410048 4.9429263174533835 4.4105025231838226
leaf_count=35 20 39 35 20
internal_value=0 -0.00592382 -0.0173605 -0.0439331
internal_weight=0 19.7119 13.1873 8.24438
internal_count=149 114 75 40
is_linear=0
shrinkage=0.1


Tree=39
num_leaves=6
num_cat=0
split_feature=9 14 14 9 9
split_gain=0.605998 0.450734 1.89246 0.413831 0.153108
threshold=30.500000000000004 130.65993788819875 451.0416666666643 96.500000000000014 120.50000000000001
decision_type=2 2 2 2 2
left_child=-1 3 -3 -2 -5
right_child=1 2 -4 4 -6
leaf_value=0.027698121172407865 -0.04162917232854569 0.063579665908288133 -0.03690863943577722 0.01307496947008404 -0.017301812003619219
leaf_weight=6.0560886114835766 5.2403722777962702 3.5608213767409316 3.9564688950777054 2.9190286174416542 3.8446818739175797
leaf_count=30 28 21 23 20 27
internal_value=0 -0.00851058 0.0106911 -0.0205352 -0.00419204
internal_weight=0 19.5214 7.51729 12.0041 6.76371
internal_count=149 119 44 75 47
is_linear=0
shrinkage=0.1


Tree=40
num_leaves=6
num_cat=0
split_feature=8 8 8 7 7
split_gain=0.415879 0.730066 0.998396 0.305752 0.000466693
threshold=2.6500000000000017 1.0500000000000003 0.55000000000000016 399.00000000000369 256.16666666667157
decision_type=2 2 2 2 2
left_child=1 2 3 4 -1
right_child=-2 -3 -4 -5 -6
leaf_value=0.0057899130550753998 0.028085652906376359 -0.042456374061313772 0.05136937257944401 -0.025434898083702931 0.0041930946522099255
leaf_weight=3.443973347544679 4.389886572957038 4.3114557489752761 3.4802859947085372 6.0337376892566681 3.9062709510326385
leaf_count=20 23 23 19 41 23
internal_value=0 -0.00573376 0.00365461 -0.00875284 0.00494129
internal_weight=0 21.1757 16.8643 13.384 7.35024
internal_count=149 126 103 84 43
is_linear=0
shrinkage=0.1


Tree=41
num_leaves=5
num_cat=0
split_feature=9 12 7 9
split_gain=0.427365 0.354121 0.914739 0.346121
threshold=30.500000000000004 1.0000000180025095e-35 446.00000000000006 72.500000000000014
decision_type=2 2 2 2
left_child=-1 -2 3 -3
right_child=1 2 -4 -5
leaf_value=0.023541598521419196 0.014940289991132644 -0.058069083228074941 0.017564870711510656 -0.018149357132239818
leaf_weight=5.9514273479580906 5.3247130438685462 3.7325822040438599 5.3132227212190637 5.1947684437036514
leaf_count=30 32 20 36 31
internal_value=0 -0.007061 -0.0152875 -0.03484
internal_weight=0 19.5653 14.2406 8.92735
internal_count=149 119 87 51
is_linear=0
shrinkage=0.1


Tree=42
num_leaves=5
num_cat=0
split_feature=6 6 14 6
split_gain=0.251294 1.11143 0.476134 0.107263
threshold=1.5000000000000002 2.7499999999999996 451.0416666666643 1.0000000180025095e-35
decision_type=2 2 2 2
left_child=2 -2 3 -1
right_child=1 -3 -4 -5
leaf_value=-0.0044967525907003208 0.056448826783449882 -0.015704263986879009 -0.033948304691105463 0.014759983323678111
leaf_weight=6.9519082009792381 3.6033946573734266 5.2384994179010391 4.7441324144601813 4.9537452012300491
leaf_count=42 22 29 24 32
internal_value=0 0.0137008 -0.0071592 0.00351566
internal_weight=0 8.84189 16.6498 11.9057
internal_count=149 51 98 74
is_linear=0
shrinkage=0.1


Tree=43
num_leaves=6
num_cat=0
split_feature=7 6 7 7 14
split_gain=0.318833 0.687253 0.619981 1.02294 0.33569
threshold=366.50000000000733 1.0000000180025095e-35 446.00000000000006 659.66666666667163 254.70114942528883
decision_type=2 2 2 2 2
left_child=1 -1 4 -4 -2
right_child=2 -3 3 -5 -6
leaf_value=-0.019623025930238083 -0.049000302546347102 0.036557048909913806 0.038459549318004299 -0.035238179243602001 -0.0083925050249878275
leaf_weight=3.5376896634697932 3.8976451158523577 5.6632019281387329 5.1060324683785421 2.9840913489460945 4.2614866569638252
leaf_count=21 19 33 34 21 21
internal_value=0 0.0149561 -0.0083406 0.0112757 -0.027791
internal_weight=0 9.20089 16.2493 8.09012 8.15913
internal_count=149 54 95 55 40
is_linear=0
shrinkage=0.1


Tree=44
num_leaves=6
num_cat=0
split_feature=9 14 14 9 9
split_gain=0.363826 0.365871 1.44743 0.287684 0.142205
threshold=30.500000000000004 130.65993788819875 451.0416666666643 96.500000000000014 120.50000000000001
decision_type=2 2 2 2 2
left_child=-1 3 -3 -2 -5
right_child=1 2 -4 4 -6
leaf_value=0.021838822893208879 -0.034747842683803501 0.058147941137834253 -0.030144257697386753 0.013110035173315071 -0.016290350638311173
leaf_weight=5.9009042754769352 5.2940634936094302 3.4678065329790106 3.9966288730502129 2.9016672596335411 3.7992247566580772
leaf_count=30 28 21 23 20 27
internal_value=0 -0.00650774 0.0108743 -0.0173245 -0.00355919
internal_weight=0 19.4594 7.46444 11.995 6.70089
internal_count=149 119 44 75 47
is_linear=0
shrinkage=0.1


Tree=45
num_leaves=5
num_cat=0
split_feature=9 9 7 9
split_gain=0.296215 0.33254 0.541095 0.650702
threshold=30.500000000000004 57.500000000000007 600.83333333333951 105.50000000000001
decision_type=2 2 2 2
left_child=-1 -2 3 -3
right_child=1 2 -4 -5
leaf_value=0.019811288473744762 -0.027873734590254218 0.032649597684926195 -0.034844121077908394 -0.015974898962309726
leaf_weight=5.8567627966403988 5.0666899234056499 6.5187637507915479 3.1347922831773749 4.7630643397569656
leaf_count=30 27 37 24 31
internal_value=0 -0.00583633 0.00190866 0.0121209
internal_weight=0 19.4833 14.4166 11.2818
internal_count=149 119 92 68
is_linear=0
shrinkage=0.1


Tree=46
num_leaves=5
num_cat=0
split_feature=6 6 7 6
split_gain=0.278967 0.794421 0.347033 0.913768
threshold=2.4000000000000008 1.25 600.83333333333951 0.55000000000000004
decision_type=2 2 2 2
left_child=1 2 3 -1
right_child=-2 -3 -4 -5
leaf_value=-0.020956131196756232 -0.019457852341235302 0.046117771590384105 -0.032117397361902986 0.034067565552834876
leaf_weight=6.7494247704744392 5.6633804216980925 3.9024038910865775 3.4879025518894187 5.4593700543045998
leaf_count=38 31 26 24 30
internal_value=0 0.00573972 -0.00429879 0.00364865
internal_weight=0 19.5991 15.6967 12.2088
internal_count=149 118 92 68
is_linear=0
shrinkage=0.1


Tree=47
num_leaves=5
num_cat=0
split_feature=14 9 9 9
split_gain=0.298696 0.820567 0.68973 0.150768
threshold=215.66411238825108 81.500000000000014 36.500000000000007 108.50000000000001
decision_type=2 2 2 2
left_child=1 -1 -2 -3
right_child=2 3 -4 -5
leaf_value=0.033728465849070875 -0.045517392311776879 -0.026129031493584604 0.011110579451640108 -0.00054570477710847484
leaf_weight=7.0767079591751161 3.9847376421093923 3.9738311916589719 4.6736092641949654 5.4804049618542194
leaf_count=38 20 22 30 39
internal_value=0 0.00797677 -0.0149507 -0.011299
internal_weight=0 16.5309 8.65835 9.45424
internal_count=149 99 50 61
is_linear=0
shrinkage=0.1


Tree=48
num_leaves=6
num_cat=0
split_feature=6 15 15 9 9
split_gain=0.27465 0.916079 0.60805 0.213147 0.396811
threshold=2.4000000000000008 771.16666666667118 196.00000000000003 105.50000000000001 126.50000000000001
decision_type=2 2 2 2 2
left_child=1 2 3 -1 -5
right_child=-2 -3 -4 4 -6
leaf_value=0.020636902763992059 -0.019286082054519611 0.043150193795447329 -0.040269413051332269 -0.032876731335424139 0.020214393226512372
leaf_weight=5.0078034847974831 5.6657693684101096 4.8983508870005599 3.9614167511463156 2.9689857214689255 2.6772658452391624
leaf_count=27 31 29 21 21 20
internal_value=0 0.0057239 -0.00681946 0.00561798 -0.00770268
internal_weight=0 19.5138 14.6155 10.6541 5.64625
internal_count=149 118 89 68 41
is_linear=0
shrinkage=0.1


Tree=49
num_leaves=6
num_cat=0
split_feature=9 9 6 9 9
split_gain=0.300472 0.325103 0.87458 1.1671 0.319834
threshold=30.500000000000004 57.500000000000007 0.75000000000000011 105.50000000000001 126.50000000000001
decision_type=2 2 2 2 2
left_child=-1 -2 3 -3 -5
right_child=1 2 -4 4 -6
leaf_value=0.019994082564659597 -0.027802115621950479 0.067651406935925418 -0.030533153316092222 -0.029390293383478306 0.018218857649746525
leaf_weight=5.8302390277385738 5.0193966031074551 3.3368497341871244 5.2778058648109427 2.9880031868815422 2.6736601628363132
leaf_count=30 27 19 32 21 20
internal_value=0 -0.00591129 0.00178528 0.0207407 -0.00690738
internal_weight=0 19.2957 14.2763 8.99851 5.66166
internal_count=149 119 92 60 41
is_linear=0
shrinkage=0.1


Tree=50
num_leaves=6
num_cat=0
split_feature=7 13 14 13 7
split_gain=0.245058 0.505606 0.247977 0.756934 1.20997
threshold=348.33333333334127 1.5000000000000002 847.77777777777794 1.0000000180025095e-35 519.00000000000011
decision_type=2 2 2 2 2
left_child=-1 2 3 4 -2
right_child=1 -3 -4 -5 -6
leaf_value=0.018238682734931923 -0.053762483905303249 -0.039801271653849314 -0.020083753228675942 0.037234373584039568 0.031368617108061651
leaf_weight=5.7467170506715801 3.4999813959002513 3.4792292714118949 3.7713696435093871 5.3763018846511841 3.1923312023282051
leaf_count=35 21 18 22 29 24
internal_value=0 -0.00528316 0.0022987 0.00929308 -0.0131537
internal_weight=0 19.3192 15.84 12.0686 6.69231
internal_count=149 114 96 74 45
is_linear=0
shrinkage=0.1


Tree=51
num_leaves=5
num_cat=0
split_feature=9 9 6 6
split_gain=0.2501 1.15973 0.515352 0.465482
threshold=36.500000000000007 51.500000000000007 0.75000000000000011 1.0000000180025095e-35
decision_type=2 2 2 2
left_child=-1 -2 3 -3
right_child=1 2 -4 -5
leaf_value=-0.015732075883086991 0.066761142716005376 -0.0060209974972489253 -0.027304524782505498 0.04090019695510675
leaf_weight=7.1295031905174282 2.7040319144725826 6.040104426443575 5.941817693412303 3.2529651150107384
leaf_count=36 15 38 36 24
internal_value=0 0.0064087 -0.00430322 0.0104034
internal_weight=0 17.9389 15.2349 9.29307
internal_count=149 113 98 62
is_linear=0
shrinkage=0.1


Tree=52
num_leaves=6
num_cat=0
split_feature=8 8 8 9 9
split_gain=0.276737 0.709195 0.881538 0.44315 0.107243
threshold=2.6500000000000017 1.0500000000000003 0.55000000000000016 96.500000000000014 120.50000000000001
decision_type=2 2 2 2 2
left_child=1 2 3 -1 -5
right_child=-2 -3 -4 4 -6
leaf_value=-0.025376311589626718 0.023234789688304985 -0.041231087951557256 0.050513951976044393 0.024553142483291199 -0.0008618353152555604
leaf_weight=6.5639439746737569 4.2903509587049475 4.2250853180885306 3.3466728329658499 3.1700024008750916 3.4862654656171799
leaf_count=35 23 23 19 23 26
internal_value=0 -0.00466002 0.00466677 -0.00693936 0.0112419
internal_weight=0 20.792 16.5669 13.2202 6.65627
internal_count=149 126 103 84 49
is_linear=0
shrinkage=0.1


Tree=53
num_leaves=6
num_cat=0
split_feature=9 9 15 9 9
split_gain=0.238163 0.958133 0.327042 0.126013 0.14115
threshold=36.500000000000007 51.500000000000007 611.66666666666754 96.500000000000014 120.50000000000001
decision_type=2 2 2 2 2
left_child=-1 -2 3 -3 -5
right_child=1 2 -4 4 -6
leaf_value=-0.015355208803693588 0.061386637778049563 -0.023666397110846414 0.022653551509769367 0.014064298704604031 -0.015423381738503109
leaf_weight=7.1233848035335567 2.6812026277184513 4.9834384769201261 3.6529090255498877 2.8717625960707664 3.7339773699641228
leaf_count=36 15 27 24 20 27
internal_value=0 0.00626002 -0.00343719 -0.011661 -0.00260398
internal_weight=0 17.9233 15.2421 11.5892 6.60574
internal_count=149 113 98 74 47
is_linear=0
shrinkage=0.1


Tree=54
num_leaves=5
num_cat=0
split_feature=14 15 15 8
split_gain=0.254789 0.736906 0.218778 0.10851
threshold=215.66411238825108 491.66666666666703 798.33333333333223 0.15000000000000005
decision_type=2 2 2 2
left_child=1 3 -2 -1
right_child=2 -3 -4 -5
leaf_value=-0.01018836376411747 -0.028674982175405359 0.049315308269994883 0.0032753057843785127 0.0087429227485703448
leaf_weight=8.3149638101458603 4.6090883091092092 3.3430267721414557 4.0058065801858902 4.7614408880472174
leaf_count=52 24 17 26 30
internal_value=0 0.00741654 -0.0138185 -0.00329502
internal_weight=0 16.4194 8.61489 13.0764
internal_count=149 99 50 82
is_linear=0
shrinkage=0.1


Tree=55
num_leaves=6
num_cat=0
split_feature=9 9 9 9 9
split_gain=0.260214 0.426453 0.384583 0.124959 0.0544324
threshold=30.500000000000004 57.500000000000007 105.50000000000001 126.50000000000001 78.500000000000014
decision_type=2 2 2 2 2
left_child=-1 -2 4 -4 -3
right_child=1 2 3 -5 -6
leaf_value=0.018717094618839861 -0.03066756259539254 0.0085788232533877597 -0.030374146134440345 -0.0017702518275928181 0.025010536267697926
leaf_weight=5.7760619297623661 4.9829056262969997 3.6874943226575834 2.9627657830715171 3.1522141844034195 4.4475356936454773
leaf_count=30 27 21 21 23 27
internal_value=0 -0.0054862 0.00331915 -0.0156291 0.0175623
internal_weight=0 19.2329 14.25 6.11498 8.13503
internal_count=149 119 92 44 48
is_linear=0
shrinkage=0.1


Tree=56
num_leaves=5
num_cat=0
split_feature=6 6 9 6
split_gain=0.275671 0.663109 0.305125 0.158998
threshold=2.4000000000000008 1.25 63.500000000000007 0.55000000000000004
decision_type=2 2 2 2
left_child=1 2 -1 -4
right_child=-2 -3 3 -5
leaf_value=-0.026839362484743803 -0.019408631836028176 0.0433560657008513 0.01604386833575672 -0.0075450977702029454
leaf_weight=4.0824193656444612 5.6136870309710494 3.775918021798133 6.0994729921221715 5.3758506029844284
leaf_count=19 31 26 39 34
internal_value=0 0.0057639 -0.00335985 0.00499313
internal_weight=0 19.3337 15.5577 11.4753
internal_count=149 118 92 73
is_linear=0
shrinkage=0.1


Tree=57
num_leaves=5
num_cat=0
split_feature=6 15 15 6
split_gain=0.22301 0.742776 0.453778 0.0924443
threshold=2.4000000000000008 771.16666666667118 196.00000000000003 1.0000000180025095e-35
decision_type=2 2 2 2
left_child=1 2 3 -1
right_child=-2 -3 -4 -5
leaf_value=-0.0034955820561873383 -0.017402565366592179 0.039537192037672947 -0.034808053700573702 0.015362040877418538
leaf_weight=5.8800660744309479 5.633605644106864 4.7508160769939414 3.9751300364732733 4.6596423983573914
leaf_count=37 31 29 21 31
internal_value=0 0.00521626 -0.00601723 0.00484144
internal_weight=0 19.2657 14.5148 10.5397
internal_count=149 118 89 68
is_linear=0
shrinkage=0.1


Tree=58
num_leaves=6
num_cat=0
split_feature=9 9 6 9 9
split_gain=0.274501 0.324684 0.575139 0.995118 0.268806
threshold=30.500000000000004 57.500000000000007 0.75000000000000011 105.50000000000001 126.50000000000001
decision_type=2 2 2 2 2
left_child=-1 -2 3 -3 -5
right_child=1 2 -4 4 -6
leaf_value=0.01921620202437866 -0.027735464251228772 0.062216737899272213 -0.024003852482222268 -0.028272500282254694 0.015459985208848465
leaf_weight=5.7670353800058392 4.9450992643833187 3.1979669034481031 5.3021689876914015 2.9753651991486549 2.6638360992074013
leaf_count=30 27 19 32 21 20
internal_value=0 -0.00567993 0.00203379 0.017656 -0.00761422
internal_weight=0 19.0844 14.1393 8.83717 5.6392
internal_count=149 119 92 60 41
is_linear=0
shrinkage=0.1


Tree=59
num_leaves=6
num_cat=0
split_feature=9 6 9 9 9
split_gain=0.223305 0.366403 1.10618 0.11237 0.216733
threshold=30.500000000000004 1.5000000000000002 69.500000000000014 105.50000000000001 126.50000000000001
decision_type=2 2 2 2 2
left_child=-1 2 -2 -4 -5
right_child=1 -3 3 4 -6
leaf_value=0.017415080956796957 -0.06137478837545042 0.019152741178974877 0.013588238324806993 -0.02530061173456313 0.013928181355790797
leaf_weight=5.7292146906256702 3.5595719665288952 4.6945819631218901 5.1498684883117658 2.991475984454155 2.6612642183899879
leaf_count=30 17 31 30 21 20
internal_value=0 -0.00510033 -0.013028 0.00290282 -0.00683201
internal_weight=0 19.0568 14.3622 10.8026 5.65274
internal_count=149 119 88 71 41
is_linear=0
shrinkage=0.1


Tree=60
num_leaves=6
num_cat=0
split_feature=7 14 6 14 7
split_gain=0.235951 0.562366 0.517885 0.232991 0.150121
threshold=366.50000000000733 145.01700680272111 1.0000000180025095e-35 399.16666666666652 519.00000000000011
decision_type=2 2 2 2 2
left_child=2 4 -1 -3 -2
right_child=1 3 -4 -5 -6
leaf_value=-0.017240625635305731 0.00049936764507412478 -0.043046728194398982 0.032290354932950044 -0.010226086376227244 0.030038697552822236
leaf_weight=3.4430074356496352 3.7191757336258879 3.6943365558981878 5.4562950804829597 5.2178953662514687 3.2013376504182816
leaf_count=21 20 21 33 30 24
internal_value=0 -0.00722342 0.0131276 -0.023831 0.0141639
internal_weight=0 15.8327 8.8993 8.91223 6.92051
internal_count=149 95 54 51 44
is_linear=0
shrinkage=0.1


Tree=61
num_leaves=5
num_cat=0
split_feature=7 6 15 7
split_gain=0.215706 0.31127 0.840421 1.29578
threshold=219.33333333333943 2.4000000000000008 771.16666666667118 446.00000000000006
decision_type=2 2 2 2
left_child=-1 2 3 -2
right_child=1 -3 -4 -5
leaf_value=0.023822601827934043 -0.039472502068196927 -0.024565475821621986 0.039043191919134329 0.028998476438984185
leaf_weight=3.317784950137141 6.7135388478636795 5.3136067241430274 4.678478129208087 4.6979420855641365
leaf_count=20 37 29 29 34
internal_value=0 -0.0035805 0.00334965 -0.011284
internal_weight=0 21.4036 16.09 11.4115
internal_count=149 129 100 71
is_linear=0
shrinkage=0.1


Tree=62
num_leaves=6
num_cat=0
split_feature=7 9 9 9 9
split_gain=0.227717 0.608744 1.13344 0.517897 0.325148
threshold=366.50000000000733 36.500000000000007 66.500000000000014 114.50000000000001 84.500000000000014
decision_type=2 2 2 2 2
left_child=4 -2 -3 -4 -1
right_child=1 2 3 -5 -6
leaf_value=0.03222743770024248 -0.035663264946554384 0.051155130056399226 0.006392275456275253 -0.048414820838079332 -0.0060800389000261086
leaf_weight=4.398644372820856 5.067110262811183 3.7044208422303182 4.0067551732063293 3.026409737765789 4.4647219926118851
leaf_count=26 26 21 26 22 28
internal_value=0 -0.00709412 0.00638778 -0.0171915 0.0129309
internal_weight=0 15.8047 10.7376 7.03316 8.86337
internal_count=149 95 69 48 54
is_linear=0
shrinkage=0.1


Tree=63
num_leaves=5
num_cat=0
split_feature=6 15 14 6
split_gain=0.178015 0.593187 0.50579 0.238904
threshold=2.4000000000000008 771.16666666667118 215.66411238825108 1.0000000180025095e-35
decision_type=2 2 2 2
left_child=1 2 3 -1
right_child=-2 -3 -4 -5
leaf_value=-0.0091156934343413487 -0.015525852602104095 0.035956401334883127 -0.042358179725321327 0.019847098142554601
leaf_weight=6.1931204833090359 5.626146860420703 4.6069717407226554 2.9289662614464751 5.272817574441433
leaf_count=39 31 29 15 35
internal_value=0 0.0047248 -0.00527062 0.00420337
internal_weight=0 19.0019 14.3949 11.4659
internal_count=149 118 89 74
is_linear=0
shrinkage=0.1


Tree=64
num_leaves=6
num_cat=0
split_feature=9 9 8 9 15
split_gain=0.297506 0.289057 0.477714 0.369395 0.12626
threshold=30.500000000000004 57.500000000000007 0.15000000000000005 111.50000000000001 693.3333333333286
decision_type=2 2 2 2 2
left_child=-1 -2 3 -3 -4
right_child=1 2 4 -5 -6
leaf_value=0.020091147676970955 -0.026929758037466379 -0.037939886623499584 0.036738926060375085 0.0050519565377043427 0.0075008835740807446
leaf_weight=5.7118285000324276 4.8741350471973446 3.6650023311376554 3.1218706741929045 4.3954787105321884 2.8031144291162491
leaf_count=30 27 20 22 31 19
internal_value=0 -0.00595894 0.00134969 -0.0144959 0.0229064
internal_weight=0 18.8596 13.9855 8.06048 5.92499
internal_count=149 119 92 51 41
is_linear=0
shrinkage=0.1


Tree=65
num_leaves=7
num_cat=0
split_feature=8 8 8 7 7 7
split_gain=0.241817 0.548148 0.886256 0.323461 0.160015 0.0777844
threshold=2.6500000000000017 1.0500000000000003 0.55000000000000016 399.00000000000369 600.83333333333951 219.33333333333943
decision_type=2 2 2 2 2 2
left_child=1 2 3 5 -5 -1
right_child=-2 -3 -4 4 -6 -7
leaf_value=0.019445270412652125 0.021974446793830812 -0.036700060968147909 0.050935009452161367 -0.0091018160148656109 -0.042139210969915672 -0.0019234785845366035
leaf_weight=2.84456456452609 4.1891162991523734 4.1777677759528151 3.2143165096640578 3.0298961624503136 2.8404129892587662 4.2464757673442364
leaf_count=17 23 23 19 19 22 26
internal_value=0 -0.0044085 0.0039316 -0.00772489 -0.0250873 0.00664858
internal_weight=0 20.3534 16.1757 12.9613 5.87031 7.09104
internal_count=149 126 103 84 41 43
is_linear=0
shrinkage=0.1


Tree=66
num_leaves=6
num_cat=0
split_feature=7 13 8 14 7
split_gain=0.207592 0.410084 0.481394 1.0562 0.456807
threshold=348.33333333334127 1.5000000000000002 0.15000000000000005 184.74122807017514 399.00000000000369
decision_type=2 2 2 2 2
left_child=-1 2 -2 -4 -5
right_child=1 -3 3 4 -6
leaf_value=0.016995556127231727 -0.027233419419472008 -0.036063037196615008 0.056085725405148529 0.013007601317486048 -0.036542074291064749
leaf_weight=5.6030909121036556 4.1140837445855167 3.4550620913505545 3.7514395117759687 4.220628097653389 3.3274381682276726
leaf_count=35 27 18 24 24 21
internal_value=0 -0.00492508 0.00205471 0.0127183 -0.00883554
internal_weight=0 18.8687 15.4136 11.2995 7.54807
internal_count=149 114 96 69 45
is_linear=0
shrinkage=0.1


Tree=67
num_leaves=6
num_cat=0
split_feature=8 9 9 8 9
split_gain=0.220862 0.475118 0.970905 0.544313 0.297635
threshold=2.6500000000000017 30.500000000000004 63.500000000000007 0.15000000000000005 111.50000000000001
decision_type=2 2 2 2 2
left_child=1 -1 -3 4 -4
right_child=-2 2 3 -5 -6
leaf_value=0.030842687790208025 0.021068804996774777 -0.050697337776844688 -0.032990680104162347 0.031411647100079536 0.0056155772143001142
leaf_weight=3.2469021156430307 4.1661433130502692 4.5067801177501705 3.6932077407836896 4.4698892831802359 4.3479283601045609
leaf_count=17 23 25 20 33 31
internal_value=0 -0.00421212 -0.0109004 0.00343547 -0.0121159
internal_weight=0 20.2647 17.0178 12.511 8.04114
internal_count=149 126 109 84 51
is_linear=0
shrinkage=0.1


Tree=68
num_leaves=5
num_cat=0
split_feature=8 8 8 15
split_gain=0.179836 0.423483 0.725651 0.294121
threshold=2.6500000000000017 1.0500000000000003 0.55000000000000016 196.00000000000003
decision_type=2 2 2 2
left_child=1 2 3 -1
right_child=-2 -3 -4 -5
leaf_value=0.002049905827524544 0.019087244296876891 -0.032119092837998034 0.046556677166943825 -0.032364948802082974
leaf_weight=9.5149075649678796 4.1402180567383757 4.18433853983879 3.1584992110729209 3.3603609278798094
leaf_count=64 23 23 19 20
internal_value=0 -0.00378874 0.00360464 -0.00693215
internal_weight=0 20.2181 16.0338 12.8753
internal_count=149 126 103 84
is_linear=0
shrinkage=0.1


Tree=69
num_leaves=5
num_cat=0
split_feature=9 9 9 9
split_gain=0.262019 0.442314 0.156384 0.063295
threshold=36.500000000000007 66.500000000000014 105.50000000000001 126.50000000000001
decision_type=2 2 2 2
left_child=-1 -2 -3 -4
right_child=1 2 3 -5
leaf_value=-0.016454331246866533 0.031335683549657288 0.0073009536774775834 -0.025739683019166067 -0.0051934354230615378
leaf_weight=6.8654250055551556 5.1139596886932877 6.3519695699214918 2.9259242452681065 3.0752099677920341
leaf_count=36 30 39 21 23
internal_value=0 0.00660338 -0.00363535 -0.015211
internal_weight=0 17.4671 12.3531 6.00113
internal_count=149 113 83 44
is_linear=0
shrinkage=0.1


Tree=70
num_leaves=5
num_cat=0
split_feature=7 6 8 6
split_gain=0.206593 0.588964 0.630036 0.808578
threshold=348.33333333334127 2.4000000000000008 0.65000000000000002 0.40000000000000013
decision_type=2 2 2 2
left_child=-1 2 3 -2
right_child=1 -3 -4 -5
leaf_value=0.017000030128845288 0.028019003243092588 -0.034625703692394524 0.036136513966174851 -0.032604931805217868
leaf_weight=5.5717047825455692 3.5753782279789466 4.9255902990698806 4.5480845272541037 5.7194000110030174
leaf_count=35 24 27 26 37
internal_value=0 -0.0049286 0.00563827 -0.00928501
internal_weight=0 18.7685 13.8429 9.29478
internal_count=149 114 87 61
is_linear=0
shrinkage=0.1


Tree=71
num_leaves=5
num_cat=0
split_feature=9 14 9 6
split_gain=0.181763 0.842535 0.145326 0.144422
threshold=36.500000000000007 130.65993788819875 96.500000000000014 0.55000000000000004
decision_type=2 2 2 2
left_child=-1 2 -2 -4
right_child=1 -3 3 -5
leaf_value=-0.013633419565296061 -0.023632304526612885 0.035645664398883746 -0.014451516136058433 0.015537290963505533
leaf_weight=6.9056546092033413 4.8556985482573527 6.0580672249197951 3.513372715562582 2.9578720033168793
leaf_count=36 27 39 25 22
internal_value=0 0.00554364 -0.010556 -0.000744253
internal_weight=0 17.385 11.3269 6.47124
internal_count=149 113 74 47
is_linear=0
shrinkage=0.1


Tree=72
num_leaves=5
num_cat=0
split_feature=9 12 7 9
split_gain=0.208167 0.304957 0.784435 0.295319
threshold=30.500000000000004 1.0000000180025095e-35 446.00000000000006 72.500000000000014
decision_type=2 2 2 2
left_child=-1 -2 3 -3
right_child=1 2 -4 -5
leaf_value=0.016951382425402027 0.015874500463402753 -0.053870189271826498 0.018103014084939348 -0.015883947163047391
leaf_weight=5.6247217357158688 5.0894364267587706 3.4815524108707852 5.1076549813151368 4.965741615742445
leaf_count=30 32 20 36 31
internal_value=0 -0.00499728 -0.0128339 -0.03154
internal_weight=0 18.6444 13.5549 8.44729
internal_count=149 119 87 51
is_linear=0
shrinkage=0.1


Tree=73
num_leaves=5
num_cat=0
split_feature=14 9 9 9
split_gain=0.223494 0.575609 0.391385 0.101498
threshold=215.66411238825108 81.500000000000014 36.500000000000007 108.50000000000001
decision_type=2 2 2 2
left_child=1 -1 -2 -3
right_child=2 3 -4 -5
leaf_value=0.029404042194513293 -0.03666817164352399 -0.021340821641829561 0.0069413635960617259 -0.0001757261301927784
leaf_weight=6.673529967665675 3.8323966637253744 3.9148083776235563 4.4448431208729744 5.3789750821888447
leaf_count=38 20 22 30 39
internal_value=0 0.00699794 -0.01325 -0.00909107
internal_weight=0 15.9673 8.27724 9.29378
internal_count=149 99 50 61
is_linear=0
shrinkage=0.1


Tree=74
num_leaves=6
num_cat=0
split_feature=14 15 9 9 9
split_gain=0.181013 0.52493 0.314785 0.147827 0.0451972
threshold=215.66411238825108 491.66666666666703 36.500000000000007 108.50000000000001 81.500000000000014
decision_type=2 2 2 2 2
left_child=1 3 -2 4 -1
right_child=2 -3 -4 -5 -6
leaf_value=-0.0036456902511301224 -0.032810058335176757 0.042475910685420379 0.0062607794168902725 0.01032261730418213 -0.019080307729100392
leaf_weight=3.6598228737711924 3.8535471335053426 3.2069468572735778 4.4357263334095478 5.1305651627480984 3.9393724203109741
leaf_count=22 20 17 30 38 22
internal_value=0 0.00631698 -0.0119026 -0.00279237 -0.0116469
internal_weight=0 15.9367 8.28927 12.7298 7.5992
internal_count=149 99 50 82 44
is_linear=0
shrinkage=0.1


Tree=75
num_leaves=6
num_cat=0
split_feature=9 12 9 9 9
split_gain=0.195198 0.526276 0.404919 1.2682 0.040214
threshold=105.50000000000001 1.0000000180025095e-35 30.500000000000004 63.500000000000007 126.50000000000001
decision_type=2 2 2 2 2
left_child=1 -1 -3 -4 -2
right_child=4 2 3 -5 -6
leaf_value=-0.027937817178253384 -0.02397147568758656 0.037489471756273755 -0.041508499525913595 0.032400745740987488 -0.0075778109817678033
leaf_weight=3.790002822875981 2.9243699610233298 4.8470024839043626 3.9413733892142755 5.6491819024085999 3.0641792193055153
leaf_count=22 21 26 23 34 23
internal_value=0 0.00522639 0.0139323 0.0020267 -0.0155833
internal_weight=0 18.2276 14.4376 9.59056 5.98855
internal_count=149 105 83 57 44
is_linear=0
shrinkage=0.1


Tree=76
num_leaves=5
num_cat=0
split_feature=14 15 8 8
split_gain=0.142016 0.418073 0.142089 0.121935
threshold=215.66411238825108 491.66666666666703 0.65000000000000002 0.45000000000000007
decision_type=2 2 2 2
left_child=1 3 -2 -1
right_child=2 -3 -4 -5
leaf_value=0.0032329870946913803 -0.025245626817108364 0.038298879648699838 0.0011508251643113873 -0.01933996940119875
leaf_weight=9.508945148438217 3.6611146628856641 3.140391305088996 4.6032821275293827 3.1978243775665751
leaf_count=64 22 17 28 18
internal_value=0 0.00562687 -0.0105428 -0.00244779
internal_weight=0 15.8472 8.2644 12.7068
internal_count=149 99 50 82
is_linear=0
shrinkage=0.1


Tree=77
num_leaves=6
num_cat=0
split_feature=6 15 15 9 9
split_gain=0.246439 0.56287 0.326911 0.156014 0.150065
threshold=2.4000000000000008 771.16666666667118 196.00000000000003 105.50000000000001 126.50000000000001
decision_type=2 2 2 2 2
left_child=1 2 3 -1 -5
right_child=-2 -3 -4 4 -6
leaf_value=0.018381506885227949 -0.018629161895741611 0.036408214041710789 -0.028967319253218306 -0.021810859543607869 0.011183240369420679
leaf_weight=4.7548701912164741 5.448651246726512 4.4877218678593627 3.8796172067522994 2.9354762136936188 2.5989752113819122
leaf_count=27 31 29 21 21 20
internal_value=0 0.00554489 -0.00423043 0.00509668 -0.00631685
internal_weight=0 18.6567 14.1689 10.2893 5.53445
internal_count=149 118 89 68 41
is_linear=0
shrinkage=0.1


Tree=78
num_leaves=6
num_cat=0
split_feature=9 14 15 9 9
split_gain=0.16104 0.288253 0.648896 0.264363 0.213948
threshold=117.50000000000001 215.66411238825108 412.50000000000119 36.500000000000007 90.500000000000014
decision_type=2 2 2 2 2
left_child=1 2 4 -3 -1
right_child=-2 3 -4 -5 -6
leaf_value=-0.015844740119034979 -0.017169735011218965 -0.029574585107762348 0.049592846234410522 0.0067678209495921201 0.017067111540418477
leaf_weight=4.5888892412185722 4.417729325592517 3.8372882530093175 3.5587955117225638 4.1840431205928326 3.4677685499191284
leaf_count=27 32 20 19 28 23
internal_value=0 0.00396177 0.0140301 -0.0106179 -0.00167873
internal_weight=0 19.6368 11.6155 8.02133 8.05666
internal_count=149 117 69 48 50
is_linear=0
shrinkage=0.1


Tree=79
num_leaves=5
num_cat=0
split_feature=7 7 15 7
split_gain=0.229728 0.352673 1.2261 0.911212
threshold=348.33333333334127 446.00000000000006 699.33333333333223 659.66666666667163
decision_type=2 2 2 2
left_child=-1 2 -2 -3
right_child=1 3 -4 -5
leaf_value=0.017956585666194892 -0.05030551998306846 0.037098371215086794 0.017137649946528825 -0.034367513017684662
leaf_weight=5.5333156064152744 5.4492335543036479 4.8986978232860556 5.3342379704117775 2.8060932382941246
leaf_count=35 28 34 31 21
internal_value=0 -0.00526902 -0.0169435 0.0110704
internal_weight=0 18.4883 10.7835 7.70479
internal_count=149 114 59 55
is_linear=0
shrinkage=0.1


Tree=80
num_leaves=6
num_cat=0
split_feature=7 7 15 7 6
split_gain=0.202711 0.43084 1.28797 0.744923 0.353074
threshold=366.50000000000733 446.00000000000006 764.66666666666515 659.66666666667163 1.0000000180025095e-35
decision_type=2 2 2 2 2
left_child=4 2 -2 -3 -1
right_child=1 3 -4 -5 -6
leaf_value=-0.012406274377145615 -0.066130338693314916 0.033848484884062835 0.015557831949990154 -0.030906121115392732 0.029046404381353766
leaf_weight=3.4303465336561221 3.6912110298871976 4.8355923146009445 4.0455781295895576 2.8082133010029793 5.1240210793912411
leaf_count=21 17 34 23 21 33
internal_value=0 -0.00677959 -0.0234155 0.0100587 0.0124237
internal_weight=0 15.3806 7.73679 7.64381 8.55437
internal_count=149 95 40 55 54
is_linear=0
shrinkage=0.1


Tree=81
num_leaves=6
num_cat=0
split_feature=7 8 8 8 7
split_gain=0.172679 0.260247 0.786739 0.305307 0.237126
threshold=348.33333333334127 1.0500000000000003 0.55000000000000016 2.6500000000000017 600.83333333333951
decision_type=2 2 2 2 2
left_child=-1 2 4 -3 -2
right_child=1 3 -4 -5 -6
leaf_value=0.015697831519861528 0.00095037074705318989 -0.039234133415495517 0.047793015097348047 0.0017838776732642958 -0.035256142636702605
leaf_weight=5.463261358439925 5.267195403575899 3.7289154306054106 3.1059331670403472 3.5347886234521866 2.7549731098115444
leaf_count=35 33 21 19 19 22
internal_value=0 -0.0045497 0.00506088 -0.0192732 -0.0114837
internal_weight=0 18.3918 11.1281 7.2637 8.02217
internal_count=149 114 74 40 55
is_linear=0
shrinkage=0.1


Tree=82
num_leaves=5
num_cat=0
split_feature=9 14 6 9
split_gain=0.188536 0.755003 0.160338 0.742623
threshold=36.500000000000007 130.65993788819875 0.55000000000000004 105.50000000000001
decision_type=2 2 2 2
left_child=-1 2 3 -2
right_child=1 -3 -4 -5
leaf_value=-0.014113524463327915 0.034923376092263737 0.034487227561669637 -0.022886783554226523 -0.034841011295941623
leaf_weight=6.712988510727885 3.1578305438160914 5.9321147054433814 5.0348678231239319 2.9523252956569195
leaf_count=36 19 39 34 21
internal_value=0 0.00566666 -0.00967354 0.00121439
internal_weight=0 17.0771 11.145 6.11016
internal_count=149 113 74 40
is_linear=0
shrinkage=0.1


Tree=83
num_leaves=5
num_cat=0
split_feature=9 9 9 9
split_gain=0.152693 0.355471 0.253723 0.298512
threshold=36.500000000000007 66.500000000000014 96.500000000000014 132.50000000000003
decision_type=2 2 2 2
left_child=-1 -2 -3 -4
right_child=1 2 3 -5
leaf_value=-0.012654851950655794 0.027576193745241579 -0.021142593361991164 0.023359564939411947 -0.020305629674850029
leaf_weight=6.7367610260844257 4.98748276755214 5.0860821232199651 4.5316155776381493 2.3920801542699337
leaf_count=36 30 30 36 17
internal_value=0 0.00513534 -0.00418402 0.0082736
internal_weight=0 16.9973 12.0098 6.9237
internal_count=149 113 83 53
is_linear=0
shrinkage=0.1


Tree=84
num_leaves=5
num_cat=0
split_feature=6 6 8 6
split_gain=0.182954 0.488756 0.242953 0.00605567
threshold=2.4000000000000008 1.0500000000000003 0.45000000000000007 1.0000000180025095e-35
decision_type=2 2 2 2
left_child=1 2 3 -1
right_child=-2 -3 -4 -5
leaf_value=0.0065545686181061706 -0.015975737613976755 0.035549885143641782 -0.024990507113768171 0.0017031991840338438
leaf_weight=5.3687456697225624 5.4632400050759307 4.0461013428866854 3.9303009659051886 4.9408602267503738
leaf_count=36 31 29 19 34
internal_value=0 0.00487932 -0.00383536 0.00422956
internal_weight=0 18.286 14.2399 10.3096
internal_count=149 118 89 70
is_linear=0
shrinkage=0.1


Tree=85
num_leaves=6
num_cat=0
split_feature=7 7 15 13 6
split_gain=0.156339 0.409788 1.1216 0.590449 0.319015
threshold=366.50000000000733 446.00000000000006 764.66666666666515 1.0000000180025095e-35 1.0000000180025095e-35
decision_type=2 2 2 2 2
left_child=4 2 -2 -3 -1
right_child=1 3 -4 -5 -6
leaf_value=-0.012649855005635783 -0.061979882226077157 0.031885552521435559 0.014386181494486477 -0.026191024092665105 0.026929156578890487
leaf_weight=3.4114001877605933 3.6908808946609479 4.7770886421203613 4.0158176124095917 2.763125479221344 5.0528571158647537
leaf_count=21 17 38 23 17 33
internal_value=0 -0.00597085 -0.0221869 0.0106033 0.0109774
internal_weight=0 15.2469 7.7067 7.54021 8.46426
internal_count=149 95 40 55 54
is_linear=0
shrinkage=0.1


Tree=86
num_leaves=6
num_cat=0
split_feature=9 12 7 9 9
split_gain=0.18983 0.374923 0.659175 0.382672 0.834408
threshold=30.500000000000004 1.0000000180025095e-35 268.83333333332854 72.500000000000014 102.50000000000001
decision_type=2 2 2 2 2
left_child=-1 -2 -3 -4 -5
right_child=1 2 3 4 -6
leaf_value=0.016337849067298672 0.018541892992586829 -0.054407049303786995 -0.024630828710880358 0.049546594405468741 -0.02544502782923154
leaf_weight=5.5110601410269764 4.975784689188008 3.0531136021018002 4.1749478355050069 3.2057682946324348 2.7621059529483318
leaf_count=30 32 19 25 20 23
internal_value=0 -0.00484983 -0.0136701 -0.00140783 0.0148383
internal_weight=0 18.1717 13.1959 10.1428 5.96787
internal_count=149 119 87 68 43
is_linear=0
shrinkage=0.1


Tree=87
num_leaves=5
num_cat=0
split_feature=7 6 7 9
split_gain=0.192 0.557187 0.299028 0.482317
threshold=348.33333333334127 3.0000000000000013 399.00000000000369 87.500000000000014
decision_type=2 2 2 2
left_child=-1 2 -2 -4
right_child=1 -3 3 -5
leaf_value=0.016554546761712384 0.020735980047274574 -0.040381165752505735 -0.030459555400271555 0.017113686563850955
leaf_weight=5.4488463923335102 6.0786461606621769 3.5508793219923964 4.5682835504412633 3.9946079328656197
leaf_count=35 34 21 27 32
internal_value=0 -0.00484418 0.00377428 -0.00826653
internal_weight=0 18.1924 14.6415 8.56289
internal_count=149 114 93 59
is_linear=0
shrinkage=0.1


Tree=88
num_leaves=6
num_cat=0
split_feature=9 14 14 9 9
split_gain=0.172737 0.297309 0.678545 0.160874 0.142618
threshold=30.500000000000004 358.5019841269829 37.03723404255328 96.500000000000014 120.50000000000001
decision_type=2 2 2 2 2
left_child=-1 2 3 -2 -5
right_child=1 -3 -4 4 -6
leaf_value=0.015585167197517784 -0.024859713350810487 -0.027865092343954064 0.04203804561168082 0.017209401858610252 -0.013072989114204564
leaf_weight=5.5126810893416431 4.2824561223387736 4.2235485650598994 3.2986745350062838 2.7770989984273911 3.534732460975647
leaf_count=30 24 28 20 20 27
internal_value=0 -0.00463101 0.0024323 -0.00989948 0.00025075
internal_weight=0 18.1165 13.893 10.5943 6.31183
internal_count=149 119 91 71 47
is_linear=0
shrinkage=0.1


Tree=89
num_leaves=5
num_cat=0
split_feature=7 6 15 7
split_gain=0.155189 0.506357 0.491166 0.794124
threshold=348.33333333334127 3.0000000000000013 771.16666666667118 446.00000000000006
decision_type=2 2 2 2
left_child=-1 2 3 -2
right_child=1 -3 -4 -5
leaf_value=0.014943860025882758 -0.032457351225238747 -0.038132390685991543 0.03231152396964377 0.023325606405330507
leaf_weight=5.4163098260760334 5.7981564179062861 3.5655257813632479 4.2968167178332797 4.5583684928715229
leaf_count=35 29 21 29 35
internal_value=0 -0.00433569 0.00388789 -0.00790478
internal_weight=0 18.2189 14.6533 10.3565
internal_count=149 114 93 64
is_linear=0
shrinkage=0.1


Tree=90
num_leaves=6
num_cat=0
split_feature=8 8 8 7 7
split_gain=0.156429 0.342574 0.687162 0.219649 0.000507295
threshold=2.6500000000000017 1.0500000000000003 0.55000000000000016 399.00000000000369 256.16666666667157
decision_type=2 2 2 2 2
left_child=1 2 3 4 -1
right_child=-2 -3 -4 -5 -6
leaf_value=0.0039851734751549361 0.018070997488388276 -0.02941083848081813 0.045896671274761699 -0.021775357670698658 0.005714172549173429
leaf_weight=3.2267620787024551 4.0114734247326842 4.0735195726156226 3.0293067321181288 5.6529500782489777 3.579337552189827
leaf_count=20 23 23 19 41 23
internal_value=0 -0.00360668 0.00317995 -0.00720624 0.00489446
internal_weight=0 19.5619 15.4884 12.459 6.8061
internal_count=149 126 103 84 43
is_linear=0
shrinkage=0.1


Tree=91
num_leaves=6
num_cat=0
split_feature=14 14 7 7 7
split_gain=0.155882 0.437719 0.535695 0.324713 0.203661
threshold=215.66411238825108 82.340465465465456 446.00000000000006 292.16666666665702 399.00000000000369
decision_type=2 2 2 2 2
left_child=1 2 3 -1 -2
right_child=4 -3 -4 -5 -6
leaf_value=-0.0014209626794263969 0.0037676610799598077 0.035625414367263228 0.024690764256432265 -0.043457884832379418 -0.028155510093001369
leaf_weight=4.2233957201242465 4.2521733455359918 3.7610513865947715 4.2686612121760845 3.2527837418019772 3.7705769948661327
leaf_count=26 25 21 33 19 25
internal_value=0 0.00593485 -0.00357296 -0.0197107 -0.0112358
internal_weight=0 15.5059 11.7448 7.47618 8.02275
internal_count=149 99 78 45 50
is_linear=0
shrinkage=0.1


Tree=92
num_leaves=5
num_cat=0
split_feature=14 15 8 8
split_gain=0.126069 0.375147 0.170347 0.0767088
threshold=215.66411238825108 412.50000000000119 1.0500000000000003 0.15000000000000005
decision_type=2 2 2 2
left_child=1 3 -2 -1
right_child=2 -3 -4 -5
leaf_value=-0.0089679526999590694 0.0011942831507092821 0.032795475779615064 -0.028851671163896416 0.0084477829115082621
leaf_weight=8.0174144618213194 5.0331365838646871 3.7696480900049201 3.0186950042843819 3.6944933719933024
leaf_count=52 32 20 18 27
internal_value=0 0.00535721 -0.0100702 -0.0034742
internal_weight=0 15.4816 8.05183 11.7119
internal_count=149 99 50 79
is_linear=0
shrinkage=0.1


Tree=93
num_leaves=5
num_cat=0
split_feature=6 6 9 6
split_gain=0.151344 0.414682 0.170418 0.308589
threshold=2.7499999999999996 1.0500000000000003 108.50000000000001 0.40000000000000013
decision_type=2 2 2 2
left_child=1 2 3 -1
right_child=-2 -3 -4 -5
leaf_value=0.0058151012670037321 -0.015572936369074834 0.03075553979118676 0.010684982677438323 -0.030884616458687265
leaf_weight=4.6445812061429077 4.8946856446564189 4.4657696262001982 4.9848013184964648 4.5217013657093048
leaf_count=27 29 31 38 24
internal_value=0 0.004188 -0.00419613 -0.0122888
internal_weight=0 18.6169 14.1511 9.16628
internal_count=149 120 89 51
is_linear=0
shrinkage=0.1


Tree=94
num_leaves=6
num_cat=0
split_feature=9 12 9 9 9
split_gain=0.16305 0.34285 0.352294 0.940308 0.0443728
threshold=105.50000000000001 1.0000000180025095e-35 30.500000000000004 63.500000000000007 126.50000000000001
decision_type=2 2 2 2 2
left_child=1 -1 -3 -4 -2
right_child=4 2 3 -5 -6
leaf_value=-0.022289976750596137 -0.023459668292465444 0.034264596049331519 -0.036975565103562667 0.027608119714610538 -0.005976204296121476
leaf_weight=3.6840124092996165 2.819485653191804 4.7122346013784417 3.8658367991447431 5.4081088528037071 2.9922553412616253
leaf_count=22 21 26 23 34 23
internal_value=0 0.00485068 0.0119996 0.000686463 -0.0144581
internal_weight=0 17.6702 13.9862 9.27395 5.81174
internal_count=149 105 83 57 44
is_linear=0
shrinkage=0.1


Tree=95
num_leaves=5
num_cat=0
split_feature=6 8 15 6
split_gain=0.1356 0.455659 0.183963 0.0305607
threshold=2.4000000000000008 0.65000000000000002 730.3333333333286 1.0000000180025095e-35
decision_type=2 2 2 2
left_child=1 2 3 -1
right_child=-2 -3 -4 -5
leaf_value=-0.0033980794616692966 -0.013886064486614169 0.031391329915632656 -0.02562894681035818 0.0076360509130721224
leaf_weight=5.553099982440477 5.3625636398792258 4.5993553921580306 3.2891253568232051 4.5805366486310959
leaf_count=37 31 28 20 33
internal_value=0 0.00422761 -0.00508014 0.00158949
internal_weight=0 18.0221 13.4228 10.1336
internal_count=149 118 90 70
is_linear=0
shrinkage=0.1


Tree=96
num_leaves=6
num_cat=0
split_feature=7 7 14 7 7
split_gain=0.144129 0.417197 0.413448 0.448552 0.170392
threshold=616.50000000000011 399.00000000000369 82.340465465465456 381.83333333332854 256.16666666667157
decision_type=2 2 2 2 2
left_child=1 2 4 -4 -1
right_child=-2 -3 3 -5 -6
leaf_value=0.0032675257174040497 0.016831009773251856 -0.02734874993377915 0.045960586772490687 -0.0031942987287251557 -0.029359855982857064
leaf_weight=3.1979304775595718 4.2072732448577872 5.3400578349828711 3.748081848025322 3.6783024668693542 3.2045064494013786
leaf_count=20 33 33 23 20 20
internal_value=0 -0.00360814 0.0055594 0.0216141 -0.0130629
internal_weight=0 19.1689 13.8288 7.42638 6.40244
internal_count=149 116 83 43 40
is_linear=0
shrinkage=0.1


Tree=97
num_leaves=6
num_cat=0
split_feature=9 9 6 9 9
split_gain=0.155351 0.352373 1.12103 0.693902 0.136745
threshold=36.500000000000007 66.500000000000014 0.75000000000000011 105.50000000000001 126.50000000000001
decision_type=2 2 2 2 2
left_child=-1 -2 3 -3 -5
right_child=1 2 -4 4 -6
leaf_value=-0.012938663918003144 0.027778677972848206 0.05515568016335394 -0.050946937358177895 -0.020441541444967064 0.011471341522498854
leaf_weight=6.5907228440046337 4.8894415535032776 2.9325693510472757 3.574448909610509 2.82980727404356 2.5550064966082573
leaf_count=36 30 19 23 21 20
internal_value=0 0.00517998 -0.0041117 0.016016 -0.0052994
internal_weight=0 16.7813 11.8918 8.31738 5.38481
internal_count=149 113 83 60 41
is_linear=0
shrinkage=0.1


Tree=98
num_leaves=5
num_cat=0
split_feature=7 7 6 8
split_gain=0.133596 0.632493 0.533625 0.657214
threshold=446.00000000000006 659.66666666667163 0.55000000000000004 1.6500000000000006
decision_type=2 2 2 2
left_child=2 -2 -1 -4
right_child=1 -3 3 -5
leaf_value=-0.029812175782364003 0.03338729080469257 -0.026848555651533542 0.033509084776522938 -0.017142722213138541
leaf_weight=5.6396909393370178 4.7116245217621318 2.766873549669981 5.1856879852712137 5.0623286888003349
leaf_count=33 34 21 32 29
internal_value=0 0.0111014 -0.00510746 0.00848804
internal_weight=0 7.4785 15.8877 10.248
internal_count=149 55 94 61
is_linear=0
shrinkage=0.1


Tree=99
num_leaves=5
num_cat=0
split_feature=9 12 9 9
split_gain=0.134973 0.321555 0.416369 0.903269
threshold=30.500000000000004 1.0000000180025095e-35 105.50000000000001 63.500000000000007
decision_type=2 2 2 2
left_child=-1 -2 3 -3
right_child=1 2 -4 -5
leaf_value=0.013908609356045801 0.017697370440362358 -0.037814209908493893 -0.039978152157309807 0.025877360361662716
leaf_weight=5.4198174104094532 4.9101700484752699 3.8259430751204437 3.8402651846408853 5.3267925716936588
leaf_count=30 32 23 30 34
internal_value=0 -0.00410326 -0.0123419 -0.000746409
internal_weight=0 17.9032 12.993 9.15274
internal_count=149 119 87 57
is_linear=0
shrinkage=0.1


end of trees

feature_importances:
taskNum=150
s_view_position=82
scroll_time=69
response_time=57
scroll_length=33
s_scroll_speed=32
predicted_isAnswerCorrect=13
event_scroll=9
s_choice_left=7

parameters:
[boosting: gbdt]
[objective: binary]
[metric: binary_error]
[tree_learner: serial]
[device_type: cpu]
[data_sample_strategy: bagging]
[data: ]
[valid: ]
[num_iterations: 100]
[learning_rate: 0.1]
[num_leaves: 31]
[num_threads: 0]
[seed: 0]
[deterministic: 0]
[force_col_wise: 0]
[force_row_wise: 0]
[histogram_pool_size: -1]
[max_depth: -1]
[min_data_in_leaf: 20]
[min_sum_hessian_in_leaf: 0.001]
[bagging_fraction: 1]
[pos_bagging_fraction: 1]
[neg_bagging_fraction: 1]
[bagging_freq: 0]
[bagging_seed: 3]
[feature_fraction: 0.5]
[feature_fraction_bynode: 1]
[feature_fraction_seed: 2]
[extra_trees: 0]
[extra_seed: 6]
[early_stopping_round: 0]
[first_metric_only: 0]
[max_delta_step: 0]
[lambda_l1: 0]
[lambda_l2: 0]
[linear_lambda: 0]
[min_gain_to_split: 0]
[drop_rate: 0.1]
[max_drop: 50]
[skip_drop: 0.5]
[xgboost_dart_mode: 0]
[uniform_drop: 0]
[drop_seed: 4]
[top_rate: 0.2]
[other_rate: 0.1]
[min_data_per_group: 100]
[max_cat_threshold: 32]
[cat_l2: 10]
[cat_smooth: 10]
[max_cat_to_onehot: 4]
[top_k: 20]
[monotone_constraints: ]
[monotone_constraints_method: basic]
[monotone_penalty: 0]
[feature_contri: ]
[forcedsplits_filename: ]
[refit_decay_rate: 0.9]
[cegb_tradeoff: 1]
[cegb_penalty_split: 0]
[cegb_penalty_feature_lazy: ]
[cegb_penalty_feature_coupled: ]
[path_smooth: 0]
[interaction_constraints: ]
[verbosity: -1]
[saved_feature_importance_type: 0]
[use_quantized_grad: 0]
[num_grad_quant_bins: 4]
[quant_train_renew_leaf: 0]
[stochastic_rounding: 1]
[linear_tree: 0]
[max_bin: 255]
[max_bin_by_feature: ]
[min_data_in_bin: 3]
[bin_construct_sample_cnt: 200000]
[data_random_seed: 1]
[is_enable_sparse: 1]
[enable_bundle: 1]
[use_missing: 1]
[zero_as_missing: 0]
[feature_pre_filter: 0]
[pre_partition: 0]
[two_round: 0]
[header: 0]
[label_column: ]
[weight_column: ]
[group_column: ]
[ignore_column: ]
[categorical_feature: ]
[forcedbins_filename: ]
[precise_float_parser: 0]
[parser_config_file: ]
[objective_seed: 5]
[num_class: 1]
[is_unbalance: 0]
[scale_pos_weight: 1]
[sigmoid: 1]
[boost_from_average: 1]
[reg_sqrt: 0]
[alpha: 0.9]
[fair_c: 1]
[poisson_max_delta_step: 0.7]
[tweedie_variance_power: 1.5]
[lambdarank_truncation_level: 30]
[lambdarank_norm: 1]
[label_gain: ]
[lambdarank_position_bias_regularization: 0]
[eval_at: ]
[multi_error_top_k: 1]
[auc_mu_weights: ]
[num_machines: 1]
[local_listen_port: 12400]
[time_out: 120]
[machine_list_filename: ]
[machines: ]
[gpu_platform_id: -1]
[gpu_device_id: -1]
[gpu_use_dp: 0]
[num_gpu: 1]

end of parameters

pandas_categorical:[]
