tree
version=v4
num_class=1
num_tree_per_iteration=1
label_index=0
max_feature_idx=15
objective=binary sigmoid:1
feature_names=response_time s_tap_count ratio_tap_position_y scroll_length event_scroll s_scroll_speed tap_position_x taskNum tap_position_y screen_width s_view_position predicted_isAnswerCorrect scroll_time ratio_tap_position_x s_choice_left screen_height
feature_infos=[0:10.399999999999981] [1:1] none [0:14300.666666666672] [0:6] [-3503.3333333333576:6900.0000000000018] none [1:136] none [390:390] [-343.99999999999989:1145.6666666666642] [0:1] [-0.5:18.799999999999962] none [0:1] [844:844]
tree_sizes=725 735 649 647 739 652 648 652 646 659 653 649 747 756 653 636 653 652 754 753 640 651 653 652 755 555 652 653 759 653 657 757 651 653 758 649 657 650 651 656 653 764 650 652 756 651 652 650 652 654 759 757 654 656 654 653 654 653 755 653 652 760 652 661 654 654 651 655 653 654 651 652 650 653 756 655 654 757 656 654 652 552 756 652 663 652 759 759 654 655 652 756 653 652 653 655 652 652 653 654

Tree=0
num_leaves=6
num_cat=0
split_feature=11 7 12 12 7
split_gain=45.1425 2.4892 0.953538 1.63863 1.40507
threshold=1.0000000180025095e-35 93.500000000000014 1.25 2.7499999999999996 69.500000000000014
decision_type=2 2 2 2 2
left_child=-1 2 4 -4 -2
right_child=1 -3 3 -5 -6
leaf_value=0.27032429082536169 0.51611830803324843 0.64496194608576973 0.63901531663719191 0.55708397756789618 0.59292893841071304
leaf_weight=5.114619433879855 4.8821367323398643 7.206963747739791 4.8821367323398572 4.882136732339859 4.6496540307998657
leaf_count=22 21 31 21 21 20
internal_value=0.542324 0.594816 0.576086 0.59805 0.553587
internal_weight=0 26.503 19.2961 9.76427 9.53179
internal_count=136 114 83 42 41
is_linear=0
shrinkage=1


Tree=1
num_leaves=6
num_cat=0
split_feature=11 7 12 12 0
split_gain=34.8511 2.1358 0.796361 1.39736 1.19896
threshold=1.0000000180025095e-35 93.500000000000014 1.25 2.7499999999999996 0.45000000000000007
decision_type=2 2 2 2 2
left_child=-1 2 4 -4 -2
right_child=1 -3 3 -5 -6
leaf_value=-0.23103893668793365 0.046898871531493802 0.09529925416650839 0.089603678581047536 0.013339316162921295 -0.024188675097418368
leaf_weight=5.4007327854633358 4.5946877002716118 6.9967999607324591 4.7485245913267118 4.8628533929586411 4.9057141989469528
leaf_count=22 20 31 21 21 21
internal_value=0 0.0480289 0.0307232 0.0510179 0.0101915
internal_weight=0 26.1086 19.1118 9.61138 9.5004
internal_count=136 114 83 42 41
is_linear=0
shrinkage=0.1


Tree=2
num_leaves=5
num_cat=0
split_feature=11 7 10 10
split_gain=27.8531 1.83977 0.711361 1.61442
threshold=1.0000000180025095e-35 93.500000000000014 502.66666666666612 382.66666666666703
decision_type=2 2 2 2
left_child=-1 2 3 -2
right_child=1 -3 -4 -5
leaf_value=-0.20400673935515312 0.041302462747269134 0.088686381534604716 0.059300066354481956 -0.030608099656933292
leaf_weight=5.4978783130645779 8.8625809550285393 6.7782196998596183 5.240160956978797 4.819866254925727
leaf_count=22 39 31 23 21
internal_value=0 0.0439829 0.0279698 0.0159708
internal_weight=0 25.7008 18.9226 13.6824
internal_count=136 114 83 60
is_linear=0
shrinkage=0.1


Tree=3
num_leaves=5
num_cat=0
split_feature=11 7 10 10
split_gain=22.7596 1.59118 0.661638 1.36426
threshold=1.0000000180025095e-35 93.500000000000014 350.33333333333945 502.66666666666612
decision_type=2 2 2 2
left_child=-1 2 -2 -4
right_child=1 -3 3 -5
leaf_value=-0.18481300082741603 0.055838258503745179 0.082651937550401677 -0.010933325893782719 0.054405564249268693
leaf_weight=5.4628599882125881 5.1784886866808 6.5574951320886603 8.4327506721019727 5.1455228775739661
leaf_count=22 23 31 37 23
internal_value=0 0.0402498 0.0254258 0.013827
internal_weight=0 25.3143 18.7568 13.5783
internal_count=136 114 83 60
is_linear=0
shrinkage=0.1


Tree=4
num_leaves=6
num_cat=0
split_feature=11 7 12 12 7
split_gain=18.8926 1.3777 0.643737 1.25805 0.920049
threshold=1.0000000180025095e-35 93.500000000000014 1.25 2.7499999999999996 69.500000000000014
decision_type=2 2 2 2 2
left_child=-1 2 4 -4 -2
right_child=1 -3 3 -5 -6
leaf_value=-0.17050162159385557 -0.025383516443845146 0.077088995224254636 0.079528297051944599 0.0058373732251979261 0.037509887917000669
leaf_weight=5.3353728950023678 4.8863047659397179 6.3392345309257498 4.5207028985023481 4.7518763542175293 4.4389647841453552
leaf_count=22 21 31 21 21 20
internal_value=0 0.0368295 0.0231067 0.0417642 0.00455466
internal_weight=0 24.9371 18.5978 9.27258 9.32527
internal_count=136 114 83 42 41
is_linear=0
shrinkage=0.1


Tree=5
num_leaves=5
num_cat=0
split_feature=11 10 10 10
split_gain=15.8715 1.32549 2.60977 0.686489
threshold=1.0000000180025095e-35 502.66666666666612 366.50000000000733 259.16666666667157
decision_type=2 2 2 2
left_child=-1 2 3 -2
right_child=1 -3 -4 -5
leaf_value=-0.15944991104789752 0.028255322415462549 0.071349026820283309 -0.019804639674149818 0.083272937455307311
leaf_weight=5.1442886292934444 4.3637753278017097 6.7786560803651801 8.6893334388732892 4.7220783680677414
leaf_count=22 21 32 39 22
internal_value=0 0.0337252 0.0193771 0.0568489
internal_weight=0 24.5538 17.7752 9.08585
internal_count=136 114 82 43
is_linear=0
shrinkage=0.1


Tree=6
num_leaves=5
num_cat=0
split_feature=11 7 7 10
split_gain=13.4531 1.16423 0.599002 1.4353
threshold=1.0000000180025095e-35 93.500000000000014 30.500000000000004 399.00000000000369
decision_type=2 2 2 2
left_child=-1 2 -2 -4
right_child=1 -3 3 -5
leaf_value=-0.15068774630313322 0.042768212268175343 0.069023831324565812 0.037346028298983619 -0.032648722835565344
leaf_weight=4.9109984636306789 6.439113646745688 6.0026682317256919 6.3076111078262311 5.4704191237688065
leaf_count=22 29 31 29 25
internal_value=0 0.0308292 0.0182439 0.00483629
internal_weight=0 24.2198 18.2171 11.778
internal_count=136 114 83 54
is_linear=0
shrinkage=0.1


Tree=7
num_leaves=5
num_cat=0
split_feature=11 10 12 12
split_gain=11.4868 1.2438 2.11964 1.96859
threshold=1.0000000180025095e-35 502.66666666666612 0.55000000000000004 2.0500000000000003
decision_type=2 2 2 2
left_child=-1 2 -2 -4
right_child=1 -3 3 -5
leaf_value=-0.14359735592365516 -0.033267269993168529 0.065313569473437166 0.078847770693178582 -0.0050177488933536678
leaf_weight=4.6514671742916134 6.1088965237140718 6.5436375439167014 6.0268177986145002 5.2258356362581253
leaf_count=22 29 32 29 24
internal_value=0 0.0281588 0.014155 0.0398999
internal_weight=0 23.9052 17.3615 11.2527
internal_count=136 114 82 53
is_linear=0
shrinkage=0.1


Tree=8
num_leaves=5
num_cat=0
split_feature=3 10 0 0
split_gain=1.2963 1.9641 2.12322 2.06127
threshold=832.3333333333386 348.83333333333337 1.6500000000000006 0.15000000000000005
decision_type=2 2 2 2
left_child=1 -1 3 -3
right_child=-2 2 -4 -5
leaf_value=0.035446345650341646 0.049754915422175625 -0.064929274646823062 -0.082962963878075613 0.024590819133070291
leaf_weight=6.9516468942165437 4.4337908923625937 3.8208314329385775 4.9212105721235266 7.8704088181257248
leaf_count=35 22 19 23 37
internal_value=0 -0.00918396 -0.02786 -0.00466537
internal_weight=0 23.5641 16.6125 11.6912
internal_count=136 114 79 56
is_linear=0
shrinkage=0.1


Tree=9
num_leaves=5
num_cat=0
split_feature=11 4 12 12
split_gain=9.56247 1.02444 2.28797 1.49101
threshold=1.0000000180025095e-35 1.0000000180025095e-35 1.0000000180025095e-35 1.5000000000000002
decision_type=2 2 2 2
left_child=-1 2 -2 -3
right_child=1 3 -4 -5
leaf_value=-0.1366961583169013 -0.0040577907511860044 -0.034241362711144155 0.087962622430055828 0.035428946710365429
leaf_weight=4.3143967837095287 4.815293416380884 5.3508393317460996 6.1565985232591629 7.2118289470672607
leaf_count=22 24 24 32 34
internal_value=0 0.0252522 0.0475771 0.00575415
internal_weight=0 23.5346 10.9719 12.5627
internal_count=136 114 56 58
is_linear=0
shrinkage=0.1


Tree=10
num_leaves=5
num_cat=0
split_feature=11 10 10 10
split_gain=8.26908 0.976243 1.84863 0.748436
threshold=1.0000000180025095e-35 502.66666666666612 366.50000000000733 259.16666666667157
decision_type=2 2 2 2
left_child=-1 2 3 -2
right_child=1 -3 -4 -5
leaf_value=-0.13201208829395658 0.012799694274561138 0.057018605747382115 -0.021945505754147641 0.072407429322119465
leaf_weight=4.035098850727084 4.0326975733041817 6.2079964578151694 8.5957644432783109 4.4099282920360565
leaf_count=22 21 32 39 22
internal_value=0 0.0230686 0.0106988 0.0439352
internal_weight=0 23.2464 17.0384 8.44263
internal_count=136 114 82 43
is_linear=0
shrinkage=0.1


Tree=11
num_leaves=5
num_cat=0
split_feature=10 3 0 0
split_gain=0.816742 1.297 1.76926 0.918633
threshold=348.83333333333337 832.3333333333386 1.6500000000000006 0.25000000000000006
decision_type=2 2 2 2
left_child=-1 2 3 -2
right_child=1 -3 -4 -5
leaf_value=0.030717344618458348 -0.035308444307203604 0.039754128801410132 -0.073808889061126315 0.022829946285039048
leaf_weight=6.5684981644153622 4.6237284541130084 4.1745072007179251 4.776410073041915 6.5932533293962479
leaf_count=35 25 22 23 31
internal_value=0 -0.00988307 -0.0228391 -0.00113516
internal_weight=0 20.1679 15.9934 11.217
internal_count=136 101 79 56
is_linear=0
shrinkage=0.1


Tree=12
num_leaves=6
num_cat=0
split_feature=0 0 12 7 7
split_gain=0.858075 1.87743 1.40237 1.6263 1.15606
threshold=2.6500000000000017 1.0500000000000003 0.55000000000000004 96.500000000000014 96.500000000000014
decision_type=2 2 2 2 2
left_child=1 2 4 -4 -1
right_child=-2 -3 3 -5 -6
leaf_value=0.010579083142858449 0.040298180317801968 -0.064933895160759814 0.0027188072527374201 0.088953399684803369 -0.06618380937171163
leaf_weight=4.3180607259273627 4.4270344227552405 4.5825155079364768 6.3423125594854337 3.337914913892746 3.5955309122800827
leaf_count=20 21 23 32 20 20
internal_value=0 -0.00792209 0.0069273 0.032454 -0.024298
internal_weight=0 22.1763 17.5938 9.68023 7.91359
internal_count=136 115 92 52 40
is_linear=0
shrinkage=0.1


Tree=13
num_leaves=6
num_cat=0
split_feature=0 0 0 7 10
split_gain=0.701471 1.50545 1.24656 2.27551 0.298464
threshold=2.6500000000000017 1.0500000000000003 0.15000000000000005 72.500000000000014 275.16666666667157
decision_type=2 2 2 2 2
left_child=1 2 4 -4 -1
right_child=-2 -3 3 -5 -6
leaf_value=-0.0028075509402843346 0.036700724241029423 -0.057825032977166416 -0.011222202782191432 0.086469576656740044 -0.042220012986954748
leaf_weight=3.6180052906274893 4.3775781691074362 4.6286585927009574 5.6463524103164655 4.1270727962255478 4.0975065976381302
leaf_count=20 21 23 27 23 22
internal_value=0 -0.00711222 0.00630954 0.0300306 -0.0237385
internal_weight=0 22.1176 17.4889 9.77343 7.71551
internal_count=136 115 92 50 42
is_linear=0
shrinkage=0.1


Tree=14
num_leaves=5
num_cat=0
split_feature=7 7 0 7
split_gain=0.669917 1.25366 1.69206 0.0231503
threshold=30.500000000000004 57.500000000000007 0.15000000000000005 111.50000000000001
decision_type=2 2 2 2
left_child=-1 -2 3 -3
right_child=1 2 -4 -5
leaf_value=0.02861817797644621 -0.049020080368697719 -0.031522867489859559 0.042211277797497788 -0.020417501753568337
leaf_weight=6.2930373996496227 5.5864815264940288 3.8959113806486112 6.9754473268985748 3.6224938333034515
leaf_count=30 27 20 38 21
internal_value=0 -0.00877375 0.00673872 -0.0261721
internal_weight=0 20.0803 14.4939 7.51841
internal_count=136 106 79 41
is_linear=0
shrinkage=0.1


Tree=15
num_leaves=5
num_cat=0
split_feature=10 12 12 3
split_gain=0.720969 2.16851 1.58585 1.06101
threshold=348.83333333333337 2.4000000000000008 1.25 730.3333333333286
decision_type=2 2 2 2
left_child=-1 2 3 -2
right_child=1 -3 -4 -5
leaf_value=0.029282910731885565 0.013019157877021591 -0.069610984546299146 0.063533601462635855 -0.050428994787361507
leaf_weight=6.4223496764898327 7.227151572704317 4.581484153866767 3.9344621598720542 4.1484902650117874
leaf_count=35 38 23 21 19
internal_value=0 -0.00925335 0.00880842 -0.0101192
internal_weight=0 19.8916 15.3101 11.3756
internal_count=136 101 78 57
is_linear=0
shrinkage=0.1


Tree=16
num_leaves=5
num_cat=0
split_feature=7 7 0 7
split_gain=0.653839 0.913477 1.45533 0.017964
threshold=30.500000000000004 57.500000000000007 0.15000000000000005 111.50000000000001
decision_type=2 2 2 2
left_child=-1 -2 3 -3
right_child=1 2 -4 -5
leaf_value=0.028307712733290632 -0.042945612043282726 -0.030409906139614074 0.038030974827219011 -0.020626265430177475
leaf_weight=6.2802745550870922 5.5999275743961361 3.901460722088812 6.8445814549922943 3.6162700802087784
leaf_count=30 27 20 38 21
internal_value=0 -0.00868737 0.00467006 -0.0257037
internal_weight=0 19.9622 14.3623 7.51773
internal_count=136 106 79 41
is_linear=0
shrinkage=0.1


Tree=17
num_leaves=5
num_cat=0
split_feature=10 12 0 5
split_gain=0.64436 1.77353 1.31352 1.45694
threshold=348.83333333333337 2.4000000000000008 0.15000000000000005 346.36363636363666
decision_type=2 2 2 2
left_child=-1 2 -2 -4
right_child=1 -3 3 -5
leaf_value=0.027838186894552898 -0.044815493370416577 -0.063059158048573968 0.068538396420279077 -0.0041790688950352128
leaf_weight=6.3676912635564831 3.6216952204704311 4.6102413833141318 4.5172253847122175 7.0638287514448166
leaf_count=35 19 23 23 36
internal_value=0 -0.00872876 0.00774696 0.0241846
internal_weight=0 19.813 15.2027 11.5811
internal_count=136 101 78 59
is_linear=0
shrinkage=0.1


Tree=18
num_leaves=6
num_cat=0
split_feature=0 0 12 7 7
split_gain=0.723576 1.0998 1.24125 0.961784 0.908896
threshold=2.6500000000000017 1.0500000000000003 0.55000000000000004 90.500000000000014 96.500000000000014
decision_type=2 2 2 2 2
left_child=1 2 4 -4 -1
right_child=-2 -3 3 -5 -6
leaf_value=0.0063197943611521456 0.037423028081785221 -0.050470271292676228 0.0033107855851044511 0.069069756042165753 -0.062347030409189076
leaf_weight=4.2111537754535773 4.345740243792533 4.6371660679578772 5.6966318786144239 3.6487847417593002 3.5547832101583481
leaf_count=20 21 23 29 23 20
internal_value=0 -0.00727289 0.00443357 0.0289854 -0.0251118
internal_weight=0 21.7485 17.1114 9.34542 7.76594
internal_count=136 115 92 52 40
is_linear=0
shrinkage=0.1


Tree=19
num_leaves=6
num_cat=0
split_feature=0 0 12 7 7
split_gain=0.591525 0.884925 1.01098 0.807267 0.726954
threshold=2.6500000000000017 1.0500000000000003 0.55000000000000004 90.500000000000014 96.500000000000014
decision_type=2 2 2 2 2
left_child=1 2 4 -4 -1
right_child=-2 -3 3 -5 -6
leaf_value=0.00570147840986632 0.034063167394555255 -0.045118146272765211 0.0029834199066320487 0.063660312646644443 -0.05559583724364682
leaf_weight=4.2015924304723837 4.2994758337736121 4.6668352484703055 5.6899170428514463 3.5673734173178673 3.5860427767038345
leaf_count=20 21 23 29 23 20
internal_value=0 -0.0065355 0.00402828 0.0263658 -0.0225247
internal_weight=0 21.7118 17.0449 9.25729 7.78764
internal_count=136 115 92 52 40
is_linear=0
shrinkage=0.1


Tree=20
num_leaves=5
num_cat=0
split_feature=10 12 12 10
split_gain=0.542924 1.49583 1.30779 1.08438
threshold=348.83333333333337 2.4000000000000008 1.25 609.00000000000011
decision_type=2 2 2 2
left_child=-1 2 3 -2
right_child=1 -3 -4 -5
leaf_value=0.026004011854072778 0.011606270805456191 -0.05791441485880116 0.057763685253819669 -0.054507919263947949
leaf_weight=6.1941536813974407 7.6406414583325404 4.5937283486127845 3.8272031173109999 3.6735543087124825
leaf_count=35 37 23 21 20
internal_value=0 -0.00793145 0.00723281 -0.00986004
internal_weight=0 19.7351 15.1414 11.3142
internal_count=136 101 78 57
is_linear=0
shrinkage=0.1


Tree=21
num_leaves=5
num_cat=0
split_feature=7 7 12 7
split_gain=0.588882 0.72425 1.30443 1.30124
threshold=30.500000000000004 72.500000000000014 1.5000000000000002 105.50000000000001
decision_type=2 2 2 2
left_child=-1 2 -2 -3
right_child=1 3 -4 -5
leaf_value=0.026926092096917105 -0.070804867597297941 0.039988975629646303 0.0077672883574788762 -0.028647170857727267
leaf_weight=6.2416089922189739 4.1088961511850375 6.0065990239381772 4.3496637791395187 5.113778680562973
leaf_count=30 19 33 23 31
internal_value=0 -0.00834786 -0.0304005 0.00842619
internal_weight=0 19.5789 8.45856 11.1204
internal_count=136 106 42 64
is_linear=0
shrinkage=0.1


Tree=22
num_leaves=5
num_cat=0
split_feature=0 10 12 0
split_gain=0.490181 0.791978 0.903532 0.705547
threshold=2.6500000000000017 481.83333333332854 0.55000000000000004 0.84999999999999998
decision_type=2 2 2 2
left_child=1 2 -1 -4
right_child=-2 -3 3 -5
leaf_value=-0.04695596544907802 0.031219164206884489 0.02210573000334351 0.029440200312052446 -0.029765174834185643
leaf_weight=6.4828180670738282 4.2478935718536368 6.849478840827941 4.5190635398030263 3.6293409466743469
leaf_count=32 21 38 26 19
internal_value=0 -0.00595791 -0.0190957 0.00306982
internal_weight=0 21.4807 14.6312 8.1484
internal_count=136 115 77 45
is_linear=0
shrinkage=0.1


Tree=23
num_leaves=5
num_cat=0
split_feature=10 12 0 7
split_gain=0.496384 1.36356 1.19001 0.519353
threshold=348.83333333333337 2.4000000000000008 0.65000000000000002 78.500000000000014
decision_type=2 2 2 2
left_child=-1 2 3 -2
right_child=1 -3 -4 -5
leaf_value=0.025099275713230725 -0.04145257569008734 -0.055344004187296528 0.045923302716974229 0.005407615995862888
leaf_weight=6.0949382856488254 3.9478645771741885 4.5791118144989005 5.155360370874404 5.8993893563747406
leaf_count=35 19 23 25 34
internal_value=0 -0.00757966 0.00699902 -0.0133791
internal_weight=0 19.5817 15.0026 9.84725
internal_count=136 101 78 53
is_linear=0
shrinkage=0.1


Tree=24
num_leaves=6
num_cat=0
split_feature=7 7 0 0 10
split_gain=0.537644 0.583669 2.30544 1.20761 0.2362
threshold=30.500000000000004 72.500000000000014 0.15000000000000005 1.2500000000000002 348.83333333333337
decision_type=2 2 2 2 2
left_child=-1 3 4 -2 -3
right_child=1 2 -4 -5 -6
leaf_value=0.025802827836653483 -0.068174813051691055 -0.0076622259702269092 0.071872901542104781 0.0077377729420001198 -0.043528834561414986
leaf_weight=6.2054200917482403 3.9436146318912524 3.7582049220800382 3.6694002449512482 4.4717179983854294 3.5900835990905762
leaf_count=30 19 22 23 23 19
internal_value=0 -0.00800658 0.00713962 -0.0278366 -0.0251852
internal_weight=0 19.433 11.0177 8.41533 7.34829
internal_count=136 106 64 42 41
is_linear=0
shrinkage=0.1


Tree=25
num_leaves=4
num_cat=0
split_feature=7 4 12
split_gain=0.456734 0.669034 0.895305
threshold=105.50000000000001 1.0000000180025095e-35 1.5000000000000002
decision_type=2 2 2
left_child=1 -1 -3
right_child=-2 2 -4
leaf_value=0.032233537097331455 -0.026607025445123708 -0.035665719218740288 0.01629957403113224
leaf_weight=6.8896407634019914 5.0922650992870322 5.8176491856574994 7.7085457593202591
leaf_count=38 31 27 40
internal_value=0 0.00686883 -0.00605082
internal_weight=0 20.4158 13.5262
internal_count=136 105 67
is_linear=0
shrinkage=0.1


Tree=26
num_leaves=5
num_cat=0
split_feature=3 10 12 10
split_gain=0.452843 0.677175 1.30971 1.05381
threshold=832.3333333333386 348.83333333333337 2.0500000000000003 481.83333333332854
decision_type=2 2 2 2
left_child=1 -1 3 -3
right_child=-2 2 -4 -5
leaf_value=0.023121938176069737 0.031811163193377165 -0.021896017867687113 -0.060720851804627579 0.041970576248661212
leaf_weight=5.9955604597926202 3.8423944115638724 6.7591943442821485 4.6745419949293128 4.182005412876606
leaf_count=35 22 32 23 24
internal_value=0 -0.00544583 -0.0164142 0.00251542
internal_weight=0 21.6113 15.6157 10.9412
internal_count=136 114 79 56
is_linear=0
shrinkage=0.1


Tree=27
num_leaves=5
num_cat=0
split_feature=7 12 0 7
split_gain=0.483317 0.562181 1.56815 0.909046
threshold=30.500000000000004 1.5000000000000002 0.45000000000000007 105.50000000000001
decision_type=2 2 2 2
left_child=-1 2 3 -2
right_child=1 -3 -4 -5
leaf_value=0.024610257442681707 0.033305064405375825 0.021896877174983544 -0.069211426821010599 -0.02634093045036966
leaf_weight=6.1357959806919125 5.1224793940782565 4.8294151052832595 4.1702586263418189 5.0983350276947021
leaf_count=30 28 28 19 31
internal_value=0 -0.00762576 -0.0175331 0.00355252
internal_weight=0 19.2205 14.3911 10.2208
internal_count=136 106 78 59
is_linear=0
shrinkage=0.1


Tree=28
num_leaves=6
num_cat=0
split_feature=0 4 5 7 10
split_gain=0.46235 0.916645 0.873217 1.17261 0.308405
threshold=0.15000000000000005 1.0000000180025095e-35 150.81410825199643 36.500000000000007 348.83333333333337
decision_type=2 2 2 2 2
left_child=4 -2 -3 -4 -1
right_child=1 2 3 -5 -6
leaf_value=-0.0012895897683893459 0.049042226826086478 0.032640336021793691 -0.055793555352903201 0.016219286765526426 -0.04190610750852599
leaf_weight=3.9194131791591671 4.3183029815554645 4.4021419137716284 4.7678747624158841 4.3008568435907364 3.5743259936571121
leaf_count=23 27 21 23 23 19
internal_value=0 0.00894964 -0.00390268 -0.0216414 -0.0206627
internal_weight=0 17.7892 13.4709 9.06873 7.49374
internal_count=136 94 67 46 42
is_linear=0
shrinkage=0.1


Tree=29
num_leaves=5
num_cat=0
split_feature=7 12 0 7
split_gain=0.48519 0.388484 1.31816 0.740737
threshold=30.500000000000004 1.5000000000000002 0.45000000000000007 105.50000000000001
decision_type=2 2 2 2
left_child=-1 2 3 -2
right_child=1 -3 -4 -5
leaf_value=0.024661242391717582 0.030794714502120776 0.017045388433573422 -0.063087958504378414 -0.023253069536146982
leaf_weight=6.1271087974309948 5.0371109917759913 4.7687286958098403 4.1900539845228186 5.1063995957374573
leaf_count=30 28 28 19 31
internal_value=0 -0.00767867 -0.0159043 0.00358623
internal_weight=0 19.1023 14.3336 10.1435
internal_count=136 106 78 59
is_linear=0
shrinkage=0.1


Tree=30
num_leaves=5
num_cat=0
split_feature=7 10 7 12
split_gain=0.395667 0.332332 1.48143 0.837979
threshold=30.500000000000004 609.00000000000011 57.500000000000007 1.0000000180025095e-35
decision_type=2 2 2 2
left_child=-1 2 -2 -4
right_child=1 -3 3 -5
leaf_value=0.022396950627249466 -0.049638499934324072 -0.031482709651087702 -0.010481683129181869 0.04608784854228707
leaf_weight=6.0747671872377422 4.2540622800588634 4.270741529762744 4.8183529675006849 5.7357617691159248
leaf_count=30 21 25 25 35
internal_value=0 -0.00690685 0.000180927 0.0202617
internal_weight=0 19.0789 14.8082 10.5541
internal_count=136 106 81 60
is_linear=0
shrinkage=0.1


Tree=31
num_leaves=6
num_cat=0
split_feature=0 4 5 7 10
split_gain=0.409498 0.778076 0.732845 1.06573 0.250027
threshold=0.15000000000000005 1.0000000180025095e-35 150.81410825199643 36.500000000000007 348.83333333333337
decision_type=2 2 2 2 2
left_child=4 -2 -3 -4 -1
right_child=1 2 3 -5 -6
leaf_value=-0.001982458300532574 0.04594040213482331 0.030346909763190173 -0.052053250987434144 0.016659192391575504 -0.038719127073353038
leaf_weight=3.8781875073909786 4.2154524773359325 4.3651819825172415 4.7695838063955289 4.2852220460772514 3.5470843762159348
leaf_count=23 27 21 23 23 19
internal_value=0 0.00846281 -0.00330956 -0.0195348 -0.0195317
internal_weight=0 17.6354 13.42 9.05481 7.42527
internal_count=136 94 67 46 42
is_linear=0
shrinkage=0.1


Tree=32
num_leaves=5
num_cat=0
split_feature=3 10 12 10
split_gain=0.411118 0.486684 1.42579 0.83791
threshold=832.3333333333386 348.83333333333337 2.0500000000000003 481.83333333332854
decision_type=2 2 2 2
left_child=1 -1 3 -3
right_child=-2 2 -4 -5
leaf_value=0.019533784595619844 0.030740908730112156 -0.016144940336214983 -0.060688392450272188 0.041304770560757924
leaf_weight=5.7868128195405069 3.7406219318509093 6.749516196548937 4.6620170772075644 4.0694331154227257
leaf_count=35 22 32 23 24
internal_value=0 -0.00520861 -0.0144574 0.00546416
internal_weight=0 21.2678 15.481 10.8189
internal_count=136 114 79 56
is_linear=0
shrinkage=0.1


Tree=33
num_leaves=5
num_cat=0
split_feature=7 12 7 7
split_gain=0.453173 0.365347 0.775954 0.46833
threshold=30.500000000000004 1.5000000000000002 69.500000000000014 105.50000000000001
decision_type=2 2 2 2
left_child=-1 2 -2 -4
right_child=1 -3 3 -5
leaf_value=0.023952273862256235 -0.054549170869056932 0.016656694428600721 0.019102470871737234 -0.023349219764127228
leaf_weight=6.0603908598423031 3.7440299838781383 4.7053517028689376 5.3646503612399083 5.0403863564133644
leaf_count=30 17 28 30 31
internal_value=0 -0.00748202 -0.0155095 -0.00146189
internal_weight=0 18.8544 14.1491 10.405
internal_count=136 106 78 61
is_linear=0
shrinkage=0.1


Tree=34
num_leaves=6
num_cat=0
split_feature=0 10 7 0 10
split_gain=0.392531 0.602328 1.62804 0.777588 0.206358
threshold=0.15000000000000005 623.50000000000011 57.500000000000007 1.3500000000000003 348.83333333333337
decision_type=2 2 2 2 2
left_child=4 2 3 -2 -1
right_child=1 -3 -4 -5 -6
leaf_value=-0.0031302717459307699 -0.056678126745962204 0.043898860925888794 0.050372136212502062 0.00098513026303891906 -0.036570962581840491
leaf_weight=3.8509226664900806 4.167571961879732 3.741683416068553 4.2126000225543967 5.3287024050951004 3.5431385859847069
leaf_count=23 19 22 26 27 19
internal_value=0 0.00833742 -0.00136868 -0.0243212 -0.0191546
internal_weight=0 17.4506 13.7089 9.49627 7.39406
internal_count=136 94 72 46 42
is_linear=0
shrinkage=0.1


Tree=35
num_leaves=5
num_cat=0
split_feature=7 10 5 10
split_gain=0.430213 1.27503 1.62692 1.14296
threshold=45.500000000000007 399.00000000000369 135.79242636746184 386.33333333333377
decision_type=2 2 2 2
left_child=3 2 -2 -1
right_child=1 -3 -4 -5
leaf_value=-0.017946857991520248 -0.018180324623914015 -0.045043028787447509 0.067787957748306274 0.053175387895734443
leaf_weight=4.528555594384672 6.0293464884161931 6.2182041779160491 3.4672656357288361 4.5096364244818687
leaf_count=22 35 36 20 23
internal_value=0 -0.00984188 0.0132072 0.0175398
internal_weight=0 15.7148 9.49661 9.03819
internal_count=136 91 55 45
is_linear=0
shrinkage=0.1


Tree=36
num_leaves=5
num_cat=0
split_feature=7 10 7 12
split_gain=0.384125 0.353045 1.18189 0.813297
threshold=30.500000000000004 609.00000000000011 63.500000000000007 1.0000000180025095e-35
decision_type=2 2 2 2
left_child=-1 2 -2 -4
right_child=1 -3 3 -5
leaf_value=0.022209990227498397 -0.037557481560879263 -0.032544855697648908 -0.0068420413837006148 0.052193371363612295
leaf_weight=5.9896635264158276 5.2399211674928692 4.1680989935994139 4.8137720599770528 4.5292380005121231
leaf_count=30 27 25 25 29
internal_value=0 -0.006879 0.000456831 0.0217767
internal_weight=0 18.751 14.5829 9.34301
internal_count=136 106 81 54
is_linear=0
shrinkage=0.1


Tree=37
num_leaves=5
num_cat=0
split_feature=7 10 10 5
split_gain=0.338169 0.997006 0.981638 1.35571
threshold=45.500000000000007 386.33333333333377 399.00000000000369 135.79242636746184
decision_type=2 2 2 2
left_child=1 -1 3 -2
right_child=2 -3 -4 -5
leaf_value=-0.017354028629426747 -0.016856015716916455 0.049380595227699664 -0.039407683889965406 0.062081162290788541
leaf_weight=4.5245489552617091 6.0160811915993673 4.4312131032347679 6.25424750894308 3.4083521887660027
leaf_count=22 35 23 36 20
internal_value=0 0.0156655 -0.00869194 0.0116917
internal_weight=0 8.95576 15.6787 9.42443
internal_count=136 45 91 55
is_linear=0
shrinkage=0.1


Tree=38
num_leaves=5
num_cat=0
split_feature=12 3 10 10
split_gain=0.365696 1.10543 1.27533 1.92265
threshold=2.4000000000000008 771.16666666667118 481.83333333332854 366.50000000000733
decision_type=2 2 2 2
left_child=1 2 3 -1
right_child=-2 -3 -4 -5
leaf_value=0.0095663180556647097 -0.022614950727957599 0.047087426628295938 0.041529159043943914 -0.078548392439203057
leaf_weight=6.1398932412266785 5.4782474264502516 5.0024125128984442 3.8448906093835822 4.1500759869813919
leaf_count=37 29 28 23 19
internal_value=0 0.00668748 -0.0076103 -0.0259715
internal_weight=0 19.1373 14.1349 10.29
internal_count=136 107 79 56
is_linear=0
shrinkage=0.1


Tree=39
num_leaves=5
num_cat=0
split_feature=7 10 14 7
split_gain=0.333035 0.349795 1.08325 1.56431
threshold=30.500000000000004 609.00000000000011 1.0000000180025095e-35 72.500000000000014
decision_type=2 2 2 2
left_child=-1 2 -2 -4
right_child=1 -3 3 -5
leaf_value=0.020859047474071735 0.048617812475732249 -0.031927047050536617 -0.06301087424181824 0.014996581995198694
leaf_weight=5.9085962176322964 3.5878728926181838 4.1643611788749686 4.1535453349351847 6.745708703994751
leaf_count=30 20 25 22 39
internal_value=0 -0.00638433 0.000957994 -0.0147309
internal_weight=0 18.6515 14.4871 10.8993
internal_count=136 106 81 61
is_linear=0
shrinkage=0.1


Tree=40
num_leaves=5
num_cat=0
split_feature=5 5 3 7
split_gain=0.288832 0.976588 0.421831 0.620366
threshold=912.78571428571411 279.75243147657073 196.00000000000003 105.50000000000001
decision_type=2 2 2 2
left_child=1 2 3 -1
right_child=-2 -3 -4 -5
leaf_value=0.031742756076534352 -0.025783048273241363 0.050304400874479807 -0.024684574950404516 -0.017751659848491707
leaf_weight=5.150152027606973 3.6507554352283469 3.8334509953856459 6.8762948811054221 4.9823067709803581
leaf_count=28 20 21 36 31
internal_value=0 0.00470856 -0.00556787 0.00740549
internal_weight=0 20.8422 17.0088 10.1325
internal_count=136 116 95 59
is_linear=0
shrinkage=0.1


Tree=41
num_leaves=6
num_cat=0
split_feature=0 0 3 10 12
split_gain=0.289063 0.718885 0.77822 0.664973 0.366998
threshold=2.6500000000000017 1.0500000000000003 771.16666666667118 481.83333333332854 1.0000000180025095e-35
decision_type=2 2 2 2 2
left_child=1 2 3 4 -1
right_child=-2 -3 -4 -5 -6
leaf_value=-0.042539553865886308 0.024777730366016822 -0.039975132654373552 0.044027032663923257 0.029165914824875978 -0.00098755759912820345
leaf_weight=4.3917939439415985 3.9913751482963553 4.4934702813625327 3.9165664240717879 3.5357652977108947 4.1192940101027489
leaf_count=23 21 23 23 22 24
internal_value=0 -0.00464203 0.00530373 -0.00728565 -0.0224287
internal_weight=0 20.4569 15.9634 12.0469 8.51109
internal_count=136 115 92 69 47
is_linear=0
shrinkage=0.1


Tree=42
num_leaves=5
num_cat=0
split_feature=10 12 0 10
split_gain=0.321399 0.583113 1.29412 0.459582
threshold=609.00000000000011 0.55000000000000004 1.6500000000000006 386.33333333333377
decision_type=2 2 2 2
left_child=1 -1 3 -3
right_child=-2 2 -4 -5
leaf_value=-0.016912991981529027 -0.02227551051127423 0.0232849555010681 -0.015772338308191993 0.076053464017341879
leaf_weight=7.0431169122457566 5.0613671764731398 3.3486952707171422 5.6916115432977676 3.2546172365546227
leaf_count=35 31 22 30 18
internal_value=0 0.00603003 0.0191729 0.0492933
internal_weight=0 19.338 12.2949 6.60331
internal_count=136 105 70 40
is_linear=0
shrinkage=0.1


Tree=43
num_leaves=5
num_cat=0
split_feature=10 12 7 7
split_gain=0.311722 1.1611 1.01313 0.433801
threshold=348.83333333333337 2.4000000000000008 51.500000000000007 78.500000000000014
decision_type=2 2 2 2
left_child=-1 2 -2 -4
right_child=1 -3 3 -5
leaf_value=0.020769784427488544 0.043523188595002954 -0.050449861032897218 -0.038636514772694558 0.0058402039527905569
leaf_weight=5.6397469639778164 5.1192757338285473 4.4799928888678542 3.6708402335643751 5.4468051195144653
leaf_count=35 26 23 18 34
internal_value=0 -0.00604939 0.0079223 -0.0120665
internal_weight=0 18.7169 14.2369 9.11765
internal_count=136 101 78 52
is_linear=0
shrinkage=0.1


Tree=44
num_leaves=6
num_cat=0
split_feature=0 0 0 5 10
split_gain=0.3278 0.483518 0.489351 0.588837 0.138332
threshold=2.6500000000000017 1.0500000000000003 0.15000000000000005 781.33333333333405 348.83333333333337
decision_type=2 2 2 2 2
left_child=1 2 4 -4 -1
right_child=-2 -3 3 -5 -6
leaf_value=-0.0026850528053950148 0.026327850331592691 -0.033995782438267536 0.045722950144520019 -0.0067431938775354737 -0.03030240604616756
leaf_weight=3.8012089654803338 3.998798578977584 4.4807339012622824 4.2673388421535474 4.2892237678170204 3.4686713889241219
leaf_count=23 21 23 26 24 19
internal_value=0 -0.00499574 0.00321467 0.0194228 -0.0158621
internal_weight=0 20.3072 15.8264 8.55656 7.26988
internal_count=136 115 92 50 42
is_linear=0
shrinkage=0.1


Tree=45
num_leaves=5
num_cat=0
split_feature=0 5 12 7
split_gain=0.288888 1.04552 0.843989 0.567791
threshold=0.55000000000000016 279.75243147657073 0.75000000000000011 105.50000000000001
decision_type=2 2 2 2
left_child=2 -2 3 -1
right_child=1 -3 -4 -5
leaf_value=0.033753101545586854 -0.013044438588283511 0.047849068733463382 -0.051703716996893502 -0.016876663699010135
leaf_weight=4.0315840691328066 7.0175517573952657 4.7134944126009941 3.5475127287209025 4.9158685281872749
leaf_count=21 37 25 22 31
internal_value=0 0.0114224 -0.0104286 0.00593633
internal_weight=0 11.731 12.495 8.94745
internal_count=136 62 74 52
is_linear=0
shrinkage=0.1


Tree=46
num_leaves=5
num_cat=0
split_feature=5 7 0 12
split_gain=0.314693 1.11793 0.957754 0.327546
threshold=150.81410825199643 36.500000000000007 0.25000000000000006 0.55000000000000004
decision_type=2 2 2 2
left_child=2 -2 3 -1
right_child=1 -3 -4 -5
leaf_value=-0.028876345690752599 -0.048474753523248752 0.016852078441832785 0.042611445498893646 0.011562371877198637
leaf_weight=4.6551153808832186 4.7964288890361768 5.7719526439905167 5.4624411314725867 3.5157167315483093
leaf_count=25 24 35 29 23
internal_value=0 -0.0127963 0.0101949 -0.0114765
internal_weight=0 10.5684 13.6333 8.17083
internal_count=136 59 77 48
is_linear=0
shrinkage=0.1


Tree=47
num_leaves=5
num_cat=0
split_feature=7 7 0 7
split_gain=0.283396 0.326386 0.693809 0.387758
threshold=30.500000000000004 72.500000000000014 1.2500000000000002 105.50000000000001
decision_type=2 2 2 2
left_child=-1 2 -2 -3
right_child=1 3 -4 -5
leaf_value=0.019352765507539494 -0.051243300507350556 0.02475764696470047 0.007192199128707776 -0.014264693542032034
leaf_weight=5.8327339589595821 3.9112338125705737 5.2873727232217771 4.2284290716052055 4.912201501429081
leaf_count=30 19 33 23 31
internal_value=0 -0.00595341 -0.020887 0.00596416
internal_weight=0 18.3392 8.13966 10.1996
internal_count=136 106 42 64
is_linear=0
shrinkage=0.1


Tree=48
num_leaves=5
num_cat=0
split_feature=5 7 0 12
split_gain=0.248827 0.93304 0.792188 0.267352
threshold=150.81410825199643 36.500000000000007 0.25000000000000006 0.55000000000000004
decision_type=2 2 2 2
left_child=2 -2 3 -1
right_child=1 -3 -4 -5
leaf_value=-0.026233144388941178 -0.043760769885436444 0.015922917268151936 0.038916918786150549 0.010332138925603102
leaf_weight=4.6532764062285441 4.8257031440734846 5.7288708388805389 5.3774076625704756 3.5063641741871834
leaf_count=25 24 35 29 23
internal_value=0 -0.0113653 0.00911796 -0.0105203
internal_weight=0 10.5546 13.537 8.15964
internal_count=136 59 77 48
is_linear=0
shrinkage=0.1


Tree=49
num_leaves=5
num_cat=0
split_feature=10 12 7 10
split_gain=0.286739 1.02998 0.96244 0.779181
threshold=348.83333333333337 2.4000000000000008 51.500000000000007 399.00000000000369
decision_type=2 2 2 2
left_child=-1 2 -2 -4
right_child=1 -3 3 -5
leaf_value=0.020071437752337065 0.042532720239907444 -0.047500262185901532 0.027289494813641353 -0.034122788798957769
leaf_weight=5.5525446757674244 5.0318244025111225 4.4933935180306426 3.2214277982711774 5.7600943148136139
leaf_count=35 26 23 18 34
internal_value=0 -0.00583893 0.00751982 -0.0120959
internal_weight=0 18.5067 14.0133 8.98152
internal_count=136 101 78 52
is_linear=0
shrinkage=0.1


Tree=50
num_leaves=6
num_cat=0
split_feature=0 0 3 10 10
split_gain=0.269102 0.536191 0.648951 0.680958 0.0593041
threshold=2.6500000000000017 1.0500000000000003 771.16666666667118 450.00000000000006 275.16666666667157
decision_type=2 2 2 2 2
left_child=1 2 3 4 -1
right_child=-2 -3 -4 -5 -6
leaf_value=-0.015787970696365502 0.024082904073151577 -0.035276349984774046 0.039834249071517835 0.025919755420519077 -0.033251094170825994
leaf_weight=3.7936773225665146 3.9264510720968238 4.4252932816743842 3.8441220447421065 4.0257566496729851 3.9898609668016434
leaf_count=23 21 23 23 25 21
internal_value=0 -0.0045419 0.00414687 -0.00746997 -0.0247396
internal_weight=0 20.0787 15.6534 11.8093 7.78354
internal_count=136 115 92 69 44
is_linear=0
shrinkage=0.1


Tree=51
num_leaves=6
num_cat=0
split_feature=5 5 12 7 4
split_gain=0.273867 0.565185 0.653394 0.707767 0.504328
threshold=912.78571428571411 279.75243147657073 0.75000000000000011 105.50000000000001 1.5000000000000002
decision_type=2 2 2 2 2
left_child=1 2 3 -1 -4
right_child=-2 -3 4 -5 -6
leaf_value=0.043701439844393702 -0.025229885161256606 0.040121315284792056 -0.050890360844311693 -0.011608291925069378 0.0013969435219345495
leaf_weight=4.3774418085813611 3.6141732037067404 3.6783224008977404 3.7824112325906745 4.9071534276008606 3.6007679775357246
leaf_count=23 20 21 22 31 19
internal_value=0 0.00464255 -0.00318707 0.0144688 -0.0253899
internal_weight=0 20.3461 16.6678 9.2846 7.38318
internal_count=136 116 95 54 41
is_linear=0
shrinkage=0.1


Tree=52
num_leaves=5
num_cat=0
split_feature=7 7 0 10
split_gain=0.281424 0.371613 0.50625 0.163873
threshold=30.500000000000004 96.500000000000014 0.65000000000000002 357.33333333333218
decision_type=2 2 2 2
left_child=-1 2 -2 -3
right_child=1 3 -4 -5
leaf_value=0.019360108114558697 -0.03647828354457399 0.031411222218599349 0.0044098188854908502 -0.0016109884310996627
leaf_weight=5.7761086672544506 6.0691653862595576 2.9041771553456774 6.0433103814721107 3.1142535954713821
leaf_count=30 33 18 33 22
internal_value=0 -0.00598625 -0.0160779 0.0143238
internal_weight=0 18.1309 12.1125 6.01843
internal_count=136 106 66 40
is_linear=0
shrinkage=0.1


Tree=53
num_leaves=5
num_cat=0
split_feature=10 12 7 10
split_gain=0.255773 0.838752 0.720478 0.677025
threshold=348.83333333333337 2.4000000000000008 51.500000000000007 399.00000000000369
decision_type=2 2 2 2
left_child=-1 2 -2 -4
right_child=1 -3 3 -5
leaf_value=0.019012974619710368 0.037287119846606202 -0.043167534940070418 0.026850174826391057 -0.030611340657748804
leaf_weight=5.5183881781995323 4.9328150600194958 4.4794723689556113 3.1722365766763669 5.7984106093645096
leaf_count=35 26 23 18 34
internal_value=0 -0.00553553 0.00658889 -0.0102916
internal_weight=0 18.3829 13.9035 8.97065
internal_count=136 101 78 52
is_linear=0
shrinkage=0.1


Tree=54
num_leaves=5
num_cat=0
split_feature=10 12 10 5
split_gain=0.308811 0.703906 0.671865 0.914144
threshold=450.00000000000006 0.75000000000000011 379.83333333333582 123.42174432497008
decision_type=2 2 2 2
left_child=2 -2 3 -1
right_child=1 -3 -4 -5
leaf_value=-0.012476017347615295 0.049946224407509746 -0.010736037357988844 -0.031084697665717909 0.054419799794537184
leaf_weight=6.0505467578768783 3.4756800681352606 4.2478030696511269 6.9884087219834319 3.0839456170797348
leaf_count=37 22 24 35 18
internal_value=0 0.0165719 -0.00774622 0.010109
internal_weight=0 7.72348 16.1229 9.13449
internal_count=136 46 90 55
is_linear=0
shrinkage=0.1


Tree=55
num_leaves=5
num_cat=0
split_feature=7 10 7 10
split_gain=0.266467 0.393097 0.469716 1.11969
threshold=30.500000000000004 259.16666666667157 84.500000000000014 399.00000000000369
decision_type=2 2 2 2
left_child=-1 -2 3 -3
right_child=1 2 -4 -5
leaf_value=0.018905479269666146 -0.037329133128887068 0.020141240376395603 0.023284429591173876 -0.050364479704242016
leaf_weight=5.7382534742355373 3.2494775950908688 4.765793062746523 5.7991366498172274 4.2709995284676552
leaf_count=30 20 28 37 21
internal_value=0 -0.00582726 0.00107252 -0.0131814
internal_weight=0 18.0854 14.8359 9.03679
internal_count=136 106 86 49
is_linear=0
shrinkage=0.1


Tree=56
num_leaves=5
num_cat=0
split_feature=10 10 10 5
split_gain=0.268049 0.578732 0.561349 0.702219
threshold=450.00000000000006 637.83333333333042 379.83333333333582 123.42174432497008
decision_type=2 2 2 2
left_child=2 -2 3 -1
right_child=1 -3 -4 -5
leaf_value=-0.01032673690917689 0.041325819372682857 -0.013538245127070862 -0.028491539639262698 0.048673462396085727
leaf_weight=6.1127495616674477 4.0778878554701796 3.6378275454044342 7.0066503956913939 3.0109134577214718
leaf_count=37 24 22 35 18
internal_value=0 0.0154584 -0.00720404 0.00914401
internal_weight=0 7.71572 16.1303 9.12366
internal_count=136 46 90 55
is_linear=0
shrinkage=0.1


Tree=57
num_leaves=5
num_cat=0
split_feature=3 10 0 10
split_gain=0.242094 0.378997 1.05017 0.702222
threshold=832.3333333333386 348.83333333333337 1.9500000000000008 481.83333333332854
decision_type=2 2 2 2
left_child=1 -1 3 -3
right_child=-2 2 -4 -5
leaf_value=0.018402899313412501 0.024614995204575593 -0.014814297257604019 -0.057617318948902256 0.038457249131472804
leaf_weight=5.4962359890341821 3.4517916440963736 7.2789817601442319 3.8076408803462973 3.7489208355545998
leaf_count=35 22 36 19 24
internal_value=0 -0.00402814 -0.0123383 0.00329529
internal_weight=0 20.3318 14.8355 11.0279
internal_count=136 114 79 60
is_linear=0
shrinkage=0.1


Tree=58
num_leaves=6
num_cat=0
split_feature=0 0 3 10 7
split_gain=0.293483 0.472268 0.667959 0.44812 0.745086
threshold=2.6500000000000017 1.0500000000000003 771.16666666667118 450.00000000000006 93.500000000000014
decision_type=2 2 2 2 2
left_child=1 2 3 4 -1
right_child=-2 -3 -4 -5 -6
leaf_value=-0.051395366655834065 0.025396795906309607 -0.034137554691721743 0.039709923054129931 0.019060794233186761 0.010494205289593907
leaf_weight=4.1431287899613434 3.8485992774367324 4.2932550981640807 3.8100915551185599 3.9306789562106133 3.6668469868600368
leaf_count=21 21 23 23 25 23
internal_value=0 -0.00477716 0.00332867 -0.00847782 -0.0223377
internal_weight=0 19.844 15.5507 11.7407 7.80998
internal_count=136 115 92 69 44
is_linear=0
shrinkage=0.1


Tree=59
num_leaves=5
num_cat=0
split_feature=10 12 3 3
split_gain=0.308001 0.547108 1.08813 1.3571
threshold=609.00000000000011 0.55000000000000004 358.33333333333513 764.66666666666515
decision_type=2 2 2 2
left_child=1 -1 -3 -4
right_child=-2 2 3 -5
leaf_value=-0.016343494346101516 -0.022060225374032967 0.066210262543695664 -0.037663287598842576 0.043296044189325623
leaf_weight=6.9141450151801171 4.9485542178153983 3.4617690145969382 4.5088447630405408 3.8287079557776451
leaf_count=35 31 24 23 23
internal_value=0 0.00599319 0.019082 -0.000485755
internal_weight=0 18.7135 11.7993 8.33755
internal_count=136 105 70 46
is_linear=0
shrinkage=0.1


Tree=60
num_leaves=5
num_cat=0
split_feature=0 5 12 7
split_gain=0.270695 0.754742 0.625773 0.528569
threshold=0.55000000000000016 279.75243147657073 0.75000000000000011 105.50000000000001
decision_type=2 2 2 2
left_child=2 -2 3 -1
right_child=1 -3 -4 -5
leaf_value=0.031482932547413911 -0.0096699328492656066 0.043117911099013098 -0.045354302595404614 -0.017991486895008155
leaf_weight=3.9320246577262896 6.8181631043553335 4.4935831725597382 3.5772925764322272 4.7901347503066063
leaf_count=21 37 25 22 31
internal_value=0 0.0113 -0.0101334 0.00431201
internal_weight=0 11.3117 12.2995 8.72216
internal_count=136 62 74 52
is_linear=0
shrinkage=0.1


Tree=61
num_leaves=6
num_cat=0
split_feature=5 3 10 12 7
split_gain=0.253129 1.02521 0.552606 0.644017 0.414347
threshold=228.64923747276717 412.50000000000119 481.83333333332854 1.0000000180025095e-35 36.500000000000007
decision_type=2 2 2 2 2
left_child=1 2 3 -1 -2
right_child=4 -3 -4 -5 -6
leaf_value=-0.046933058657521259 -0.037765366647520865 0.052868772020545074 0.026961209699025719 0.0096060276030546128 0.0070149671953154864
leaf_weight=4.4299532547593135 3.880792669951914 3.7905095890164366 3.3668186441063872 3.6951103359460831 4.4192656353116035
leaf_count=23 20 19 22 25 27
internal_value=0 0.00777085 -0.00710436 -0.0212203 -0.0139226
internal_weight=0 15.2824 11.4919 8.12506 8.30006
internal_count=136 89 70 48 47
is_linear=0
shrinkage=0.1


Tree=62
num_leaves=5
num_cat=0
split_feature=10 0 10 10
split_gain=0.264176 0.382852 1.03393 0.484368
threshold=348.83333333333337 1.6500000000000006 609.00000000000011 399.33333333333036
decision_type=2 2 2 2
left_child=-1 2 3 -2
right_child=1 -3 -4 -5
leaf_value=0.019402156399625791 0.0038021128839517688 -0.028855080956015956 -0.036671524522562962 0.051926541167989129
leaf_weight=5.46491785719991 5.1577736772596854 5.1153697967529288 4.2959540933370581 3.5179178491234779
leaf_count=35 28 27 27 19
internal_value=0 -0.00568694 0.00344941 0.0233162
internal_weight=0 18.087 12.9716 8.67569
internal_count=136 101 74 47
is_linear=0
shrinkage=0.1


Tree=63
num_leaves=5
num_cat=0
split_feature=7 12 4 12
split_gain=0.270948 0.254854 0.893923 0.534934
threshold=30.500000000000004 1.5000000000000002 1.0000000180025095e-35 1.0000000180025095e-35
decision_type=2 2 2 2
left_child=-1 2 3 -2
right_child=1 -3 -4 -5
leaf_value=0.01921145281653279 -0.016976006411787519 0.015544643624213178 -0.05189539706389848 0.030637883220028847
leaf_weight=5.6530766710639027 5.3251431286335009 4.2253868840634814 4.0576438158750525 4.2369769066572189
leaf_count=30 30 28 19 29
internal_value=0 -0.00591077 -0.0125671 0.00412172
internal_weight=0 17.8452 13.6198 9.56212
internal_count=136 106 78 59
is_linear=0
shrinkage=0.1


Tree=64
num_leaves=5
num_cat=0
split_feature=3 5 7 7
split_gain=0.247499 0.428368 0.577486 0.157517
threshold=832.3333333333386 150.81410825199643 81.500000000000014 108.50000000000001
decision_type=2 2 2 2
left_child=1 2 -1 -4
right_child=-2 -3 3 -5
leaf_value=0.034063349427504039 0.025117915447887298 -0.023902582841852191 -0.024030704896935318 0.0038206708743974901
leaf_weight=4.8353773579001489 3.3896395564079276 7.0697498209774485 3.9121355041861516 4.2222811058163643
leaf_count=26 22 38 22 28
internal_value=0 -0.00409967 0.00669476 -0.00957406
internal_weight=0 20.0395 12.9698 8.13442
internal_count=136 114 76 50
is_linear=0
shrinkage=0.1


Tree=65
num_leaves=5
num_cat=0
split_feature=7 7 0 7
split_gain=0.210633 0.232798 0.476445 0.439185
threshold=30.500000000000004 72.500000000000014 1.2500000000000002 105.50000000000001
decision_type=2 2 2 2
left_child=-1 2 -2 -3
right_child=1 3 -4 -5
leaf_value=0.017062637330835823 -0.043032595064998326 0.025007219740804838 0.0061323864117995936 -0.017120591781117311
leaf_weight=5.5870232209563282 3.8737999945879009 5.2107175812125188 4.0129125714302063 4.7127747908234596
leaf_count=30 19 33 23 31
internal_value=0 -0.00519202 -0.0180165 0.00500026
internal_weight=0 17.8102 7.88671 9.92349
internal_count=136 106 42 64
is_linear=0
shrinkage=0.1


Tree=66
num_leaves=5
num_cat=0
split_feature=10 12 7 10
split_gain=0.226467 0.679974 0.774626 0.772555
threshold=348.83333333333337 2.4000000000000008 51.500000000000007 399.00000000000369
decision_type=2 2 2 2
left_child=-1 2 -2 -4
right_child=1 -3 3 -5
leaf_value=0.018130347549062713 0.03822450615160964 -0.039329883260717818 0.028000445800145331 -0.033996952727536951
leaf_weight=5.3709554970264461 4.7795509621500996 4.4196000248193732 3.1281732097268087 5.622638925909996
leaf_count=35 26 23 18 34
internal_value=0 -0.00527515 0.0058486 -0.0118346
internal_weight=0 17.95 13.5304 8.75081
internal_count=136 101 78 52
is_linear=0
shrinkage=0.1


Tree=67
num_leaves=5
num_cat=0
split_feature=0 0 10 12
split_gain=0.212861 0.432932 0.409245 0.719508
threshold=2.6500000000000017 1.0500000000000003 481.83333333332854 0.55000000000000004
decision_type=2 2 2 2
left_child=1 2 3 -1
right_child=-2 -3 -4 -5
leaf_value=-0.030626978974118476 0.02192389774433473 -0.032364212708839726 0.027040687223138141 0.023008306310232495
leaf_weight=5.862293437123304 3.7532521709799758 4.2368458732962599 5.0542932897806159 4.3622596487402916
leaf_count=30 21 23 33 29
internal_value=0 -0.00408014 0.00376307 -0.00774373
internal_weight=0 19.5157 15.2788 10.2246
internal_count=136 115 92 59
is_linear=0
shrinkage=0.1


Tree=68
num_leaves=5
num_cat=0
split_feature=10 12 3 10
split_gain=0.213587 0.549632 0.642074 0.974137
threshold=348.83333333333337 2.4000000000000008 771.16666666667118 450.00000000000006
decision_type=2 2 2 2
left_child=-1 2 3 -2
right_child=1 -3 -4 -5
leaf_value=0.017688416852612753 -0.040575786793472943 -0.035763014257152913 0.03556536471479646 0.025736614847798385
leaf_weight=5.3268462270498302 4.9060020521283167 4.410959266126155 4.5329330377280703 4.039157897233963
leaf_count=35 24 23 28 26
internal_value=0 -0.00512293 0.00490461 -0.0106326
internal_weight=0 17.8891 13.4781 8.94516
internal_count=136 101 78 50
is_linear=0
shrinkage=0.1


Tree=69
num_leaves=5
num_cat=0
split_feature=0 5 12 7
split_gain=0.260904 0.693479 0.651298 0.485862
threshold=0.55000000000000016 279.75243147657073 0.75000000000000011 105.50000000000001
decision_type=2 2 2 2
left_child=2 -2 3 -1
right_child=1 -3 -4 -5
leaf_value=0.031028398883650679 -0.0091164399327226427 0.042133061244862019 -0.046158249104851834 -0.01680892021741837
leaf_weight=3.8824253305792826 6.6487878784537298 4.3794146701693535 3.5329049825668326 4.6853982359170914
leaf_count=21 37 25 22 31
internal_value=0 0.0112353 -0.0100295 0.00486809
internal_weight=0 11.0282 12.1007 8.56782
internal_count=136 62 74 52
is_linear=0
shrinkage=0.1


Tree=70
num_leaves=5
num_cat=0
split_feature=0 7 7 7
split_gain=0.222712 0.374631 1.12751 0.343227
threshold=2.6500000000000017 45.500000000000007 72.500000000000014 105.50000000000001
decision_type=2 2 2 2
left_child=1 -1 -3 -4
right_child=-2 2 3 -5
leaf_value=0.016952306903440153 0.022459401259604144 -0.060281420081931783 0.022360893892351998 -0.015090839295588569
leaf_weight=5.8447731360793176 3.7380805164575568 3.7127893343567839 5.1091384552419168 4.6963348686695099
leaf_count=31 21 20 33 31
internal_value=0 -0.00420164 -0.0133478 0.00442337
internal_weight=0 19.363 13.5183 9.80547
internal_count=136 115 84 64
is_linear=0
shrinkage=0.1


Tree=71
num_leaves=5
num_cat=0
split_feature=10 7 10 7
split_gain=0.230598 0.430662 0.702024 0.524052
threshold=609.00000000000011 63.500000000000007 350.33333333333036 30.500000000000004
decision_type=2 2 2 2
left_child=1 3 -3 -1
right_child=-2 2 -4 -5
leaf_value=0.014331899065410323 -0.019230475863482741 -0.008031339999678349 0.04874298513732167 -0.032820683359063928
leaf_weight=4.6584078893065506 4.8637739047408095 4.2150426320731622 4.5064939595758915 4.771012794226408
leaf_count=24 31 27 27 27
internal_value=0 0.00528807 0.0213044 -0.00952594
internal_weight=0 18.151 8.72154 9.42942
internal_count=136 105 54 51
is_linear=0
shrinkage=0.1


Tree=72
num_leaves=5
num_cat=0
split_feature=0 7 7 7
split_gain=0.269935 0.454646 0.439282 0.231891
threshold=0.65000000000000002 45.500000000000007 72.500000000000014 105.50000000000001
decision_type=2 2 2 2
left_child=2 -2 -1 -4
right_child=1 -3 3 -5
leaf_value=-0.039499034605890077 0.03146437184270013 -0.011905816479867177 0.016971800423527049 -0.014120361261560382
leaf_weight=3.5205134227871921 5.5652255862951261 4.2728658244013786 4.9147787615656835 4.6856223866343498
leaf_count=17 32 24 32 31
internal_value=0 0.0126279 -0.00928342 0.0017968
internal_weight=0 9.83809 13.1209 9.6004
internal_count=136 56 80 63
is_linear=0
shrinkage=0.1


Tree=73
num_leaves=5
num_cat=0
split_feature=7 0 0 7
split_gain=0.235549 0.693474 1.06135 0.335809
threshold=36.500000000000007 0.25000000000000006 0.84999999999999998 108.50000000000001
decision_type=2 2 2 2
left_child=-1 3 -3 -2
right_child=1 2 -4 -5
leaf_value=-0.015657311665846833 -0.037532277634774257 0.066707646949524205 -0.0045010276033607159 0.0044067157995208361
leaf_weight=6.7071339190006283 3.5844523757696178 3.6834303550422174 4.847994863986969 4.0851133167743683
leaf_count=36 20 25 28 27
internal_value=0 0.00662683 0.0262432 -0.0151939
internal_weight=0 16.201 8.53143 7.66957
internal_count=136 100 53 47
is_linear=0
shrinkage=0.1


Tree=74
num_leaves=6
num_cat=0
split_feature=0 12 0 7 3
split_gain=0.248691 0.57765 0.35727 0.311598 0.250472
threshold=0.55000000000000016 0.75000000000000011 1.2500000000000002 105.50000000000001 696.99999999999523
decision_type=2 2 2 2 2
left_child=1 3 -2 -1 -4
right_child=2 -3 4 -5 -6
leaf_value=0.025776314381329588 0.036013880142350609 -0.043942778113100649 0.016247207847860403 -0.012886746359519275 -0.021200355733468138
leaf_weight=3.7576301842927951 3.7541179656982404 3.5102267265319815 3.6485709249973297 4.6815333068370819 3.4990599676966667
leaf_count=21 22 22 20 31 20
internal_value=0 -0.00985163 0.0110348 0.00432841 -0.00208492
internal_weight=0 11.9494 10.9017 8.43916 7.14763
internal_count=136 74 62 52 40
is_linear=0
shrinkage=0.1


Tree=75
num_leaves=5
num_cat=0
split_feature=10 12 0 5
split_gain=0.239992 0.433503 0.607069 0.374841
threshold=348.83333333333337 2.4000000000000008 0.65000000000000002 346.36363636363666
decision_type=2 2 2 2
left_child=-1 2 3 -2
right_child=1 -3 -4 -5
leaf_value=0.018707108405914618 0.0059775591260404839 -0.032904657500505245 0.033796095097117861 -0.035877105571170319
leaf_weight=5.3230793550610569 5.0630394220352191 4.3509562313556662 4.4035190343856803 3.7059190981090069
leaf_count=35 32 23 25 21
internal_value=0 -0.00553761 0.0035019 -0.011711
internal_weight=0 17.5234 13.1725 8.76896
internal_count=136 101 78 53
is_linear=0
shrinkage=0.1


Tree=76
num_leaves=5
num_cat=0
split_feature=0 5 12 7
split_gain=0.207879 0.518985 0.408511 0.267329
threshold=0.55000000000000016 279.75243147657073 0.75000000000000011 105.50000000000001
decision_type=2 2 2 2
left_child=2 -2 3 -1
right_child=1 -3 -4 -5
leaf_value=0.023133089930101922 -0.0075443990083274431 0.037190713624120901 -0.037319473122529555 -0.012819559982034101
leaf_weight=3.7066768780350703 6.5642580948770028 4.2869823351502419 3.5696948319673529 4.6786398068070412
leaf_count=21 37 25 22 31
internal_value=0 0.010129 -0.00898789 0.00307308
internal_weight=0 10.8512 11.955 8.38532
internal_count=136 62 74 52
is_linear=0
shrinkage=0.1


Tree=77
num_leaves=6
num_cat=0
split_feature=5 3 12 7 7
split_gain=0.226334 0.955263 0.500407 0.385545 0.364176
threshold=228.64923747276717 412.50000000000119 0.75000000000000011 36.500000000000007 105.50000000000001
decision_type=2 2 2 2 2
left_child=1 2 4 -2 -1
right_child=3 -3 -4 -5 -6
leaf_value=0.032158709061030154 -0.036579871852809608 0.051776231215213131 -0.04080393012426535 0.0072612667108206816 -0.011516040519296467
leaf_weight=3.2214255258440989 3.7898117527365667 3.6584748923778525 3.1598638370633125 4.2614681869745255 4.6869386062026024
leaf_count=19 20 19 20 27 31
internal_value=0 0.00747683 -0.00716582 -0.0133752 0.00627461
internal_weight=0 14.7267 11.0682 8.05128 7.90836
internal_count=136 89 70 47 50
is_linear=0
shrinkage=0.1


Tree=78
num_leaves=5
num_cat=0
split_feature=10 12 7 7
split_gain=0.204123 0.364045 0.644695 0.338791
threshold=348.83333333333337 2.4000000000000008 51.500000000000007 87.500000000000014
decision_type=2 2 2 2
left_child=-1 2 -2 -4
right_child=1 -3 3 -5
leaf_value=0.017325509247569485 0.033318494163377878 -0.030190495981439858 -0.033539901115691731 0.0064332923916544009
leaf_weight=5.2844625301659134 4.6094092205166843 4.3451447188854209 4.1548460684716684 4.3299006596207619
leaf_count=35 26 23 23 29
internal_value=0 -0.00510921 0.00321372 -0.0131409
internal_weight=0 17.4393 13.0942 8.48475
internal_count=136 101 78 52
is_linear=0
shrinkage=0.1


Tree=79
num_leaves=5
num_cat=0
split_feature=0 3 10 10
split_gain=0.214109 0.309337 0.747509 0.856284
threshold=2.6500000000000017 771.16666666667118 450.00000000000006 348.83333333333337
decision_type=2 2 2 2
left_child=1 2 3 -1
right_child=-2 -3 -4 -5
leaf_value=0.0053503199805473309 0.022119402438066246 0.017715871309827141 0.025537862519976778 -0.052597476419122637
leaf_weight=4.7421031892299705 3.697890378534793 4.8155043795704833 3.9177841767668715 5.5164291188120842
leaf_count=30 21 31 26 28
internal_value=0 -0.00418158 -0.0116198 -0.0258106
internal_weight=0 18.9918 14.1763 10.2585
internal_count=136 115 84 58
is_linear=0
shrinkage=0.1


Tree=80
num_leaves=5
num_cat=0
split_feature=10 5 7 10
split_gain=0.20349 0.363861 0.551047 0.913293
threshold=609.00000000000011 346.36363636363666 57.500000000000007 350.33333333333945
decision_type=2 2 2 2
left_child=1 2 -1 -4
right_child=-2 -3 3 -5
leaf_value=-0.011701831764900217 -0.018251485559310658 -0.020848121269554619 -0.003510163557054738 0.063212447038743971
leaf_weight=5.4694898724556031 4.7688670530915251 4.1725085526704779 4.175467833876608 4.0328687429428101
leaf_count=29 31 25 28 23
internal_value=0 0.00500153 0.0128871 0.0292716
internal_weight=0 17.8503 13.6778 8.20834
internal_count=136 105 80 51
is_linear=0
shrinkage=0.1


Tree=81
num_leaves=4
num_cat=0
split_feature=0 5 7
split_gain=0.236226 0.491953 0.333087
threshold=0.55000000000000016 279.75243147657073 96.500000000000014
decision_type=2 2 2
left_child=2 -2 -1
right_child=1 -3 -4
leaf_value=-0.025354351677444882 -0.0064983179884626156 0.037250654525303489 0.0082533286539715287
leaf_weight=6.3057146854698676 6.4855596795678121 4.2577255219221115 5.5399331226944923
leaf_count=35 37 25 39
internal_value=0 0.0108401 -0.00963682
internal_weight=0 10.7433 11.8456
internal_count=136 62 74
is_linear=0
shrinkage=0.1


Tree=82
num_leaves=6
num_cat=0
split_feature=12 10 10 10 7
split_gain=0.206167 0.535153 0.397241 0.912155 0.893722
threshold=1.5000000000000002 382.66666666666703 386.33333333333377 609.00000000000011 93.500000000000014
decision_type=2 2 2 2 2
left_child=2 -2 4 -4 -1
right_child=1 -3 3 -5 -6
leaf_value=-0.059164565427983346 0.035811914515856878 -0.01778864692809369 0.040365541437488411 -0.02786111481150921 0.012074665632528743
leaf_weight=3.5675545856356639 4.4618733525276175 3.1975573599338531 4.2196817100048065 3.6585574001073837 3.4776650667190552
leaf_count=19 28 20 24 23 22
internal_value=0 0.0134355 -0.00674662 0.00868192 -0.0239994
internal_weight=0 7.65943 14.9235 7.87824 7.04522
internal_count=136 48 88 47 41
is_linear=0
shrinkage=0.1


Tree=83
num_leaves=5
num_cat=0
split_feature=0 5 7 10
split_gain=0.206055 0.613792 0.843346 0.227483
threshold=0.15000000000000005 150.81410825199643 36.500000000000007 348.83333333333337
decision_type=2 2 2 2
left_child=3 -2 -3 -1
right_child=1 2 -4 -5
leaf_value=0.0023547901800220193 0.03277681763245377 -0.039493431674827384 0.01871819715808069 -0.034072982429685976
leaf_weight=3.7538974136114147 5.6569714099168769 4.6653593480586988 5.3345409296452999 3.1551470309495926
leaf_count=23 35 24 35 19
internal_value=0 0.00645208 -0.00843989 -0.0142806
internal_weight=0 15.6569 9.9999 6.90904
internal_count=136 94 59 42
is_linear=0
shrinkage=0.1


Tree=84
num_leaves=5
num_cat=0
split_feature=7 12 4 12
split_gain=0.226432 0.307911 0.767465 0.607478
threshold=30.500000000000004 1.5000000000000002 1.0000000180025095e-35 1.0000000180025095e-35
decision_type=2 2 2 2
left_child=-1 2 3 -2
right_child=1 -3 -4 -5
leaf_value=0.017819731120885116 -0.020074036778812795 0.018856060358762649 -0.049871030749389644 0.031776831187446335
leaf_weight=5.4627743661403683 5.0959982052445429 3.9610265977680674 3.9392696917057028 4.0594762302935123
leaf_count=30 30 28 19 29
internal_value=0 -0.00557383 -0.0129636 0.00291629
internal_weight=0 17.0558 13.0947 9.15547
internal_count=136 106 78 59
is_linear=0
shrinkage=0.1


Tree=85
num_leaves=5
num_cat=0
split_feature=7 12 0 7
split_gain=0.184193 0.249972 0.64741 0.318241
threshold=30.500000000000004 1.5000000000000002 0.45000000000000007 105.50000000000001
decision_type=2 2 2 2
left_child=-1 2 3 -2
right_child=1 -3 -4 -5
leaf_value=0.01612763268124609 0.021879310400465552 0.017042657336376912 -0.045259950978162128 -0.015554947632299415
leaf_weight=5.4339226409792927 4.5195224322378653 3.945124674588441 3.9889235198497763 4.5647103488445282
leaf_count=30 28 28 19 31
internal_value=0 -0.00501948 -0.0116772 0.00306908
internal_weight=0 17.0183 13.0732 9.08423
internal_count=136 106 78 59
is_linear=0
shrinkage=0.1


Tree=86
num_leaves=6
num_cat=0
split_feature=0 10 7 7 10
split_gain=0.176818 0.549096 0.871383 0.349267 0.200852
threshold=0.15000000000000005 623.50000000000011 36.500000000000007 57.500000000000007 348.83333333333337
decision_type=2 2 2 2 2
left_child=4 2 -2 -4 -1
right_child=1 -3 3 -5 -6
leaf_value=0.0024533324495237181 -0.032221296938945751 0.041703188723032997 -0.0047123836914913439 0.042277904292609483 -0.031858604347692436
leaf_weight=3.7254183813929584 5.7354412004351598 3.3727432116866103 2.8426525853574276 3.5660557188093662 3.1473122239112854
leaf_count=23 29 22 17 26 19
internal_value=0 0.00600768 -0.00390589 0.0214348 -0.0132595
internal_weight=0 15.5169 12.1441 6.40871 6.87273
internal_count=136 94 72 43 42
is_linear=0
shrinkage=0.1


Tree=87
num_leaves=6
num_cat=0
split_feature=7 10 10 7 10
split_gain=0.201824 0.284027 0.454314 0.549619 0.00068403
threshold=30.500000000000004 259.16666666667157 399.00000000000369 87.500000000000014 366.50000000000733
decision_type=2 2 2 2 2
left_child=-1 -2 4 -4 -3
right_child=1 2 3 -5 -6
leaf_value=0.016867533865620853 -0.032127853907490872 0.020245318513699907 -0.040164624027880687 0.013863435245088021 0.022363065985166242
leaf_weight=5.4296394959092167 3.1980147659778622 3.1811541765928251 4.104481540620327 3.4786937534809113 2.9299673400819302
leaf_count=30 20 23 21 25 17
internal_value=0 -0.00529514 0.000971077 -0.0153799 0.0212607
internal_weight=0 16.8923 13.6943 7.58318 6.11112
internal_count=136 106 86 46 40
is_linear=0
shrinkage=0.1


Tree=88
num_leaves=5
num_cat=0
split_feature=10 12 7 12
split_gain=0.199478 0.40483 0.755137 0.294342
threshold=348.83333333333337 2.4000000000000008 51.500000000000007 0.75000000000000011
decision_type=2 2 2 2
left_child=-1 2 -2 -4
right_child=1 -3 3 -5
leaf_value=0.017247484140131688 0.036779900490302109 -0.031569906895766192 0.0014789912758125861 -0.036874179711445264
leaf_weight=5.2002037428319481 4.505296133458617 4.3240495137870303 4.9353997409343702 3.3655411079525948
leaf_count=35 26 23 32 20
internal_value=0 -0.0051142 0.00381862 -0.014071
internal_weight=0 17.1303 12.8062 8.30094
internal_count=136 101 78 52
is_linear=0
shrinkage=0.1


Tree=89
num_leaves=5
num_cat=0
split_feature=10 0 7 7
split_gain=0.162407 0.333128 0.719464 0.303617
threshold=348.83333333333337 1.9500000000000008 51.500000000000007 87.500000000000014
decision_type=2 2 2 2
left_child=-1 2 -2 -4
right_child=1 -3 3 -5
leaf_value=0.015635737954511529 0.035289057110808091 -0.029050778742875066 -0.033485849729995382 0.0046284340746888418
leaf_weight=5.1645852215588119 4.5645429417490986 4.2031637877225867 4.1031969375908357 4.2598277926445007
leaf_count=35 25 23 23 30
internal_value=0 -0.00459464 0.00335684 -0.0140718
internal_weight=0 17.1307 12.9276 8.36302
internal_count=136 101 78 53
is_linear=0
shrinkage=0.1


Tree=90
num_leaves=5
num_cat=0
split_feature=0 5 7 10
split_gain=0.176194 0.62893 0.8092 0.219512
threshold=0.25000000000000006 150.81410825199643 36.500000000000007 357.33333333333218
decision_type=2 2 2 2
left_child=3 -2 -3 -1
right_child=1 2 -4 -5
leaf_value=0.0037388510152455926 0.036604530148197721 -0.038412875125864138 0.018979638018730833 -0.030131518475264286
leaf_weight=4.0745572894811657 4.7117614448070517 4.6060847938060743 5.2644725032150745 3.6076520942151546
leaf_count=25 29 24 35 23
internal_value=0 0.00654605 -0.00780252 -0.0121671
internal_weight=0 14.5823 9.87056 7.68221
internal_count=136 88 59 48
is_linear=0
shrinkage=0.1


Tree=91
num_leaves=6
num_cat=0
split_feature=7 10 10 7 0
split_gain=0.184328 0.309622 0.361828 0.506486 0.0295707
threshold=30.500000000000004 259.16666666667157 399.00000000000369 87.500000000000014 1.0500000000000003
decision_type=2 2 2 2 2
left_child=-1 -2 4 -4 -3
right_child=1 2 3 -5 -6
leaf_value=0.016214141918033019 -0.033105180498438233 0.026186242335646287 -0.036847360837099011 0.015020787611601069 0.01219303978023913
leaf_weight=5.3736788444221046 3.1902446523308781 3.2522953040897828 4.1067171394824982 3.4762457236647606 2.8192836865782738
leaf_count=30 20 22 21 25 18
internal_value=0 -0.00505666 0.00149659 -0.0130695 0.0196886
internal_weight=0 16.8448 13.6545 7.58296 6.07158
internal_count=136 106 86 46 40
is_linear=0
shrinkage=0.1


Tree=92
num_leaves=5
num_cat=0
split_feature=10 10 12 0
split_gain=0.197334 1.40153 0.627749 0.600518
threshold=481.83333333332854 642.3333333333286 0.55000000000000004 1.6500000000000006
decision_type=2 2 2 2
left_child=2 -2 -1 -4
right_child=1 -3 3 -5
leaf_value=-0.031207226237457066 0.057151029693491277 -0.036308452568890273 0.033545187156656865 -0.016289433469917357
leaf_weight=6.0582996085286167 3.5394775941967955 2.9351805858314037 5.0803162604570371 4.614258911460638
leaf_count=32 24 19 34 27
internal_value=0 0.0147827 -0.00595486 0.00982575
internal_weight=0 6.47466 15.7529 9.69458
internal_count=136 43 93 61
is_linear=0
shrinkage=0.1


Tree=93
num_leaves=5
num_cat=0
split_feature=10 10 10 3
split_gain=0.163263 0.336929 1.15709 0.774305
threshold=348.83333333333337 481.83333333332854 642.3333333333286 699.33333333333223
decision_type=2 2 2 2
left_child=-1 3 -3 -2
right_child=1 2 -4 -5
leaf_value=0.015712846965191395 -0.042086300147122557 0.052718702099130758 -0.032606122784948025 0.011943111172274862
leaf_weight=5.1401141248643425 5.4009332433342951 3.4577809683978549 2.9412734732031822 5.212325356900692
leaf_count=35 28 24 19 30
internal_value=0 -0.00462416 0.0134998 -0.0155517
internal_weight=0 17.0123 6.39905 10.6133
internal_count=136 101 43 58
is_linear=0
shrinkage=0.1


Tree=94
num_leaves=5
num_cat=0
split_feature=0 0 3 10
split_gain=0.154434 0.332719 0.556188 0.350186
threshold=2.6500000000000017 1.0500000000000003 771.16666666667118 379.83333333333582
decision_type=2 2 2 2
left_child=1 2 3 -1
right_child=-2 -3 -4 -5
leaf_value=0.01015908547380134 0.019106459386129447 -0.029220178666102749 0.037964689872791904 -0.02558322748675336
leaf_weight=5.4940820932388359 3.5799362286925307 3.9742022752761832 3.5299725644290438 5.4705904684960842
leaf_count=35 21 23 23 34
internal_value=0 -0.00358729 0.00344084 -0.00767378
internal_weight=0 18.4688 14.4946 10.9647
internal_count=136 115 92 69
is_linear=0
shrinkage=0.1


Tree=95
num_leaves=5
num_cat=0
split_feature=7 0 0 7
split_gain=0.163611 0.493518 0.975089 0.234747
threshold=36.500000000000007 0.25000000000000006 0.84999999999999998 108.50000000000001
decision_type=2 2 2 2
left_child=-1 3 -3 -2
right_child=1 2 -4 -5
leaf_value=-0.013195091827388939 -0.03174161422799076 0.062799349562438045 -0.0073955002305338751 0.0039184854826343095
leaf_weight=6.5190141797065762 3.5037403330206862 3.4720930792391282 4.6017461121082306 3.9016894772648811
leaf_count=36 20 25 28 27
internal_value=0 0.00569066 0.0227913 -0.0129534
internal_weight=0 15.4793 8.07384 7.40543
internal_count=136 100 53 47
is_linear=0
shrinkage=0.1


Tree=96
num_leaves=5
num_cat=0
split_feature=5 7 0 10
split_gain=0.187386 0.662899 0.580574 0.166624
threshold=150.81410825199643 36.500000000000007 0.25000000000000006 357.33333333333218
decision_type=2 2 2 2
left_child=2 -2 3 -1
right_child=1 -3 -4 -5
leaf_value=0.0050915992748914252 -0.037904464983100856 0.014373079421811638 0.036346766620939074 -0.02461979225581104
leaf_weight=4.0842714309692401 4.5845503211021406 5.1507230587303638 4.610701747238636 3.5093219801783562
leaf_count=25 24 35 29 23
internal_value=0 -0.0102455 0.00835614 -0.0086393
internal_weight=0 9.73527 12.2043 7.59359
internal_count=136 59 77 48
is_linear=0
shrinkage=0.1


Tree=97
num_leaves=5
num_cat=0
split_feature=7 10 3 0
split_gain=0.197106 0.275896 0.432796 0.300808
threshold=30.500000000000004 259.16666666667157 730.3333333333286 0.25000000000000006
decision_type=2 2 2 2
left_child=-1 -2 3 -3
right_child=1 2 -4 -5
leaf_value=0.01684501641408287 -0.031741273207936925 -0.0032085201999519004 -0.024232152665635744 0.033700767764453528
leaf_weight=5.3203431367874172 3.182925537228587 4.7876338809728605 4.506065245717763 4.0982288531959057
leaf_count=30 20 31 29 26
internal_value=0 -0.00527724 0.00101259 0.0138143
internal_weight=0 16.5749 13.3919 8.88586
internal_count=136 106 86 57
is_linear=0
shrinkage=0.1


Tree=98
num_leaves=5
num_cat=0
split_feature=7 10 3 0
split_gain=0.160116 0.220295 0.350118 0.246037
threshold=30.500000000000004 259.16666666667157 730.3333333333286 0.25000000000000006
decision_type=2 2 2 2
left_child=-1 -2 3 -3
right_child=1 2 -4 -5
leaf_value=0.015237244623981922 -0.028213701917073831 -0.002887023630361499 -0.02171438712348954 0.030554544739826592
leaf_weight=5.2949522584676769 3.2206740602850941 4.7886466383934003 4.5246466360986224 4.0697688199579716
leaf_count=30 20 31 29 26
internal_value=0 -0.0047334 0.000917209 0.0124768
internal_weight=0 16.6037 13.3831 8.85842
internal_count=136 106 86 57
is_linear=0
shrinkage=0.1


Tree=99
num_leaves=5
num_cat=0
split_feature=5 7 0 12
split_gain=0.162652 0.593967 0.353413 0.151965
threshold=150.81410825199643 36.500000000000007 0.25000000000000006 0.55000000000000004
decision_type=2 2 2 2
left_child=2 -2 3 -1
right_child=1 -3 -4 -5
leaf_value=-0.017110896027873631 -0.035789253494522354 0.013740077502333936 0.029949119816611431 0.011505772457595154
leaf_weight=4.497554652392866 4.5714635066688043 5.1476395390927792 4.5240471065044403 3.1591568253934383
leaf_count=25 24 35 29 23
internal_value=0 -0.00955647 0.00778955 -0.00530367
internal_weight=0 9.7191 12.1808 7.65671
internal_count=136 59 77 48
is_linear=0
shrinkage=0.1


end of trees

feature_importances:
taskNum=113
s_view_position=102
response_time=75
scroll_time=62
s_scroll_speed=28
scroll_length=23
predicted_isAnswerCorrect=10
event_scroll=7
s_choice_left=1

parameters:
[boosting: gbdt]
[objective: binary]
[metric: binary_error]
[tree_learner: serial]
[device_type: cpu]
[data_sample_strategy: bagging]
[data: ]
[valid: ]
[num_iterations: 100]
[learning_rate: 0.1]
[num_leaves: 31]
[num_threads: 0]
[seed: 0]
[deterministic: 0]
[force_col_wise: 0]
[force_row_wise: 0]
[histogram_pool_size: -1]
[max_depth: -1]
[min_data_in_leaf: 20]
[min_sum_hessian_in_leaf: 0.001]
[bagging_fraction: 1]
[pos_bagging_fraction: 1]
[neg_bagging_fraction: 1]
[bagging_freq: 0]
[bagging_seed: 3]
[feature_fraction: 0.9]
[feature_fraction_bynode: 1]
[feature_fraction_seed: 2]
[extra_trees: 0]
[extra_seed: 6]
[early_stopping_round: 0]
[first_metric_only: 0]
[max_delta_step: 0]
[lambda_l1: 0]
[lambda_l2: 0]
[linear_lambda: 0]
[min_gain_to_split: 0]
[drop_rate: 0.1]
[max_drop: 50]
[skip_drop: 0.5]
[xgboost_dart_mode: 0]
[uniform_drop: 0]
[drop_seed: 4]
[top_rate: 0.2]
[other_rate: 0.1]
[min_data_per_group: 100]
[max_cat_threshold: 32]
[cat_l2: 10]
[cat_smooth: 10]
[max_cat_to_onehot: 4]
[top_k: 20]
[monotone_constraints: ]
[monotone_constraints_method: basic]
[monotone_penalty: 0]
[feature_contri: ]
[forcedsplits_filename: ]
[refit_decay_rate: 0.9]
[cegb_tradeoff: 1]
[cegb_penalty_split: 0]
[cegb_penalty_feature_lazy: ]
[cegb_penalty_feature_coupled: ]
[path_smooth: 0]
[interaction_constraints: ]
[verbosity: -1]
[saved_feature_importance_type: 0]
[use_quantized_grad: 0]
[num_grad_quant_bins: 4]
[quant_train_renew_leaf: 0]
[stochastic_rounding: 1]
[linear_tree: 0]
[max_bin: 255]
[max_bin_by_feature: ]
[min_data_in_bin: 3]
[bin_construct_sample_cnt: 200000]
[data_random_seed: 1]
[is_enable_sparse: 1]
[enable_bundle: 1]
[use_missing: 1]
[zero_as_missing: 0]
[feature_pre_filter: 0]
[pre_partition: 0]
[two_round: 0]
[header: 0]
[label_column: ]
[weight_column: ]
[group_column: ]
[ignore_column: ]
[categorical_feature: ]
[forcedbins_filename: ]
[precise_float_parser: 0]
[parser_config_file: ]
[objective_seed: 5]
[num_class: 1]
[is_unbalance: 0]
[scale_pos_weight: 1]
[sigmoid: 1]
[boost_from_average: 1]
[reg_sqrt: 0]
[alpha: 0.9]
[fair_c: 1]
[poisson_max_delta_step: 0.7]
[tweedie_variance_power: 1.5]
[lambdarank_truncation_level: 30]
[lambdarank_norm: 1]
[label_gain: ]
[lambdarank_position_bias_regularization: 0]
[eval_at: ]
[multi_error_top_k: 1]
[auc_mu_weights: ]
[num_machines: 1]
[local_listen_port: 12400]
[time_out: 120]
[machine_list_filename: ]
[machines: ]
[gpu_platform_id: -1]
[gpu_device_id: -1]
[gpu_use_dp: 0]
[num_gpu: 1]

end of parameters

pandas_categorical:[]
