tree
version=v4
num_class=1
num_tree_per_iteration=1
label_index=0
max_feature_idx=15
objective=binary sigmoid:1
feature_names=ratio_tap_position_y screen_height tap_position_x tap_position_y predicted_isAnswerCorrect s_tap_count scroll_time s_view_position response_time taskNum screen_width ratio_tap_position_x s_choice_left event_scroll s_scroll_speed scroll_length
feature_infos=none [844:844] none none [0:1] [1:1] [0:10.999999999999993] [-343.99999999999989:756.66666666666788] [0.10000000000000001:7.6999999999999869] [1:38] [390:390] none [0:1] [0:6] [0:1911.6666666666704] [0:1530]
tree_sizes=730 736 735 733 841 737 625 736 733 740 744 846 744 744 742 745 847 846 848 746 854 847 857 856 751 750 858 748 856 751 857 749 746 852 735 852 751 859 740 857 852 644 756 858 647 751 951 850 736 651 751 850 855 853 756 757 734 861 751 753 759 857 655 861 948 953 759 957 956 953 952 757 955 859 858 755 758 862 757 857 862 742 755 744 865 764 656 862 872 765 762 863 761 654 963 962 867 747 871 965

Tree=0
num_leaves=6
num_cat=0
split_feature=15 9 14 6 9
split_gain=4.46194 5.81326 3.81059 1.42955 2.63892
threshold=1234.3333333333323 6.5000000000000009 151.66129898013955 2.1000000000000005 30.500000000000004
decision_type=2 2 2 2 2
left_child=1 -1 -3 4 -4
right_child=-2 2 3 -5 -6
leaf_value=0.80592646846597626 0.80592646846597626 0.69484954665207921 0.65782390604744678 0.43567006241965267 0.45048031866150562
leaf_weight=1.3504155278205869 1.5754847824573515 1.800554037094116 1.3504155278205878 1.3504155278205869 1.1253462731838224
leaf_count=6 7 8 6 6 5
internal_value=0.653926 0.619604 0.574886 0.518433 0.563577
internal_weight=0 6.97715 5.62673 3.82618 2.47576
internal_count=38 31 25 17 11
is_linear=0
shrinkage=1


Tree=1
num_leaves=6
num_cat=0
split_feature=15 9 14 6 14
split_gain=3.77454 4.79776 2.9303 1.02125 2.64084
threshold=1234.3333333333323 6.5000000000000009 151.66129898013955 2.1000000000000005 991.25000000000102
decision_type=2 2 2 2 2
left_child=1 -1 -3 4 -4
right_child=-2 2 3 -5 -6
leaf_value=0.14466738826466052 0.14466738826466055 0.037351028483735657 0.013795681545931381 -0.18471935847224374 -0.19114108397619051
leaf_weight=1.2805617749691007 1.4939887374639509 1.7767680883407591 1.3875759690999991 1.4310144782066343 1.1498422920703886
leaf_count=6 7 8 6 6 5
internal_value=0 -0.0303677 -0.0693816 -0.117169 -0.0790723
internal_weight=0 7.02576 5.7452 3.96843 2.53742
internal_count=38 31 25 17 11
is_linear=0
shrinkage=0.1


Tree=2
num_leaves=6
num_cat=0
split_feature=15 9 9 6 9
split_gain=3.22192 4.50656 2.41805 2.27557 1.2677
threshold=1234.3333333333323 30.500000000000004 6.5000000000000009 2.1000000000000005 12.500000000000002
decision_type=2 2 2 2 2
left_child=1 2 -1 -4 -5
right_child=-2 -3 3 4 -6
leaf_value=0.13865114110782281 0.13865114110782281 -0.18610457650160617 0.056119779410605003 -0.013102669818109196 -0.1599185625139849
leaf_weight=1.2063315510749815 1.4073868095874784 1.4219531863927839 2.0398225039243698 1.1500322073698046 1.2036938220262525
leaf_count=6 7 6 9 5 5
internal_value=0 -0.0271239 0.0132453 -0.0211872 -0.0881842
internal_weight=0 7.02183 5.59988 4.39355 2.35373
internal_count=38 31 25 19 10
is_linear=0
shrinkage=0.1


Tree=3
num_leaves=6
num_cat=0
split_feature=15 9 9 8 6
split_gain=2.76919 3.51968 2.09479 1.98884 0.798463
threshold=1234.3333333333323 30.500000000000004 6.5000000000000009 1.8000000000000005 0.55000000000000004
decision_type=2 2 2 2 2
left_child=1 2 -1 4 -4
right_child=-2 -3 3 -5 -6
leaf_value=0.1336470445291863 0.13364704452918633 -0.16201146867835681 -0.02284847141270098 -0.096653948569500242 0.090634917140448759
leaf_weight=1.1302628517150877 1.3186399936676023 1.4672565907239912 1.13070884346962 1.8833847492933271 1.372669458389282
leaf_count=6 7 6 5 8 6
internal_value=0 -0.024357 0.0122523 -0.0190254 0.0393775
internal_weight=0 6.98428 5.51703 4.38676 2.50338
internal_count=38 31 25 19 11
is_linear=0
shrinkage=0.1


Tree=4
num_leaves=7
num_cat=0
split_feature=7 14 14 14 8 7
split_gain=2.14507 2.69627 1.46916 2.66704 1.44074 0.332366
threshold=624.16666666666617 151.66129898013955 269.05128205128187 991.25000000000102 3.8000000000000012 392.66666666666703
decision_type=2 2 2 2 2 2
left_child=1 4 -3 5 -1 -4
right_child=-2 2 3 -5 -6 -7
leaf_value=-0.0096500817402726501 0.13174488446380583 -0.16111607667751732 0.072442896577449747 -0.15140640884425888 0.14310033891992457 -0.0047099334066537995
leaf_weight=1.2621463835239413 1.0858363360166547 1.1711673587560651 1.0984635502099998 1.2040351778268812 1.2089147865772245 1.1355864107608793
leaf_count=6 6 5 5 5 6 5
internal_value=0 -0.019201 -0.0643847 -0.0314336 0.0650799 0.0332255
internal_weight=0 7.08031 4.60925 3.43809 2.47106 2.23405
internal_count=38 32 20 15 12 10
is_linear=0
shrinkage=0.1


Tree=5
num_leaves=6
num_cat=0
split_feature=15 9 14 6 14
split_gain=2.08911 2.73625 1.75342 0.679888 1.58374
threshold=1234.3333333333323 6.5000000000000009 151.66129898013955 2.1000000000000005 991.25000000000102
decision_type=2 2 2 2 2
left_child=1 -1 -3 4 -4
right_child=-2 2 3 -5 -6
leaf_value=0.12928130957393189 0.12599507917303351 0.03703043938678853 0.022248983605945346 -0.13611651195273985 -0.13430845242925091
leaf_weight=1.0442490130662916 1.1459065824747083 1.7588796019554136 1.3730582594871523 1.4939228445291517 1.220532640814781
leaf_count=6 7 8 6 6 5
internal_value=0 -0.0198229 -0.046455 -0.0823792 -0.0514263
internal_weight=0 6.89064 5.84639 4.08751 2.59359
internal_count=38 31 25 17 11
is_linear=0
shrinkage=0.1


Tree=6
num_leaves=5
num_cat=0
split_feature=9 8 9 9
split_gain=2.01907 1.43996 0.931151 0.508377
threshold=30.500000000000004 4.75 15.500000000000002 24.500000000000004
decision_type=2 2 2 2
left_child=1 2 -1 -4
right_child=-2 -3 3 -5
leaf_value=0.12848918274541488 -0.092920351547744029 -0.049127701232986182 -0.0067572734998507028 0.076288774102023615
leaf_weight=1.336156517267227 1.7712077647447584 1.7179237008094785 1.7489453405141833 1.2741633355617521
leaf_count=8 8 8 8 6
internal_value=0 0.0284129 0.0589705 0.0282445
internal_weight=0 6.07719 4.35927 3.02311
internal_count=38 30 22 14
is_linear=0
shrinkage=0.1


Tree=7
num_leaves=6
num_cat=0
split_feature=15 9 14 8 8
split_gain=1.80641 2.27516 2.12731 1.82003 0.36051
threshold=1234.3333333333323 30.500000000000004 151.66129898013955 3.8000000000000012 3.8000000000000012
decision_type=2 2 2 2 2
left_child=1 2 4 -4 -1
right_child=-2 -3 3 -5 -6
leaf_value=0.053798143683110144 0.12279464682700299 -0.12814380276994244 0.01810592997604565 -0.14019562016056483 0.13745291211577787
leaf_weight=1.1550634801387789 1.0531454086303709 1.4671073257923124 2.0083064585924153 1.1377433240413664 0.92986917495727528
leaf_count=6 7 6 9 5 5
internal_value=0 -0.0180935 0.0127718 -0.0391425 0.0911077
internal_weight=0 6.69809 5.23098 3.14605 2.08493
internal_count=38 31 25 14 11
is_linear=0
shrinkage=0.1


Tree=8
num_leaves=6
num_cat=0
split_feature=15 9 9 14 6
split_gain=1.58308 1.99019 1.19265 1.527 1.04139
threshold=1234.3333333333323 6.5000000000000009 30.500000000000004 151.66129898013955 2.1000000000000005
decision_type=2 2 2 2 2
left_child=1 -1 3 -3 -5
right_child=-2 2 -4 4 -6
leaf_value=0.1225929780678065 0.12016564686809794 0.072381270471261 -0.11637833391441404 0.00940160924675249 -0.11265413071929736
leaf_weight=0.88955995440483082 0.97269494831562031 1.4368689656257627 1.4544777125120161 1.3369949758052828 1.4649787396192548
leaf_count=6 7 7 6 6 6
internal_value=0 -0.0165094 -0.0382436 -0.0114332 -0.0544138
internal_weight=0 6.58288 5.69332 4.23884 2.80197
internal_count=38 31 25 19 12
is_linear=0
shrinkage=0.1


Tree=9
num_leaves=6
num_cat=0
split_feature=15 9 14 8 9
split_gain=1.39255 1.72094 0.99836 1.27086 0.45516
threshold=1234.3333333333323 6.5000000000000009 991.25000000000102 1.8000000000000005 27.500000000000004
decision_type=2 2 2 2 2
left_child=1 -1 3 4 -3
right_child=-2 2 -4 -5 -6
leaf_value=0.1200002768348907 0.11788637238302913 0.079852347405966237 -0.11690195827995026 -0.079332707475242376 -0.0041210130737305874
leaf_weight=0.82139834016561497 0.8962690234184264 1.0917348563671114 1.1757823675870893 1.7553389370441435 1.5791145414113996
leaf_count=6 7 5 5 8 7
internal_value=0 -0.0151741 -0.0349943 -0.0132362 0.0302039
internal_weight=0 6.42337 5.60197 4.42619 2.67085
internal_count=38 31 25 20 12
is_linear=0
shrinkage=0.1


Tree=10
num_leaves=6
num_cat=0
split_feature=15 9 9 8 15
split_gain=1.22626 1.48628 0.990705 1.25241 0.630382
threshold=1234.3333333333323 6.5000000000000009 30.500000000000004 1.8000000000000005 765.00000000000193
decision_type=2 2 2 2 2
left_child=1 -1 3 4 -3
right_child=-2 2 -4 -5 -6
leaf_value=0.11774983593436542 0.11590057787080786 0.086674016765323839 -0.10390017509679855 -0.071055687007547941 -0.016170093691178524
leaf_weight=0.75670340657234181 0.82415655255317677 1.3106493502855303 1.4147341102361677 1.7633497714996336 1.0930418521165846
leaf_count=6 7 6 6 8 5
internal_value=0 -0.0137668 -0.0315961 -0.0070485 0.0399072
internal_weight=0 6.33848 5.58178 4.16704 2.40369
internal_count=38 31 25 19 11
is_linear=0
shrinkage=0.1


Tree=11
num_leaves=7
num_cat=0
split_feature=8 14 8 8 14 14
split_gain=1.10938 0.821684 1.88677 0.601522 0.549568 0.0164496
threshold=0.55000000000000016 151.66129898013955 3.8000000000000012 3.8000000000000012 991.25000000000102 512.99999999999966
decision_type=2 2 2 2 2 2
left_child=-1 3 4 -2 5 -3
right_child=1 2 -4 -5 -6 -7
leaf_value=-0.07688979985937805 0.015673400186061188 0.058396109669333757 -0.11958354298573833 0.1325233595071855 -0.030145616416855533 0.07692217814425531
leaf_weight=1.4440218210220335 0.82927317917346932 0.92923863232135839 1.0386211723089216 0.9398343414068222 0.81306141614913929 0.98978669941425323
leaf_count=7 5 5 5 6 4 6
internal_value=0 0.0215234 -0.00485632 0.0777497 0.038758 0.0679514
internal_weight=0 5.53982 3.77071 1.76911 2.73209 1.91903
internal_count=38 31 20 11 15 11
is_linear=0
shrinkage=0.1


Tree=12
num_leaves=6
num_cat=0
split_feature=9 12 9 6 7
split_gain=0.900584 1.10556 1.7575 2.12815 1.05915
threshold=9.5000000000000018 1.0000000180025095e-35 30.500000000000004 2.7499999999999996 382.833333333334
decision_type=2 2 2 2 2
left_child=-1 -2 3 4 -3
right_child=1 2 -4 -5 -6
leaf_value=0.076620389248885729 0.086123799238888854 -0.0022080017658532322 -0.13687048737200086 -0.13198385242198715 0.13084480245407623
leaf_weight=1.2850178033113477 0.88739813119173039 1.591839566826821 1.2551199570298193 0.88756138086318959 0.95855083316564549
leaf_count=9 5 7 6 5 6
internal_value=0 -0.0162352 -0.0355899 0.00138537 0.0477992
internal_weight=0 5.58047 4.69307 3.43795 2.55039
internal_count=38 29 24 18 13
is_linear=0
shrinkage=0.1


Tree=13
num_leaves=6
num_cat=0
split_feature=15 9 8 14 14
split_gain=1.04772 1.11073 0.98248 1.32376 0.385778
threshold=1234.3333333333323 9.5000000000000018 1.8000000000000005 991.25000000000102 269.05128205128187
decision_type=2 2 2 2 2
left_child=1 -1 3 4 -3
right_child=-2 2 -4 -5 -6
leaf_value=0.071655619195143835 0.11402884247452826 -0.017718009984130551 -0.11830871734991628 -0.10094019732649495 0.061548072317799331
leaf_weight=1.2391060665249822 0.73254002630710591 1.0260204821825034 1.0837087035179136 1.1133395731449125 1.5289476960897443
leaf_count=9 7 5 5 5 7
internal_value=0 -0.0126653 -0.0346523 -0.00993809 0.0297165
internal_weight=0 5.99112 4.75202 3.66831 2.55497
internal_count=38 31 22 17 12
is_linear=0
shrinkage=0.1


Tree=14
num_leaves=6
num_cat=0
split_feature=15 9 14 14 6
split_gain=0.927913 1.0159 1.19224 1.38571 0.555232
threshold=1234.3333333333323 30.500000000000004 151.66129898013955 269.05128205128187 6.1000000000000014
decision_type=2 2 2 2 2
left_child=1 2 4 -4 -1
right_child=-2 -3 3 -5 -6
leaf_value=0.12558148484809442 0.11252923900513101 -0.088579967303479001 -0.1243067823718691 0.021822511107990716 0.010419534613700295
leaf_weight=0.98735290020704247 0.6712089255452155 1.3274473547935484 0.99131581187248263 1.8788618594408033 0.72685419023036957
leaf_count=7 7 6 5 9 4
internal_value=0 -0.0115437 0.0107628 -0.0286483 0.0767508
internal_weight=0 5.91183 4.58438 2.87018 1.71421
internal_count=38 31 25 14 11
is_linear=0
shrinkage=0.1


Tree=15
num_leaves=6
num_cat=0
split_feature=15 9 8 9 15
split_gain=0.823724 0.888559 0.786777 1.11116 0.552346
threshold=1234.3333333333323 9.5000000000000018 1.8000000000000005 30.500000000000004 765.00000000000193
decision_type=2 2 2 2 2
left_child=1 -1 3 4 -3
right_child=-2 2 -4 -5 -6
leaf_value=0.067781565410066399 0.1112057064153877 0.079253343202864021 -0.10640896732990818 -0.081712881835094939 -0.019831284113524618
leaf_weight=1.1562809795141218 0.61419232934713353 1.2406246811151511 1.0483158677816389 1.2967370003461836 1.0294187217950819
leaf_count=9 7 6 5 6 5
internal_value=0 -0.0106087 -0.0302489 -0.00786456 0.0343205
internal_weight=0 5.77138 4.6151 3.56678 2.27004
internal_count=38 31 22 17 11
is_linear=0
shrinkage=0.1


Tree=16
num_leaves=7
num_cat=0
split_feature=8 15 7 15 9 7
split_gain=0.768926 0.823813 0.80123 0.626321 1.08655 0.354343
threshold=0.55000000000000016 798.66666666666708 609.00000000000011 765.00000000000193 18.500000000000004 349.99999999999943
decision_type=2 2 2 2 2 2
left_child=-1 3 -3 4 5 -2
right_child=1 2 -4 -5 -6 -7
leaf_value=-0.066008732230455031 0.01577238906854422 0.15666145349324226 0.0024978499190988898 -0.06969361828567755 0.1058896135663861 -0.081347916061199954
leaf_weight=1.340436019003391 0.78203993290662832 0.73243264108896233 0.62463837116956711 1.0734018981456754 0.94592857360839833 0.72294920682907104
leaf_count=7 6 5 6 5 5 4
internal_value=0 0.0194992 0.0857024 -0.00599294 0.0219054 -0.0308811
internal_weight=0 4.88139 1.35707 3.52432 2.45092 1.50499
internal_count=38 31 11 20 15 10
is_linear=0
shrinkage=0.1


Tree=17
num_leaves=7
num_cat=0
split_feature=14 9 6 9 14 14
split_gain=0.633692 0.669646 1.54747 1.12685 0.863158 0.00183983
threshold=991.25000000000102 33.500000000000007 2.1000000000000005 12.500000000000002 130.65993788819875 512.99999999999966
decision_type=2 2 2 2 2 2
left_child=1 2 5 4 -4 -1
right_child=-2 -3 3 -5 -6 -7
leaf_value=0.12807887923688907 -0.062196905086687473 -0.058587229056660986 0.12938849375418279 -0.082371825708749347 -0.023686884271362778 0.12057747922415377
leaf_weight=0.65846314281225227 1.259291239082813 0.93795752525329579 0.70392573624849342 1.1614416390657423 0.77274549007415771 0.64943196624517441
leaf_count=4 7 4 5 6 6 6
internal_value=0 0.017362 0.035415 -0.00867821 0.0492838 0.124354
internal_weight=0 4.88397 3.94601 2.63811 1.47667 1.3079
internal_count=38 31 27 17 11 10
is_linear=0
shrinkage=0.1


Tree=18
num_leaves=7
num_cat=0
split_feature=8 15 6 15 9 7
split_gain=0.621512 0.71425 0.800579 0.540395 0.947377 0.277902
threshold=0.55000000000000016 798.66666666666708 4.8000000000000034 765.00000000000193 18.500000000000004 349.99999999999943
decision_type=2 2 2 2 2 2
left_child=-1 3 -3 4 5 -2
right_child=1 2 -4 -5 -6 -7
leaf_value=-0.059629979612171494 0.012095165645353085 0.14709768625090924 -0.014291004265633898 -0.065554781732769227 0.10099709913865157 -0.076097238739970041
leaf_weight=1.313685670495033 0.75451051816344328 0.76166538521647431 0.5153253972530365 1.0458021163940427 0.90543649345636357 0.67869018018245697
leaf_count=7 6 7 4 5 5 4
internal_value=0 0.018244 0.0819698 -0.00580048 0.0209207 -0.0296682
internal_weight=0 4.66143 1.27699 3.38444 2.33864 1.4332
internal_count=38 31 11 20 15 10
is_linear=0
shrinkage=0.1


Tree=19
num_leaves=6
num_cat=0
split_feature=9 14 15 14 9
split_gain=0.549139 1.14078 0.566109 0.282837 0.167172
threshold=12.500000000000002 151.66129898013955 772.66666666666754 798.33333333333405 24.500000000000004
decision_type=2 2 2 2 2
left_child=1 -1 4 -4 -2
right_child=2 -3 3 -5 -6
leaf_value=0.122267921055395 -0.077005133467562936 -0.05571661356438215 -0.018916130495301678 0.05648690052162713 -0.023871577999292081
leaf_weight=0.92524244636297204 1.1634285375475886 0.58957841247320175 0.91179126128554377 1.0947333686053751 1.2058942914009092
leaf_count=8 6 4 6 8 6
internal_value=0 0.0529951 -0.0168621 0.0222228 -0.0499622
internal_weight=0 1.51482 4.37585 2.00652 2.36932
internal_count=38 12 26 14 12
is_linear=0
shrinkage=0.1


Tree=20
num_leaves=7
num_cat=0
split_feature=8 14 8 8 14 7
split_gain=0.539046 0.349345 1.12316 0.555387 0.328134 0.363491
threshold=0.55000000000000016 151.66129898013955 3.8000000000000012 3.8000000000000012 991.25000000000102 416.33333333333491
decision_type=2 2 2 2 2 2
left_child=-1 3 4 -2 5 -3
right_child=1 2 -4 -5 -6 -7
leaf_value=-0.055184839636405018 -0.0060024226505062863 0.092763591765136114 -0.10382659951347838 0.12226320089613736 -0.021402713072787183 -0.0079406618874604037
leaf_weight=1.316518649458885 0.65516750514507271 1.0758599266409881 0.79045557230710972 0.69640597328543663 0.73487886041402806 0.53749173507094372
leaf_count=7 5 6 5 6 4 5
internal_value=0 0.0175816 -0.000721998 0.0600872 0.0339848 0.0592137
internal_weight=0 4.49026 3.13869 1.35157 2.34823 1.61335
internal_count=38 31 20 11 15 11
is_linear=0
shrinkage=0.1


Tree=21
num_leaves=7
num_cat=0
split_feature=9 14 6 9 14 14
split_gain=0.461369 0.632669 1.33099 0.79938 0.587301 0.00137392
threshold=30.500000000000004 1402.5555555555563 2.1000000000000005 12.500000000000002 130.65993788819875 512.99999999999966
decision_type=2 2 2 2 2 2
left_child=1 2 5 4 -4 -1
right_child=-2 -3 3 -5 -6 -7
leaf_value=0.12550742317270969 -0.048328919058686047 -0.066984376810218363 0.12128176649483224 -0.070545083383924082 -0.015078444647616188 0.11864819840007045
leaf_weight=0.61030558496713661 1.421325586736202 0.73557887971401203 0.57010179013013862 1.0999212861061094 0.70823764055967331 0.55993631854653358
leaf_count=4 8 3 5 6 6 6
internal_value=0 0.0174205 0.034917 -0.00804378 0.0457342 0.122225
internal_weight=0 4.28408 3.5485 2.37826 1.27834 1.17024
internal_count=38 30 27 17 11 10
is_linear=0
shrinkage=0.1


Tree=22
num_leaves=7
num_cat=0
split_feature=8 15 6 15 9 15
split_gain=0.443554 0.590452 0.648505 0.500156 0.883348 0.0674586
threshold=0.55000000000000016 798.66666666666708 4.8000000000000034 765.00000000000193 18.500000000000004 491.66666666666703
decision_type=2 2 2 2 2 2
left_child=-1 3 -3 4 5 -2
right_child=1 2 -4 -5 -6 -7
leaf_value=-0.050374660906963721 -0.00684511290532735 0.14046887598850016 -0.0087397938145654819 -0.065765994127661043 0.098329999600290693 -0.053976238778997911
leaf_weight=1.2859985977411268 0.53925025090575285 0.67906820029020287 0.51010017842054367 0.97355401515960682 0.86657369881868351 0.69518183916807175
leaf_count=7 5 7 4 5 5 5
internal_value=0 0.0166283 0.076465 -0.00651511 0.0209403 -0.0333874
internal_weight=0 4.26373 1.18917 3.07456 2.10101 1.23443
internal_count=38 31 11 20 15 10
is_linear=0
shrinkage=0.1


Tree=23
num_leaves=7
num_cat=0
split_feature=8 15 6 15 8 7
split_gain=0.361813 0.504286 0.591321 0.406498 0.728417 0.160837
threshold=0.55000000000000016 798.66666666666708 4.8000000000000034 765.00000000000193 1.8000000000000005 349.99999999999943
decision_type=2 2 2 2 2 2
left_child=-1 3 -3 4 -2 -6
right_child=1 2 -4 -5 5 -7
leaf_value=-0.045327002053857875 0.090265895585302555 0.13690996988434839 -0.0078439081082994407 -0.059287120003002174 0.003095349214661793 -0.069195245725029483
leaf_weight=1.2862681299448011 0.85045796632766801 0.62960064411163308 0.51144950091838837 0.97202610969543446 0.67457299679517724 0.56600012630224228
leaf_count=7 5 7 4 5 6 4
internal_value=0 0.0152825 0.0720274 -0.00585616 0.0189815 -0.0298866
internal_weight=0 4.20411 1.14105 3.06306 2.09103 1.24057
internal_count=38 31 11 20 15 10
is_linear=0
shrinkage=0.1


Tree=24
num_leaves=6
num_cat=0
split_feature=14 14 14 8 14
split_gain=0.394893 0.26089 0.349378 0.670941 0.454811
threshold=991.25000000000102 798.33333333333405 151.66129898013955 3.8000000000000012 269.05128205128187
decision_type=2 2 2 2 2
left_child=1 2 3 -1 -4
right_child=-2 -3 4 -5 -6
leaf_value=-0.013241902565577749 -0.048856369612559819 0.068464044253530518 -0.077057996412492655 0.11896498222400718 0.023509029589712096
leaf_weight=1.0000345036387446 1.2262521311640737 0.76497097872197617 0.89425061643123605 0.62300245836377133 0.90459439158439636
leaf_count=7 7 6 6 6 6
internal_value=0 0.0156688 0.00386632 0.0375057 -0.0264853
internal_weight=0 4.18685 3.42188 1.62304 1.79885
internal_count=38 31 25 13 12
is_linear=0
shrinkage=0.1


Tree=25
num_leaves=6
num_cat=0
split_feature=9 14 8 9 14
split_gain=0.437834 0.477032 0.984643 0.750427 0.729828
threshold=30.500000000000004 1402.5555555555563 1.1000000000000003 12.500000000000002 151.66129898013955
decision_type=2 2 2 2 2
left_child=1 2 -1 4 -4
right_child=-2 -3 3 -5 -6
leaf_value=0.12177332553334586 -0.047506820117136639 -0.055978791836975052 0.11540449270817402 -0.062480581185331813 -0.039190274529830552
leaf_weight=0.92023099213838655 1.3790492862462995 0.71540762484073628 0.7408694811165335 1.0600172132253645 0.51950306445360184
leaf_count=9 8 3 8 6 4
internal_value=0 0.0179275 0.0342432 -0.000469875 0.0516833
internal_weight=0 3.95603 3.24062 2.32039 1.26037
internal_count=38 30 27 18 12
is_linear=0
shrinkage=0.1


Tree=26
num_leaves=7
num_cat=0
split_feature=8 15 6 15 8 15
split_gain=0.297933 0.465352 0.490783 0.351913 0.702222 0.0503385
threshold=0.55000000000000016 798.66666666666708 4.8000000000000034 765.00000000000193 1.8000000000000005 491.66666666666703
decision_type=2 2 2 2 2 2
left_child=-1 3 -3 4 -2 -6
right_child=1 2 -4 -5 5 -7
leaf_value=-0.041411788852337171 0.088312712802436091 0.13352207882677899 -0.0021527878102208064 -0.057629159454625128 -0.0083132491866611397 -0.051284923117344255
leaf_weight=1.2512206360697744 0.81499858200550157 0.576553178951144 0.49597585946321487 0.91424565017223347 0.46368557214736916 0.66152241826057434
leaf_count=7 5 7 4 5 5 5
internal_value=0 0.0146223 0.0707812 -0.00647877 0.0176238 -0.0335768
internal_weight=0 3.92698 1.07253 2.85445 1.94021 1.12521
internal_count=38 31 11 20 15 10
is_linear=0
shrinkage=0.1


Tree=27
num_leaves=6
num_cat=0
split_feature=9 8 9 14 14
split_gain=0.417347 0.474043 0.549782 0.822606 0.336985
threshold=9.5000000000000018 1.8000000000000005 30.500000000000004 1402.5555555555563 269.05128205128187
decision_type=2 2 2 2 2
left_child=-1 2 3 4 -2
right_child=1 -3 -4 -5 -6
leaf_value=0.064929502493768707 0.030342309050946481 -0.07909508016576923 -0.044923869619812151 -0.051071933472286349 0.12932516093470869
leaf_weight=0.85260590910911549 0.66023523360490866 0.83870505914092053 1.3499754853546617 0.70219963788986195 0.71796833723783493
leaf_count=9 5 6 8 3 7
internal_value=0 -0.0117032 0.00477371 0.0370225 0.0819069
internal_weight=0 4.26908 3.43038 2.0804 1.3782
internal_count=38 29 23 15 12
is_linear=0
shrinkage=0.1


Tree=28
num_leaves=7
num_cat=0
split_feature=9 6 12 9 14 6
split_gain=0.369787 0.822463 0.697245 0.524445 0.864057 0.0738173
threshold=12.500000000000002 2.7499999999999996 1.0000000180025095e-35 30.500000000000004 1402.5555555555563 1.6000000000000001
decision_type=2 2 2 2 2 2
left_child=2 3 -1 4 5 -2
right_child=1 -3 -4 -5 -6 -7
leaf_value=-0.045157093357915845 0.11903397895501802 -0.11682775823785613 0.11218308607171444 -0.040772145382919636 -0.046214507067684381 0.068207833173105401
leaf_weight=0.46556857228279114 0.60143443755805559 0.64685924351215351 0.71294914186000802 1.3392824605107305 0.69859690964221943 0.54439779371023178
leaf_count=3 6 4 9 8 3 5
internal_value=0 -0.0140289 0.0500265 0.00685759 0.0414426 0.0948859
internal_weight=0 3.83057 1.17852 3.18371 1.84443 1.14583
internal_count=38 26 12 22 14 11
is_linear=0
shrinkage=0.1


Tree=29
num_leaves=6
num_cat=0
split_feature=9 14 14 14 9
split_gain=0.324331 0.622029 0.283609 0.257742 0.348738
threshold=15.500000000000002 151.66129898013955 269.05128205128187 991.25000000000102 33.500000000000007
decision_type=2 2 2 2 2
left_child=1 -1 -2 4 -4
right_child=2 -3 3 -5 -6
leaf_value=0.1138101839703555 -0.061083391070126981 -0.023608981401076343 0.078124723146504788 -0.031333631521699011 -0.022760773250069467
leaf_weight=0.64303778670728184 0.96019409596920047 0.67533116601407528 0.74999366700649284 1.1994020491838453 0.6308571994304657
leaf_count=8 6 7 7 7 3
internal_value=0 0.0434176 -0.0146872 0.00257829 0.0320341
internal_weight=0 1.31837 3.54045 2.58025 1.38085
internal_count=38 15 23 17 10
is_linear=0
shrinkage=0.1


Tree=30
num_leaves=7
num_cat=0
split_feature=15 15 7 14 14 9
split_gain=0.277619 0.396873 0.380857 0.329232 0.120779 0.0708245
threshold=772.66666666666754 1234.3333333333323 382.33333333333036 86.44155844155847 798.33333333333405 18.500000000000004
decision_type=2 2 2 2 2 2
left_child=2 4 3 -1 -2 -4
right_child=1 -3 5 -5 -6 -7
leaf_value=-0.026562186918930392 -0.022423134354956617 0.11395507880200118 -0.079462870725863666 0.069769252837419513 0.034776740992434566 -0.034792764738817969
leaf_weight=0.76916472241282485 0.75087147951126076 0.43937773071229447 0.65147510915994622 0.65854659304022789 0.72613766044378281 0.77976743131875992
leaf_count=5 5 7 5 6 5 5
internal_value=0 0.0305184 -0.0186721 0.0178717 0.00569787 -0.0551258
internal_weight=0 1.91639 2.85895 1.42771 1.47701 1.43124
internal_count=38 17 21 11 10 10
is_linear=0
shrinkage=0.1


Tree=31
num_leaves=6
num_cat=0
split_feature=9 6 6 8 9
split_gain=0.292825 0.527412 0.326428 0.49751 0.484383
threshold=15.500000000000002 4.8000000000000034 2.1000000000000005 0.65000000000000002 30.500000000000004
decision_type=2 2 2 2 2
left_child=1 -1 3 4 -2
right_child=2 -3 -4 -5 -6
leaf_value=-0.016814568231588622 0.018475100624240608 0.11502861409410531 -0.070643833189476965 0.067591773674473749 -0.08392945424139002
leaf_weight=0.66767985559999921 1.0723514156416065 0.55613907054066658 0.78236737847328175 0.82232089899480332 0.81140655279159535
leaf_count=9 7 6 4 7 5
internal_value=0 0.0430988 -0.0137529 0.00269505 -0.0256345
internal_weight=0 1.22382 3.48845 2.70608 1.88376
internal_count=38 15 23 19 12
is_linear=0
shrinkage=0.1


Tree=32
num_leaves=6
num_cat=0
split_feature=9 6 6 8 9
split_gain=0.247527 0.940728 0.268456 0.41217 0.405351
threshold=15.500000000000002 3.9000000000000012 2.1000000000000005 0.65000000000000002 30.500000000000004
decision_type=2 2 2 2 2
left_child=1 -1 3 4 -2
right_child=2 -3 -4 -5 -6
leaf_value=-0.071165710177546831 0.016677436454264904 0.11203675556722333 -0.0645471530235186 0.062234754722009615 -0.07781785953666559
leaf_weight=0.45971702225506283 1.0693140150979168 0.71811623498797417 0.77123986184597004 0.80474892072379578 0.78883629292249668
leaf_count=6 7 9 4 7 5
internal_value=0 0.0405315 -0.0125942 0.00245267 -0.0234384
internal_weight=0 1.17783 3.43414 2.6629 1.85815
internal_count=38 15 23 19 12
is_linear=0
shrinkage=0.1


Tree=33
num_leaves=7
num_cat=0
split_feature=15 8 7 14 9 9
split_gain=0.222203 0.276303 0.439773 0.240146 0.296716 0.700037
threshold=798.66666666666708 0.55000000000000016 609.00000000000011 991.25000000000102 18.500000000000004 12.500000000000002
decision_type=2 2 2 2 2 2
left_child=3 -2 -3 4 5 -1
right_child=1 2 -4 -5 -6 -7
leaf_value=0.026525285796310284 -0.029861842598972677 0.13181814064914829 -0.0098747184620253114 -0.058839497119108575 0.039344224989120283 -0.13406930915512674
leaf_weight=0.74259595945477552 0.43416465073823907 0.48297799099236727 0.40083563141524792 0.8506447672843932 1.1501651182770727 0.42779818177223206
leaf_count=9 3 5 6 4 8 3
internal_value=0 0.035465 0.0675562 -0.013388 0.00327306 -0.0321747
internal_weight=0 1.31798 0.883814 3.1712 2.32056 1.17039
internal_count=38 14 11 24 20 12
is_linear=0
shrinkage=0.1


Tree=34
num_leaves=6
num_cat=0
split_feature=9 7 6 8 14
split_gain=0.242243 0.441536 0.712177 0.712249 0.397538
threshold=30.500000000000004 382.33333333333036 0.55000000000000004 4.75 269.05128205128187
decision_type=2 2 2 2 2
left_child=1 -1 -3 4 -4
right_child=-2 2 3 -5 -6
leaf_value=0.071395857507554381 -0.036285566568195052 -0.11203238847830461 -0.0033748732891249003 -0.064177576675089235 0.12263864345803584
leaf_weight=0.9798785857856277 1.253305774182081 0.51599914580583606 0.41582887247204758 0.60044479742646206 0.6290891645476222
leaf_count=9 8 3 4 6 8
internal_value=0 0.0157144 -0.00952938 0.0226164 0.0724911
internal_weight=0 3.14124 2.16136 1.64536 1.04492
internal_count=38 30 21 18 12
is_linear=0
shrinkage=0.1


Tree=35
num_leaves=7
num_cat=0
split_feature=15 7 14 14 6 9
split_gain=0.21377 0.214135 0.408792 0.295451 0.127312 0.513785
threshold=798.66666666666708 382.33333333333036 512.99999999999966 86.44155844155847 1.0500000000000003 18.500000000000004
decision_type=2 2 2 2 2 2
left_child=1 3 -3 -1 -2 -6
right_child=4 2 -4 -5 5 -7
leaf_value=-0.027107724049610239 0.06632970920943386 0.008848753104496088 -0.088658209855789372 0.069295383912373124 0.10767775010277794 -0.074157481695701633
leaf_weight=0.68993963673710845 0.64626505970954873 0.92122453078627564 0.80627504363656044 0.58957196585834026 0.27069321647286415 0.36480853706598282
leaf_count=5 4 8 5 6 5 5
internal_value=0 -0.0136944 -0.0366606 0.0173128 0.0350773 0.00329559
internal_weight=0 3.00701 1.7275 1.27951 1.28177 0.635502
internal_count=38 24 13 11 14 10
is_linear=0
shrinkage=0.1


Tree=36
num_leaves=6
num_cat=0
split_feature=9 7 6 6 15
split_gain=0.215516 0.342894 0.551148 0.509445 0.000874675
threshold=30.500000000000004 382.33333333333036 0.55000000000000004 2.1000000000000005 765.00000000000193
decision_type=2 2 2 2 2
left_child=1 -1 -3 -4 -5
right_child=-2 2 3 4 -6
leaf_value=0.065265709016302603 -0.03431412875365511 -0.10053742757353286 0.11121078744626496 -0.011702861286555757 -0.017344870467187426
leaf_weight=0.94239765964448485 1.2351739779114721 0.48675969243049655 0.44930502027273167 0.48775466904044129 0.6292814239859581
leaf_count=9 8 3 8 4 6
internal_value=0 0.0153274 -0.00759482 0.0212882 -0.0148813
internal_weight=0 2.9955 2.0531 1.56634 1.11704
internal_count=38 30 21 18 10
is_linear=0
shrinkage=0.1


Tree=37
num_leaves=7
num_cat=0
split_feature=15 8 7 15 9 9
split_gain=0.207985 0.225032 0.378298 0.154303 0.0655766 0.0309029
threshold=798.66666666666708 0.55000000000000016 609.00000000000011 697.66666666666674 12.500000000000002 21.500000000000004
decision_type=2 2 2 2 2 2
left_child=3 -2 -3 4 -1 -5
right_child=1 2 -4 5 -6 -7
leaf_value=0.049566553910082085 -0.024326644856377276 0.12933253348251691 -0.0066462055717542642 -0.014872715183367816 -0.0056271612845802841 -0.039641284553024347
leaf_weight=0.42618796974420581 0.42174987494945504 0.43606756348162889 0.38542796298861504 0.8977027460932735 0.43495354056358337 1.1477934159338472
leaf_count=7 3 5 6 6 4 7
internal_value=0 0.0350505 0.0655342 -0.0138215 0.0216888 -0.0287712
internal_weight=0 1.24325 0.821496 2.90664 0.861142 2.0455
internal_count=38 14 11 24 11 13
is_linear=0
shrinkage=0.1


Tree=38
num_leaves=6
num_cat=0
split_feature=9 7 15 8 8
split_gain=0.181834 0.285103 0.392006 0.232766 0.0865067
threshold=30.500000000000004 382.33333333333036 772.66666666666754 1.1000000000000003 4.75
decision_type=2 2 2 2 2
left_child=1 -1 4 -4 -3
right_child=-2 2 3 -5 -6
leaf_value=0.060801987060204656 -0.031781771821355123 -0.017764266889452717 0.11202460126300509 -0.00051540433354308791 -0.070908378438815201
leaf_weight=0.90857208706438575 1.2082104086875913 0.69582340121269204 0.33744733408093441 0.40358706936240196 0.54714022949337959
leaf_count=9 8 5 6 5 5
internal_value=0 0.0144092 -0.00683631 0.0507323 -0.0411578
internal_weight=0 2.89257 1.984 0.741034 1.24296
internal_count=38 30 21 11 10
is_linear=0
shrinkage=0.1


Tree=39
num_leaves=7
num_cat=0
split_feature=15 8 8 15 9 14
split_gain=0.185552 0.177418 0.322592 0.123475 0.0522047 0.0438071
threshold=798.66666666666708 0.55000000000000016 1.1000000000000003 697.66666666666674 12.500000000000002 991.25000000000102
decision_type=2 2 2 2 2 2
left_child=3 -2 -3 4 -1 -5
right_child=1 2 -4 5 -6 -7
leaf_value=0.04556612508286189 -0.018907503347674208 0.12795103348965395 -0.00046380233447630221 -0.015048833565684819 -0.0049331482511524652 -0.04550891208657358
leaf_weight=0.39640929177403483 0.41802870482206322 0.37959898635745049 0.40363694727420807 1.248304892331362 0.4233136959373951 0.75937415659427632
leaf_count=7 3 6 5 9 4 4
internal_value=0 0.033697 0.0617731 -0.0132168 0.0194878 -0.0265699
internal_weight=0 1.20126 0.783236 2.8274 0.819723 2.00768
internal_count=38 14 11 24 11 13
is_linear=0
shrinkage=0.1


Tree=40
num_leaves=7
num_cat=0
split_feature=15 8 6 7 8 14
split_gain=0.15448 0.151125 0.36602 0.115668 0.27369 0.335307
threshold=798.66666666666708 0.55000000000000016 4.8000000000000034 341.49999999999989 1.8000000000000005 991.25000000000102
decision_type=2 2 2 2 2 2
left_child=3 -2 -3 -1 5 -5
right_child=1 2 -4 4 -6 -7
leaf_value=0.033331834170498238 -0.01706971401187932 0.12296024645228032 -0.016668303701726127 0.054037119249442211 -0.065424329865842623 -0.041519281889848124
leaf_weight=0.46956586278975088 0.41679992526769616 0.40325814951211214 0.35128181427717209 0.71983216702938102 0.87218458019196976 0.74964003264904022
leaf_count=5 3 7 4 6 9 4
internal_value=0 0.0312589 0.0579551 -0.0119654 -0.0210488 0.00528975
internal_weight=0 1.17134 0.75454 2.81122 2.34166 1.46947
internal_count=38 14 11 24 19 10
is_linear=0
shrinkage=0.1


Tree=41
num_leaves=5
num_cat=0
split_feature=9 7 7 8
split_gain=0.200074 0.249593 0.245297 0.340303
threshold=30.500000000000004 382.33333333333036 382.833333333334 1.1000000000000003
decision_type=2 2 2 2
left_child=1 -1 -3 -4
right_child=-2 2 3 -5
leaf_value=0.059474634839785059 -0.034048644219939667 -0.045572200542572439 0.10999840413747193 -0.01235408590168182
leaf_weight=0.87665914185345251 1.1623902358114717 0.83385026641190041 0.33615120779722907 0.70214314945042133
leaf_count=9 8 7 6 8
internal_value=0 0.0154396 -0.00518049 0.0272579
internal_weight=0 2.7488 1.87214 1.03829
internal_count=38 30 21 14
is_linear=0
shrinkage=0.1


Tree=42
num_leaves=6
num_cat=0
split_feature=15 6 8 14 14
split_gain=0.146707 0.121708 0.0920903 0.387724 0.199014
threshold=798.66666666666708 1.0500000000000003 1.8000000000000005 151.66129898013955 991.25000000000102
decision_type=2 2 2 2 2
left_child=2 -2 4 -4 -1
right_child=1 -3 3 -5 -6
leaf_value=0.031342131368725032 0.061588010719624844 -0.0040210150659250226 0.01373834506266996 -0.11403825102680767 -0.037638189078454745
leaf_weight=0.98827571049332685 0.60434385389089562 0.53131939098238945 0.60936052538454522 0.38912256807088852 0.72512899339199066
leaf_count=8 4 10 8 4 4
internal_value=0 0.0308929 -0.0119183 -0.0360579 0.00214901
internal_weight=0 1.13566 2.71189 0.998483 1.7134
internal_count=38 14 24 12 12
is_linear=0
shrinkage=0.1


Tree=43
num_leaves=7
num_cat=0
split_feature=15 8 7 15 6 8
split_gain=0.120724 0.132831 0.337976 0.0820883 0.168802 0.0271662
threshold=798.66666666666708 0.55000000000000016 609.00000000000011 697.66666666666674 2.7499999999999996 0.84999999999999998
decision_type=2 2 2 2 2 2
left_child=3 -2 -3 4 -1 -5
right_child=1 2 -4 5 -6 -7
leaf_value=-0.02240688010395752 -0.017061829315225215 0.12095093003272764 -0.01676688881328631 -0.0090048068761095883 0.073884496466696759 -0.032969256673538984
leaf_weight=0.44550853222608644 0.41331345587968804 0.36755152000114322 0.34590275771915913 0.86926042288541783 0.30786124803125858 1.0377749055624006
leaf_count=4 3 5 6 6 7 7
internal_value=0 0.0280485 0.0541814 -0.0110053 0.0169422 -0.0220458
internal_weight=0 1.12677 0.713454 2.66041 0.75337 1.90704
internal_count=38 14 11 24 11 13
is_linear=0
shrinkage=0.1


Tree=44
num_leaves=5
num_cat=0
split_feature=9 9 9 6
split_gain=0.207009 0.229053 0.236616 0.682815
threshold=30.500000000000004 24.500000000000004 15.500000000000002 3.9000000000000012
decision_type=2 2 2 2
left_child=1 2 3 -1
right_child=-2 -3 -4 -5
leaf_value=-0.076849017754282462 -0.035038072611060518 0.064098066365503609 -0.033730031258287628 0.10913839271603309
leaf_weight=0.32079701218754131 1.1344012804329393 0.72053737146779884 1.0517105767503379 0.51314973086118698
leaf_count=6 8 6 9 9
internal_value=0 0.0161393 -0.00218641 0.037594
internal_weight=0 2.60619 1.88566 0.833947
internal_count=38 30 24 15
is_linear=0
shrinkage=0.1


Tree=45
num_leaves=6
num_cat=0
split_feature=9 8 9 15 13
split_gain=0.170679 0.203932 0.700558 0.272764 0.0330939
threshold=30.500000000000004 1.8000000000000005 12.500000000000002 765.00000000000193 1.5000000000000002
decision_type=2 2 2 2 2
left_child=1 3 4 -1 -3
right_child=-2 2 -4 -5 -6
leaf_value=0.075025778764253814 -0.031737460604851248 0.012682476332128096 -0.1337595595242978 -0.010753568316137647 0.058309644078437473
leaf_weight=0.86619319021701879 1.1275189891457555 0.26014371216297127 0.35177882015705109 0.64803477004170418 0.40871892496943474
leaf_count=6 8 3 3 9 9
internal_value=0 0.0150287 -0.0195194 0.0383153 0.0405637
internal_weight=0 2.53487 1.02064 1.51423 0.668863
internal_count=38 30 15 15 12
is_linear=0
shrinkage=0.1


Tree=46
num_leaves=8
num_cat=0
split_feature=9 6 9 14 14 6 9
split_gain=0.139675 0.18442 0.848123 0.330692 0.266681 0.160925 0.000490342
threshold=30.500000000000004 2.7499999999999996 15.500000000000002 1402.5555555555563 151.66129898013955 2.1000000000000005 27.500000000000004
decision_type=2 2 2 2 2 2 2
left_child=1 3 4 5 -3 6 -1
right_child=-2 2 -4 -5 -6 -7 -8
leaf_value=0.1071067734825937 -0.028729483542669656 0.10830297713802267 -0.13637762896055486 -0.022435875419882824 -0.023643344193224378 0.023916520781219672 0.11323125734541409
leaf_weight=0.25373854907229609 1.1213543862104414 0.36203541327267863 0.38288170099258423 0.57877883315086365 0.26552049815654755 0.36733562499284744 0.26964673027396202
leaf_count=7 8 8 2 3 4 3 3
internal_value=0 0.0138007 -0.0190856 0.0364134 0.0524762 0.074653 0.110262
internal_weight=0 2.47994 1.01044 1.4695 0.627556 0.890721 0.523385
internal_count=38 30 14 16 12 13 10
is_linear=0
shrinkage=0.1


Tree=47
num_leaves=7
num_cat=0
split_feature=15 9 9 14 9 9
split_gain=0.158348 0.564444 0.123378 0.0895544 0.328864 0.397219
threshold=798.66666666666708 36.500000000000007 30.500000000000004 512.99999999999966 18.500000000000004 12.500000000000002
decision_type=2 2 2 2 2 2
left_child=3 2 -2 4 5 -1
right_child=1 -3 -4 -5 -6 -7
leaf_value=0.016718503667554677 0.014679538596217224 0.1324824402585445 -0.07125735565303877 -0.036118210625999195 0.05968682079387571 -0.12617859060037379
leaf_weight=0.50721838418394394 0.40720435744151451 0.37005873024463654 0.28328558057546616 1.0165519341826437 0.59123092889785767 0.31554702669382095
leaf_count=9 9 2 3 7 5 3
internal_value=0 0.0328299 -0.0205776 -0.0134795 0.00279587 -0.0380854
internal_weight=0 1.06055 0.69049 2.43055 1.414 0.822765
internal_count=38 14 12 24 17 12
is_linear=0
shrinkage=0.1


Tree=48
num_leaves=6
num_cat=0
split_feature=9 7 14 8 15
split_gain=0.139825 0.219688 0.673327 0.370768 0.32917
threshold=30.500000000000004 382.33333333333036 1402.5555555555563 4.75 866.83333333333405
decision_type=2 2 2 2 2
left_child=1 -1 3 4 -3
right_child=-2 2 -4 -5 -6
leaf_value=0.060387683595167913 -0.02915023779284788 0.11815251785407158 -0.13023160280651039 -0.045308504269825245 -0.011931782695651337
leaf_weight=0.71724428981542665 1.0826946645975111 0.50056222453713395 0.34398746490478505 0.45106189884245396 0.31816437700763345
leaf_count=9 8 6 2 6 7
internal_value=0 0.0143389 -0.00612759 0.0274924 0.0676006
internal_weight=0 2.33102 1.61378 1.26979 0.818727
internal_count=38 30 21 19 13
is_linear=0
shrinkage=0.1


Tree=49
num_leaves=5
num_cat=0
split_feature=9 7 6 14
split_gain=0.115421 0.180927 0.387625 0.343941
threshold=30.500000000000004 382.33333333333036 0.55000000000000004 269.05128205128187
decision_type=2 2 2 2
left_child=1 -1 -3 -4
right_child=-2 2 3 -5
leaf_value=0.055472136850047593 -0.026369842406156543 -0.094930457694294201 -0.023225200811555199 0.086677064475064999
leaf_weight=0.70347317587584335 1.0774575024843214 0.37019420787692059 0.68524886667728402 0.48721781047061086
leaf_count=9 8 3 9 9
internal_value=0 0.0134436 -0.00572202 0.0224446
internal_weight=0 2.24613 1.54266 1.17247
internal_count=38 30 21 18
is_linear=0
shrinkage=0.1


Tree=50
num_leaves=6
num_cat=0
split_feature=9 6 9 7 14
split_gain=0.108972 0.223291 0.189817 0.466066 0.343388
threshold=9.5000000000000018 2.7499999999999996 30.500000000000004 382.33333333333036 847.77777777777794
decision_type=2 2 2 2 2
left_child=-1 2 3 -2 -5
right_child=1 -3 -4 4 -6
leaf_value=0.048723123305393301 0.1371341561186907 -0.064524300157718081 -0.02384161044069295 0.048480105355346519 -0.074989927094552447
leaf_weight=0.41000519786030087 0.32214524596929617 0.53692559525370587 1.0728009790182111 0.54614899214357138 0.3833559132181108
leaf_count=9 2 6 8 9 4
internal_value=0 -0.00640091 0.00702503 0.0334811 -0.00244267
internal_weight=0 2.86138 2.32445 1.25165 0.929505
internal_count=38 29 23 15 13
is_linear=0
shrinkage=0.1


Tree=51
num_leaves=7
num_cat=0
split_feature=15 9 9 9 9 9
split_gain=0.201503 0.622828 0.487142 0.350761 0.347179 0.0954073
threshold=798.66666666666708 30.500000000000004 36.500000000000007 18.500000000000004 12.500000000000002 30.500000000000004
decision_type=2 2 2 2 2 2
left_child=1 3 5 4 -1 -2
right_child=2 -3 -4 -5 -6 -7
leaf_value=0.01251184745753909 0.017609987441942695 -0.12304650890942492 0.13080219369013946 0.050233619242536665 -0.12477493553616099 -0.059555650884426208
leaf_weight=0.48349453601986236 0.39594711689278461 0.43953400850296009 0.35998791456222534 0.97061731293797493 0.297572061419487 0.26913660019636154
leaf_count=9 9 3 2 9 3 3
internal_value=0 -0.0166143 0.037101 0.0100917 -0.0397919 -0.0136163
internal_weight=0 2.19122 1.02507 1.75168 0.781067 0.665084
internal_count=38 24 14 21 12 12
is_linear=0
shrinkage=0.1


Tree=52
num_leaves=7
num_cat=0
split_feature=15 9 9 9 8 14
split_gain=0.170588 0.431482 0.480832 0.0730291 0.167272 0.283107
threshold=798.66666666666708 36.500000000000007 18.500000000000004 27.500000000000004 1.8000000000000005 151.66129898013955
decision_type=2 2 2 2 2 2
left_child=3 2 -2 4 -1 -6
right_child=1 -3 -4 -5 5 -7
leaf_value=0.02930945065964384 0.10518850181653257 0.12702602761588555 -0.074556278982882238 -0.04496920503372237 0.013197572619048852 -0.11141004401028753
leaf_weight=0.75877435877919264 0.22747954726219166 0.33490951359272003 0.43043598160147667 0.60502494499087323 0.45150906499475241 0.3058357834815979
leaf_count=6 6 2 6 6 8 4
internal_value=0 0.0346272 -0.0124081 -0.0155966 -0.00387509 -0.0371223
internal_weight=0 0.992825 0.657916 2.12114 1.51612 0.757345
internal_count=38 14 12 24 18 12
is_linear=0
shrinkage=0.1


Tree=53
num_leaves=7
num_cat=0
split_feature=15 9 9 9 8 14
split_gain=0.146637 0.380658 0.41799 0.0589679 0.139817 0.257245
threshold=798.66666666666708 36.500000000000007 18.500000000000004 27.500000000000004 1.8000000000000005 151.66129898013955
decision_type=2 2 2 2 2 2
left_child=3 2 -2 4 -1 -6
right_child=1 -3 -4 -5 5 -7
leaf_value=0.026467609457130805 0.10467468767984614 0.12380247782337864 -0.069101776802300591 -0.040787214702424503 0.011928288887969712 -0.11023045268882643
leaf_weight=0.75635432451963491 0.20679081417620171 0.3105195164680481 0.41861524851992726 0.60060060396790493 0.44969894364476204 0.2795412614941597
leaf_count=6 6 2 6 6 8 4
internal_value=0 0.0332952 -0.0116425 -0.0143456 -0.00365573 -0.0348991
internal_weight=0 0.935926 0.625406 2.0862 1.48559 0.72924
internal_count=38 14 12 24 18 12
is_linear=0
shrinkage=0.1


Tree=54
num_leaves=6
num_cat=0
split_feature=15 9 9 9 8
split_gain=0.126018 0.337191 0.0638093 0.0435143 0.0322505
threshold=798.66666666666708 36.500000000000007 12.500000000000002 30.500000000000004 0.84999999999999998
decision_type=2 2 2 2 2
left_child=2 3 -1 -2 -4
right_child=1 -3 4 -5 -6
leaf_value=0.020419305170983188 0.012362771710301586 0.12103107102543342 -0.011121625115763407 -0.042278715865373566 -0.040135260637999284
leaf_weight=0.44330714363604862 0.3425850486382841 0.28707024455070496 0.9835839159786699 0.25365128368139267 0.62755890376865864
leaf_count=9 9 2 9 3 6
internal_value=0 0.0319885 -0.0131784 -0.0108828 -0.0224228
internal_weight=0 0.883307 2.05445 0.596236 1.61114
internal_count=38 14 24 12 15
is_linear=0
shrinkage=0.1


Tree=55
num_leaves=6
num_cat=0
split_feature=15 7 14 9 9
split_gain=0.105193 0.277422 0.0532042 0.208406 0.239863
threshold=798.66666666666708 624.16666666666617 512.99999999999966 18.500000000000004 9.5000000000000018
decision_type=2 2 2 2 2
left_child=2 -2 3 4 -1
right_child=1 -3 -4 -5 -6
leaf_value=0.035087271710551246 -0.0092730373465449694 0.11261059579847255 -0.030585647516420816 0.052774864587762149 -0.083682875995463479
leaf_weight=0.29674923140555687 0.58221518294885743 0.27492891065776348 0.87386037781834591 0.47874182462692261 0.39822462759912014
leaf_count=7 9 5 7 5 5
internal_value=0 0.0298211 -0.0119041 0.00200481 -0.0329688
internal_weight=0 0.857144 2.04758 1.17372 0.694974
internal_count=38 14 24 17 12
is_linear=0
shrinkage=0.1


Tree=56
num_leaves=6
num_cat=0
split_feature=9 7 6 8 8
split_gain=0.105003 0.15365 0.369205 0.246856 0.0674984
threshold=30.500000000000004 382.33333333333036 0.55000000000000004 1.1000000000000003 4.75
decision_type=2 2 2 2 2
left_child=1 -1 -3 -4 -5
right_child=-2 2 3 4 -6
leaf_value=0.054050402861976411 -0.02843123976265188 -0.095459736644477017 0.1061908448018592 0.025412880823864566 -0.035272577395226989
leaf_weight=0.62762987427413497 0.87497860193252552 0.34283211827278126 0.27145170560106613 0.36057673580944538 0.3727612029761076
leaf_count=9 8 3 8 4 6
internal_value=0 0.013182 -0.00585174 0.0247223 -0.005434
internal_weight=0 1.97525 1.34762 1.00479 0.733338
internal_count=38 30 21 18 10
is_linear=0
shrinkage=0.1


Tree=57
num_leaves=7
num_cat=0
split_feature=15 8 6 9 8 14
split_gain=0.0952142 0.0773752 0.248145 0.0560473 0.124116 0.222966
threshold=798.66666666666708 0.55000000000000016 4.8000000000000034 27.500000000000004 1.8000000000000005 151.66129898013955
decision_type=2 2 2 2 2 2
left_child=3 -2 -3 4 -1 -6
right_child=1 2 -4 -5 5 -7
leaf_value=0.028189366186884848 -0.013636072253254059 0.11253097920185812 -0.022028735191712639 -0.038070361341916076 0.011337598604096957 -0.10897877844251519
leaf_weight=0.71426161378622077 0.28545090556144703 0.29729342320933938 0.25426002964377403 0.57005278766155232 0.43036177009344101 0.23987441137433052
leaf_count=6 3 7 4 6 8 4
internal_value=0 0.0286274 0.0505004 -0.0116802 -0.00081428 -0.0317231
internal_weight=0 0.837004 0.551553 1.95455 1.3845 0.670236
internal_count=38 14 11 24 18 12
is_linear=0
shrinkage=0.1


Tree=58
num_leaves=6
num_cat=0
split_feature=9 6 14 8 9
split_gain=0.106191 0.443345 0.231701 0.133686 0.125791
threshold=15.500000000000002 3.9000000000000012 269.05128205128187 0.55000000000000016 30.500000000000004
decision_type=2 2 2 2 2
left_child=1 -1 -2 -4 -5
right_child=2 -3 3 4 -6
leaf_value=-0.077396372892403975 -0.062211002802557938 0.10672442168918633 -0.030205614610866155 0.06068896106362083 -0.0099565406779074245
leaf_weight=0.20669386535882983 0.60506632551550898 0.3560676509514451 0.53079929575324047 0.60956487804651238 0.42973342537879944
leaf_count=6 6 9 5 8 4
internal_value=0 0.0390996 -0.00963592 0.0106249 0.0314782
internal_weight=0 0.562762 2.17516 1.5701 1.0393
internal_count=38 15 23 17 12
is_linear=0
shrinkage=0.1


Tree=59
num_leaves=6
num_cat=0
split_feature=9 6 14 8 15
split_gain=0.0926443 0.393608 0.190702 0.109194 0.117572
threshold=15.500000000000002 3.9000000000000012 269.05128205128187 0.55000000000000016 765.00000000000193
decision_type=2 2 2 2 2
left_child=1 -1 -2 -4 -5
right_child=2 -3 3 4 -6
leaf_value=-0.072880968181935249 -0.056838753975691936 0.10606912888968108 -0.027293743420521585 0.062940823125925124 -0.0046328791350505449
leaf_weight=0.19801722560077939 0.59650373086333308 0.3240722119808197 0.52879748120903958 0.50676174089312531 0.52344128582626581
leaf_count=6 6 9 5 5 7
internal_value=0 0.0381972 -0.00875268 0.00964599 0.0286069
internal_weight=0 0.522089 2.1555 1.559 1.0302
internal_count=38 15 23 17 12
is_linear=0
shrinkage=0.1


Tree=60
num_leaves=6
num_cat=0
split_feature=9 6 14 8 8
split_gain=0.0807684 0.349555 0.156616 0.0961782 0.0229948
threshold=15.500000000000002 3.9000000000000012 269.05128205128187 0.65000000000000002 0.55000000000000016
decision_type=2 2 2 2 2
left_child=1 -1 -2 4 -4
right_child=2 -3 3 -5 -6
leaf_value=-0.068311286665159621 -0.051825363590279887 0.1054790920481094 -0.024647865753118919 0.040914126299823883 0.0062636813197825651
leaf_weight=0.19054198171943459 0.58919215761125121 0.29478930681943893 0.52710111439228036 0.58099274896085262 0.44282482005655766
leaf_count=6 6 9 5 7 5
internal_value=0 0.0372487 -0.00793533 0.00873844 -0.010535
internal_weight=0 0.485331 2.14011 1.55092 0.969926
internal_count=38 15 23 17 10
is_linear=0
shrinkage=0.1


Tree=61
num_leaves=7
num_cat=0
split_feature=15 9 7 6 6 9
split_gain=0.102215 0.290763 0.0459216 0.217081 0.165503 0.0335571
threshold=798.66666666666708 36.500000000000007 382.33333333333036 0.55000000000000004 1.6000000000000001 30.500000000000004
decision_type=2 2 2 2 2 2
left_child=2 5 3 -1 -4 -2
right_child=1 -3 4 -5 -6 -7
leaf_value=0.056986227950243731 0.0096261967733679548 0.11783965402308072 -0.061952563536847041 -0.048838987886842676 0.018731498551412151 -0.04200120640336346
leaf_weight=0.40074641257524524 0.29409637395292509 0.25668574869632721 0.57697944715619065 0.375438183080405 0.45449419226497412 0.22013859823346138
leaf_count=3 9 2 6 8 7 3
internal_value=0 0.0309146 -0.0125748 0.00579889 -0.0264011 -0.012475
internal_weight=0 0.770921 1.80766 0.776185 1.03147 0.514235
internal_count=38 14 24 11 13 12
is_linear=0
shrinkage=0.1


Tree=62
num_leaves=5
num_cat=0
split_feature=15 15 9 8
split_gain=0.0856279 0.264398 0.0519641 0.0310708
threshold=798.66666666666708 1234.3333333333323 9.5000000000000018 0.84999999999999998
decision_type=2 2 2 2
left_child=2 -2 -1 -4
right_child=1 -3 3 -5
leaf_value=0.033297190728219198 -0.014433196021870874 0.11059465831740961 -0.0061291497589486483 -0.03476943014086406
leaf_weight=0.22678930358961258 0.48839461803436268 0.25874853599816561 0.91979461163282372 0.64400118868798018
leaf_count=7 7 7 9 8
internal_value=0 0.0288661 -0.0114363 -0.0179238
internal_weight=0 0.747143 1.79059 1.5638
internal_count=38 14 24 17
is_linear=0
shrinkage=0.1


Tree=63
num_leaves=7
num_cat=0
split_feature=15 8 8 14 8 14
split_gain=0.0716911 0.0606615 0.162339 0.0524412 0.123463 0.162036
threshold=798.66666666666708 0.55000000000000016 1.1000000000000003 991.25000000000102 1.8000000000000005 151.66129898013955
decision_type=2 2 2 2 2 2
left_child=3 -2 -3 4 -1 -6
right_child=1 2 -4 -5 5 -7
leaf_value=0.029034643906207514 -0.012210829099619866 0.11071331558092057 -0.0071964105876956147 -0.036238851565567491 0.0063786518768935005 -0.10694334630789011
leaf_weight=0.69350019469857238 0.25564269348978985 0.22076270682737231 0.24787635914981365 0.5433773100376128 0.3497803183272481 0.19737964868545532
leaf_count=8 3 6 5 4 8 4
internal_value=0 0.0269728 0.0483476 -0.0103323 0.00101415 -0.0345005
internal_weight=0 0.724282 0.468639 1.78404 1.24066 0.54716
internal_count=38 14 11 24 20 12
is_linear=0
shrinkage=0.1


Tree=64
num_leaves=8
num_cat=0
split_feature=9 6 9 7 14 14 6
split_gain=0.115802 0.135107 0.47807 0.293246 0.629769 0.138998 0.0811718
threshold=30.500000000000004 2.7499999999999996 15.500000000000002 382.33333333333036 1402.5555555555563 151.66129898013955 2.1000000000000005
decision_type=2 2 2 2 2 2 2
left_child=1 3 5 -1 6 -3 -5
right_child=-2 2 -4 4 -6 -7 -8
leaf_value=0.12480283495627409 -0.03181403834906734 0.10503774699314171 -0.12032459671492893 0.10612074175439397 -0.11938099024008382 -0.022135848796700906 0.02601779020032275
leaf_weight=0.27935561537742637 0.7674669325351714 0.216866792179644 0.27627564966678619 0.28260435978882015 0.2662200927734375 0.14236043952405453 0.22902676090598106
leaf_count=2 8 8 2 9 2 4 3
internal_value=0 0.0150155 -0.0214237 0.0369197 0.0053575 0.0546393 0.0702634
internal_weight=0 1.69271 0.635503 1.05721 0.777851 0.359227 0.511631
internal_count=38 30 14 16 14 12 12
is_linear=0
shrinkage=0.1


Tree=65
num_leaves=8
num_cat=0
split_feature=9 6 9 7 14 6 6
split_gain=0.0966902 0.117753 0.42242 0.260653 0.552053 0.130432 0.081605
threshold=30.500000000000004 2.7499999999999996 15.500000000000002 382.33333333333036 1402.5555555555563 4.8000000000000034 2.1000000000000005
decision_type=2 2 2 2 2 2 2
left_child=1 3 5 -1 6 -3 -5
right_child=-2 2 -4 4 -6 -7 -8
leaf_value=0.12201270586459437 -0.028814677838068861 -0.020655634145069397 -0.1180335493220801 0.10552178093119367 -0.11721552471335434 0.1050603428032969 0.023429146582498259
leaf_weight=0.25825279951095603 0.76287436857819546 0.14199639763683081 0.25458626449108124 0.25708840880542994 0.24510650336742401 0.19705840852111578 0.22890570759773254
leaf_count=2 8 6 2 9 2 6 3
internal_value=0 0.0145241 -0.0206854 0.0356509 0.00514458 0.0524104 0.0668557
internal_weight=0 1.58299 0.593641 0.989353 0.731101 0.339055 0.485994
internal_count=38 30 14 16 14 12 12
is_linear=0
shrinkage=0.1


Tree=66
num_leaves=6
num_cat=0
split_feature=15 15 8 14 14
split_gain=0.0875966 0.219983 0.0357315 0.146459 0.0782201
threshold=798.66666666666708 1234.3333333333323 1.8000000000000005 151.66129898013955 991.25000000000102
decision_type=2 2 2 2 2
left_child=2 -2 4 -4 -1
right_child=1 -3 3 -5 -6
leaf_value=0.020814357625923745 -0.01048729039762572 0.11050334226101022 0.0077192336065138537 -0.10621644045832002 -0.03328634761937356
leaf_weight=0.62172973528504394 0.44081012066453684 0.22800232702866197 0.29973267763853062 0.18092579115182161 0.46872586756944656
leaf_count=8 7 7 8 4 4
internal_value=0 0.0307592 -0.0124529 -0.0351676 -0.00244051
internal_weight=0 0.668812 1.57111 0.480658 1.09046
internal_count=38 14 24 12 12
is_linear=0
shrinkage=0.1


Tree=67
num_leaves=8
num_cat=0
split_feature=9 6 9 7 14 14 6
split_gain=0.0982746 0.108276 0.381514 0.227449 0.483737 0.116064 0.0705422
threshold=30.500000000000004 2.7499999999999996 15.500000000000002 382.33333333333036 1402.5555555555563 151.66129898013955 2.1000000000000005
decision_type=2 2 2 2 2 2 2
left_child=1 3 5 -1 6 -3 -5
right_child=-2 2 -4 4 -6 -7 -8
leaf_value=0.12019941971178852 -0.029100555278978941 0.10404978884861529 -0.11606938771767079 0.10491819781784772 -0.11482532908245663 -0.020668342410715437 0.025532141325277896
leaf_weight=0.2400232180953028 0.74502387270331372 0.18301063310354948 0.23398491740226746 0.23012719862163067 0.21976026147603989 0.12598265521228313 0.21793863549828529
leaf_count=2 8 8 2 9 2 4 3
internal_value=0 0.0155811 -0.0197432 0.0367083 0.00670074 0.0531997 0.0663049
internal_weight=0 1.45083 0.542978 0.907849 0.667826 0.308993 0.448066
internal_count=38 30 14 16 14 12 12
is_linear=0
shrinkage=0.1


Tree=68
num_leaves=8
num_cat=0
split_feature=15 9 9 9 8 14 9
split_gain=0.0902017 0.432745 0.242373 0.188967 0.176916 0.130289 0.109886
threshold=798.66666666666708 30.500000000000004 36.500000000000007 18.500000000000004 0.55000000000000016 151.66129898013955 18.500000000000004
decision_type=2 2 2 2 2 2 2
left_child=1 3 4 5 -2 -1 -6
right_child=2 -3 -4 -5 6 -7 -8
leaf_value=0.0068364756412768127 -0.10971518798978908 -0.11498901991507243 0.11495516804720692 0.048238194644154291 0.10291859865631087 -0.10559733301662576 -0.023774191103529359
leaf_weight=0.27352953609079145 0.13124306127428997 0.32503754645586003 0.22623983025550842 0.69690929166972637 0.12074237689375877 0.16538185067474842 0.15810488676652312
leaf_count=8 2 3 2 9 6 4 4
internal_value=0 -0.013247 0.0318638 0.0158685 -0.0139763 -0.0355286 0.0310845
internal_weight=0 1.46086 0.63633 1.13582 0.41009 0.438911 0.278847
internal_count=38 24 14 21 12 12 10
is_linear=0
shrinkage=0.1


Tree=69
num_leaves=8
num_cat=0
split_feature=15 9 9 9 9 6 6
split_gain=0.0786897 0.384631 0.216746 0.157071 0.180061 0.024169 0.0346236
threshold=798.66666666666708 30.500000000000004 36.500000000000007 18.500000000000004 12.500000000000002 1.0500000000000003 4.8000000000000034
decision_type=2 2 2 2 2 2 2
left_child=1 3 5 4 -1 -2 -7
right_child=2 -3 -4 -5 -6 6 -8
leaf_value=0.020228001083134127 -0.050309051233962815 -0.11337697289304272 0.11333132609290418 0.044113468029513991 -0.112708443089634 0.045353373044363474 -0.027630710779071494
leaf_weight=0.25292893545702122 0.12139238789677609 0.29807289689779271 0.20749256014823914 0.68644296564161777 0.17062483448535204 0.11348542990162969 0.15214195754379034
leaf_count=9 2 3 2 9 3 6 4
internal_value=0 -0.0125192 0.030868 0.0145647 -0.0333243 -0.0133429 0.00355068
internal_weight=0 1.40807 0.594512 1.11 0.423554 0.38702 0.265627
internal_count=38 24 14 21 12 12 10
is_linear=0
shrinkage=0.1


Tree=70
num_leaves=8
num_cat=0
split_feature=15 9 9 8 8 14 6
split_gain=0.0671819 0.342453 0.195408 0.15706 0.130523 0.125289 0.109077
threshold=798.66666666666708 30.500000000000004 36.500000000000007 0.55000000000000016 1.8000000000000005 151.66129898013955 4.8000000000000034
decision_type=2 2 2 2 2 2 2
left_child=1 4 3 -2 -1 -6 -5
right_child=2 -3 -4 6 5 -7 -8
leaf_value=0.040260138724756887 -0.10827974734002804 -0.11195608025556032 0.11190310082580071 0.10467739370258673 0.010313803147334382 -0.1050616475080942 -0.024941010484351871
leaf_weight=0.67742747068405129 0.11769594997167598 0.272954761981964 0.19002018123865128 0.11348601174540818 0.26074776146560907 0.14728664979338646 0.15171849261969328
leaf_count=9 2 3 2 6 8 4 4
internal_value=0 -0.0118303 0.0290008 -0.0121407 0.0133477 -0.0313328 0.0305252
internal_weight=0 1.35842 0.572921 0.3829 1.08546 0.408034 0.265205
internal_count=38 24 14 12 21 12 10
is_linear=0
shrinkage=0.1


Tree=71
num_leaves=6
num_cat=0
split_feature=9 6 14 8 8
split_gain=0.0572969 0.219919 0.0968405 0.0755989 0.0191332
threshold=15.500000000000002 3.9000000000000012 269.05128205128187 0.65000000000000002 0.55000000000000016
decision_type=2 2 2 2 2
left_child=1 -1 -2 4 -4
right_child=2 -3 3 -5 -6
leaf_value=-0.065271455663761635 -0.049732166567968333 0.10349954560052695 -0.02820322376421297 0.040735831779182177 0.0050702993085013307
leaf_weight=0.12582993041723978 0.40631369315087784 0.19981391215696931 0.3769869692623613 0.42090322892181575 0.31910060776863247
leaf_count=6 6 9 5 7 5
internal_value=0 0.0382858 -0.00792706 0.00727985 -0.01295
internal_weight=0 0.325644 1.5233 1.11699 0.696088
internal_count=38 15 23 17 10
is_linear=0
shrinkage=0.1


Tree=72
num_leaves=8
num_cat=0
split_feature=15 9 9 8 8 9 6
split_gain=0.0600788 0.305936 0.17257 0.136804 0.113174 0.157286 0.100279
threshold=798.66666666666708 30.500000000000004 36.500000000000007 0.55000000000000016 1.8000000000000005 12.500000000000002 4.8000000000000034
decision_type=2 2 2 2 2 2 2
left_child=1 4 3 -2 -1 -6 -5
right_child=2 -3 -4 6 5 -7 -8
leaf_value=0.037145310973385741 -0.10724047542293585 -0.11077434835399154 0.11056976479917489 0.10410815031560171 0.021395680741140937 -0.11106732360291799 -0.025289817444173662
leaf_weight=0.66772708669304826 0.10469801723957073 0.24963385239243496 0.17289657890796661 0.10356186819262803 0.22407936351373792 0.14940837165340781 0.14201999176293612
leaf_count=9 2 3 2 6 9 3 4
internal_value=0 -0.0113492 0.0288225 -0.0115276 0.0124882 -0.0315942 0.0292773
internal_weight=0 1.29085 0.523176 0.35028 1.04121 0.373488 0.245582
internal_count=38 24 14 12 21 12 10
is_linear=0
shrinkage=0.1


Tree=73
num_leaves=7
num_cat=0
split_feature=15 9 8 14 8 14
split_gain=0.0524243 0.155119 0.122222 0.0488416 0.068932 0.109262
threshold=798.66666666666708 36.500000000000007 0.55000000000000016 991.25000000000102 1.8000000000000005 151.66129898013955
decision_type=2 2 2 2 2 2
left_child=3 2 -2 4 -1 -6
right_child=1 -3 -4 -5 5 -7
leaf_value=0.028352335536106877 -0.10651493183921537 0.10946337802372375 0.027662958666010585 -0.038695607327713676 0.010974445194002556 -0.1043734860402139
leaf_weight=0.4731731805950401 0.095347015187144391 0.1579434797167778 0.23572189640253782 0.41577409207820892 0.23270558565855026 0.12690299190580845
leaf_count=8 2 2 10 4 8 4
internal_value=0 0.0279214 -0.0109799 -0.010704 0.00327105 -0.0297309
internal_weight=0 0.489012 0.331069 1.24856 0.832782 0.359609
internal_count=38 14 12 24 20 12
is_linear=0
shrinkage=0.1


Tree=74
num_leaves=7
num_cat=0
split_feature=9 14 6 9 14 14
split_gain=0.0568428 0.0693559 0.192297 0.0799386 0.129402 6.73341e-06
threshold=30.500000000000004 1402.5555555555563 2.1000000000000005 15.500000000000002 151.66129898013955 269.05128205128187
decision_type=2 2 2 2 2 2
left_child=1 2 5 4 -4 -1
right_child=-2 -3 3 -5 -6 -7
leaf_value=0.10519369313069422 -0.027930787064245489 -0.024705274875786689 0.1030759148256347 -0.036427716626564306 -0.033851108114177651 0.10412163249716491
leaf_weight=0.1133958864957092 0.50600418634712707 0.35777118057012558 0.14318500086665154 0.3183868695050478 0.13324428256601095 0.12120980687905103
leaf_count=3 8 3 8 4 5 7
internal_value=0 0.0120963 0.0279706 -0.00226902 0.0370744 0.10464
internal_weight=0 1.18719 0.829422 0.594816 0.276429 0.234606
internal_count=38 30 27 17 13 10
is_linear=0
shrinkage=0.1


Tree=75
num_leaves=6
num_cat=0
split_feature=15 7 7 14 14
split_gain=0.0499445 0.125013 0.0420122 0.188074 0.134071
threshold=798.66666666666708 624.16666666666617 382.33333333333036 512.99999999999966 86.44155844155847
decision_type=2 2 2 2 2
left_child=2 -2 4 -4 -1
right_child=1 -3 3 -5 -6
leaf_value=-0.037180409843199383 -0.0064763211739250568 0.10650304232485233 0.031734553832013616 -0.073404086241442318 0.066581954051163503
leaf_weight=0.26563962502405025 0.31922264827881019 0.14128751051612198 0.30655250139534473 0.38234299048781395 0.23441024217754602
leaf_count=5 9 5 8 5 6
internal_value=0 0.0281865 -0.010603 -0.0266183 0.0114607
internal_weight=0 0.46051 1.18895 0.688895 0.50005
internal_count=38 14 24 13 11
is_linear=0
shrinkage=0.1


Tree=76
num_leaves=6
num_cat=0
split_feature=9 7 14 14 14
split_gain=0.0523656 0.089491 0.314522 0.127783 0.149957
threshold=30.500000000000004 382.33333333333036 1402.5555555555563 269.05128205128187 213.33646616541344
decision_type=2 2 2 2 2
left_child=1 -1 3 4 -3
right_child=-2 2 -4 -5 -6
leaf_value=0.053036604304303563 -0.027135994312578196 0.052449677394067522 -0.11341860370019985 0.085273495431466062 -0.086374456060592408
leaf_weight=0.36211135797202565 0.48786876536905777 0.17046382836997509 0.20461528748273849 0.24676480167545378 0.14315436128526926
leaf_count=9 8 7 2 9 3
internal_value=0 0.0120808 -0.00730562 0.0314399 -0.0109181
internal_weight=0 1.12711 0.764998 0.560383 0.313618
internal_count=38 30 21 19 10
is_linear=0
shrinkage=0.1


Tree=77
num_leaves=7
num_cat=0
split_feature=15 9 8 9 9 14
split_gain=0.0513394 0.136158 0.104213 0.028168 0.125574 0.0624924
threshold=798.66666666666708 36.500000000000007 0.55000000000000016 18.500000000000004 12.500000000000002 991.25000000000102
decision_type=2 2 2 2 2 2
left_child=3 2 -2 4 -1 -5
right_child=1 -3 -4 5 -6 -7
leaf_value=0.016168135836529228 -0.1055196066016425 0.10854863665733686 0.026966067771371061 0.025084520701276515 -0.10987965776876568 -0.031097631178075548
leaf_weight=0.19117662752978481 0.082135513424873463 0.14483911544084549 0.21423124184366316 0.42577352374792099 0.13474240340292454 0.37006330862641335
leaf_count=9 2 2 10 8 3 4
internal_value=0 0.0290843 -0.0097512 -0.0111809 -0.0359429 -0.00104012
internal_weight=0 0.441206 0.296367 1.12176 0.325919 0.795837
internal_count=38 14 12 24 12 12
is_linear=0
shrinkage=0.1


Tree=78
num_leaves=6
num_cat=0
split_feature=9 7 14 14 14
split_gain=0.0524314 0.0860737 0.267031 0.117356 0.12854
threshold=30.500000000000004 382.33333333333036 1402.5555555555563 269.05128205128187 213.33646616541344
decision_type=2 2 2 2 2
left_child=1 -1 3 4 -3
right_child=-2 2 -4 -5 -6
leaf_value=0.053268144768550935 -0.027802058949463311 0.047562275104386931 -0.11162088290796164 0.083006595024062518 -0.083657567908389852
leaf_weight=0.34720448078587629 0.46587065607309353 0.16364177595824003 0.18284618109464645 0.22641703672707081 0.13727548345923424
leaf_count=9 8 7 2 9 3
internal_value=0 0.0124634 -0.00748585 0.0286216 -0.0122989
internal_weight=0 1.05738 0.71018 0.527334 0.300917
internal_count=38 30 21 19 10
is_linear=0
shrinkage=0.1


Tree=79
num_leaves=7
num_cat=0
split_feature=15 9 9 9 9 9
split_gain=0.0533479 0.250042 0.123967 0.120119 0.113705 0.00808551
threshold=798.66666666666708 30.500000000000004 18.500000000000004 36.500000000000007 12.500000000000002 30.500000000000004
decision_type=2 2 2 2 2 2
left_child=1 2 4 5 -1 -2
right_child=3 -3 -4 -5 -6 -7
leaf_value=0.013017953248925629 0.007383735091587941 -0.10883248864564765 0.041679622248525235 0.10788568472123546 -0.10933597938681405 -0.027186696794585703
leaf_weight=0.18401565938256659 0.16291193896904599 0.21231347694993019 0.53648743964731693 0.13525082916021347 0.12933741882443428 0.11570506356656551
leaf_count=9 9 3 9 2 3 3
internal_value=0 -0.0117608 0.0124904 0.0305626 -0.037484 -0.0069728
internal_weight=0 1.06215 0.849841 0.413868 0.313353 0.278617
internal_count=38 24 21 14 12 12
is_linear=0
shrinkage=0.1


Tree=80
num_leaves=7
num_cat=0
split_feature=15 15 7 6 14 15
split_gain=0.0453506 0.116552 0.037088 0.17004 0.107238 0.0166777
threshold=798.66666666666708 1234.3333333333323 382.33333333333036 0.55000000000000004 86.44155844155847 765.00000000000193
decision_type=2 2 2 2 2 2
left_child=2 -2 4 -4 -1 -5
right_child=1 -3 3 5 -6 -7
leaf_value=-0.035288694990377803 -0.0095356582998223222 0.10486697853625321 -0.11083912974311774 0.028907838031477784 0.063786949448083927 -0.011384097167086799
leaf_weight=0.23453178419731535 0.26749179605394613 0.13349619100335985 0.17291340231895447 0.19126752624288201 0.20451290672644973 0.22193166986107826
leaf_count=5 7 7 2 6 6 5
internal_value=0 0.0285511 -0.0111144 -0.0275765 0.0108621 0.00726681
internal_weight=0 0.400988 1.02516 0.586113 0.439045 0.413199
internal_count=38 14 24 13 11 11
is_linear=0
shrinkage=0.1


Tree=81
num_leaves=6
num_cat=0
split_feature=9 7 6 8 15
split_gain=0.04441 0.0751041 0.137591 0.103163 0.118046
threshold=30.500000000000004 382.33333333333036 0.55000000000000004 4.75 866.83333333333405
decision_type=2 2 2 2 2
left_child=1 -1 -3 4 -4
right_child=-2 2 3 -5 -6
leaf_value=0.051613880651924238 -0.02701821839388191 -0.081334908476105611 0.10669776803684115 -0.044246174127429531 -0.018995257131706713
leaf_weight=0.31852164282463491 0.42257636040449142 0.18236579746007919 0.18110241927206516 0.15940283518284559 0.12719658587593585
leaf_count=9 8 3 5 6 7
internal_value=0 0.0118332 -0.00765856 0.0210692 0.0548399
internal_weight=0 0.968589 0.650068 0.467702 0.308299
internal_count=38 30 21 18 12
is_linear=0
shrinkage=0.1


Tree=82
num_leaves=6
num_cat=0
split_feature=15 9 9 9 6
split_gain=0.0469508 0.216165 0.109049 0.104377 0.0224629
threshold=798.66666666666708 30.500000000000004 18.500000000000004 12.500000000000002 1.0500000000000003
decision_type=2 2 2 2 2
left_child=1 2 3 -1 -2
right_child=4 -3 -4 -5 -6
leaf_value=0.0123965506072094 0.053004681490216622 -0.10762624658603373 0.041340123097717285 -0.10856022071550711 0.0051846359845730619
leaf_weight=0.17885181051678956 0.19734610430896282 0.18919896334409714 0.47547418437898159 0.11868342664092779 0.19558292406145483
leaf_count=9 4 3 9 3 10
internal_value=0 -0.0118205 0.0116286 -0.0358517 0.0292019
internal_weight=0 0.962208 0.773009 0.297535 0.392929
internal_count=38 24 21 12 14
is_linear=0
shrinkage=0.1


Tree=83
num_leaves=6
num_cat=0
split_feature=9 7 14 8 7
split_gain=0.0307302 0.0712123 0.203139 0.093472 0.0981022
threshold=30.500000000000004 382.33333333333036 1402.5555555555563 4.75 416.33333333333491
decision_type=2 2 2 2 2
left_child=1 -1 3 4 -3
right_child=-2 2 -4 -5 -6
leaf_value=0.050143318694860051 -0.023144381514674489 0.10564951524834887 -0.1093270775739246 -0.040128079839069145 -0.0073079758434920292
leaf_weight=0.29884894285351038 0.40024604275822639 0.17185165290720761 0.15285393595695496 0.15411459235474467 0.13913530227728188
leaf_count=9 8 6 2 6 7
internal_value=0 0.0100666 -0.00931483 0.0235538 0.0551124
internal_weight=0 0.916804 0.617955 0.465102 0.310987
internal_count=38 30 21 19 13
is_linear=0
shrinkage=0.1


Tree=84
num_leaves=7
num_cat=0
split_feature=15 15 7 6 6 9
split_gain=0.0426507 0.107158 0.0275345 0.126133 0.0868799 0.056735
threshold=798.66666666666708 1234.3333333333323 382.33333333333036 0.55000000000000004 0.55000000000000004 18.500000000000004
decision_type=2 2 2 2 2 2
left_child=2 -2 4 -4 -1 -5
right_child=1 -3 3 5 -6 -7
leaf_value=0.052054976131723385 -0.0083149788251842324 0.10443157208256947 -0.10836435387109739 -0.045112127253035039 -0.042257696408149324 0.036074444694224328
leaf_weight=0.2079625315964222 0.26418497692793608 0.12380185478832573 0.13947379589080811 0.14318459434434772 0.18417667481116951 0.21581381652504206
leaf_count=3 7 7 2 5 8 6
internal_value=0 0.0276611 -0.0120652 -0.0276605 0.00775899 0.00369362
internal_weight=0 0.387987 0.890611 0.498472 0.392139 0.358998
internal_count=38 14 24 13 11 11
is_linear=0
shrinkage=0.1


Tree=85
num_leaves=6
num_cat=0
split_feature=9 6 14 15 14
split_gain=0.0377864 0.166021 0.0722425 0.0332894 0.0194139
threshold=15.500000000000002 3.9000000000000012 269.05128205128187 798.66666666666708 991.25000000000102
decision_type=2 2 2 2 2
left_child=1 -1 -2 4 -4
right_child=2 -3 3 -5 -6
leaf_value=-0.067949995273570804 -0.050564579938543346 0.10272928078962942 0.015953784981717473 0.040610410468335627 -0.023983924071840985
leaf_weight=0.093820865498855821 0.29044877458363749 0.14517585467547178 0.22180659044533968 0.22316004784079269 0.26972835138440132
leaf_count=6 6 9 6 7 4
internal_value=0 0.0357272 -0.00851051 0.00858007 -0.00596192
internal_weight=0 0.238997 1.00514 0.714695 0.491535
internal_count=38 15 23 17 10
is_linear=0
shrinkage=0.1


Tree=86
num_leaves=5
num_cat=0
split_feature=9 9 9 8
split_gain=0.0392821 0.0594697 0.061723 0.0525997
threshold=30.500000000000004 24.500000000000004 9.5000000000000018 1.8000000000000005
decision_type=2 2 2 2
left_child=1 2 -1 -4
right_child=-2 -3 3 -5
leaf_value=0.052100106143648309 -0.026239870641120197 0.051213983864270576 0.0036502652626282544 -0.068218985311346445
leaf_weight=0.13755487976595759 0.38784363120794296 0.26665067399153486 0.25573097891174257 0.16922053322196007
leaf_count=9 8 6 9 6
internal_value=0 0.0123165 -0.0061225 -0.0249689
internal_weight=0 0.829157 0.562506 0.424952
internal_count=38 30 24 15
is_linear=0
shrinkage=0.1


Tree=87
num_leaves=7
num_cat=0
split_feature=15 9 8 14 8 6
split_gain=0.0336294 0.189178 0.0804542 0.0745852 0.0339946 0.105196
threshold=798.66666666666708 30.500000000000004 1.8000000000000005 151.66129898013955 0.55000000000000016 4.8000000000000034
decision_type=2 2 2 2 2 2
left_child=1 2 -1 -4 -2 -6
right_child=4 -3 3 -5 5 -7
leaf_value=0.040270971159182101 -0.01893336633583674 -0.10669774463762818 0.0090730320792285196 -0.10318354407366159 0.10505762597085809 -0.025296743845904298
leaf_weight=0.40856479480862617 0.11850792169570923 0.16579503193497658 0.16542453272268176 0.09216205938719213 0.13686947076348588 0.11303650215268135
leaf_count=9 3 3 8 4 7 4
internal_value=0 -0.0111129 0.0126767 -0.0310913 0.0251781 0.0460962
internal_weight=0 0.831946 0.666151 0.257587 0.368414 0.249906
internal_count=38 24 21 12 14 11
is_linear=0
shrinkage=0.1


Tree=88
num_leaves=7
num_cat=0
split_feature=9 12 14 8 15 14
split_gain=0.0385409 0.100158 0.0555462 0.0490709 0.049216 0.000629555
threshold=15.500000000000002 1.0000000180025095e-35 269.05128205128187 0.55000000000000016 765.00000000000193 151.66129898013955
decision_type=2 2 2 2 2 2
left_child=1 -1 -2 -4 -5 -3
right_child=2 5 3 4 -6 -7
leaf_value=-0.043559653567987355 -0.047221374454135004 0.1022599328522351 -0.03150861337904786 0.058753609378393259 -0.0071040064138170288 0.087719738587203833
leaf_weight=0.087047817185521126 0.26756605319678783 0.074056757846847177 0.22600235231220722 0.22486637439578772 0.22906658396823332 0.04980361764319241
leaf_count=3 6 7 5 5 7 5
internal_value=0 0.0386425 -0.0086242 0.00656445 0.0255201 0.0964134
internal_weight=0 0.210908 0.947501 0.679935 0.453933 0.12386
internal_count=38 15 23 17 12 12
is_linear=0
shrinkage=0.1


Tree=89
num_leaves=6
num_cat=0
split_feature=9 6 14 15 14
split_gain=0.033143 0.132871 0.0458214 0.0345255 0.00240113
threshold=15.500000000000002 3.9000000000000012 269.05128205128187 798.66666666666708 1402.5555555555563
decision_type=2 2 2 2 2
left_child=1 -1 -2 4 -4
right_child=2 -3 3 -5 -6
leaf_value=-0.065280946907376153 -0.043210889532402867 0.10225948067209145 -0.0024287716244701272 0.039337545564501045 -0.016876092921123988
leaf_weight=0.077481736429035664 0.26339118089526892 0.12166325957514346 0.2386983335018158 0.21243951300857589 0.22205508500337601
leaf_count=6 6 9 7 7 3
internal_value=0 0.0370742 -0.00784946 0.00598593 -0.0093915
internal_weight=0 0.199145 0.936584 0.673193 0.460753
internal_count=38 15 23 17 10
is_linear=0
shrinkage=0.1


Tree=90
num_leaves=6
num_cat=0
split_feature=9 7 14 14 9
split_gain=0.0289895 0.0589408 0.167906 0.0658819 0.00670026
threshold=30.500000000000004 382.33333333333036 1402.5555555555563 269.05128205128187 15.500000000000002
decision_type=2 2 2 2 2
left_child=1 -1 3 4 -3
right_child=-2 2 -4 -5 -6
leaf_value=0.050080055837331008 -0.023455270959175805 0.0064861573803041001 -0.10760263032846228 0.077257463525594289 -0.028154147778949729
leaf_weight=0.25683448207564652 0.35642685368657112 0.12707384652458131 0.12813171744346619 0.14678407768951729 0.09960578940808773
leaf_count=9 8 7 2 9 3
internal_value=0 0.0111217 -0.00882632 0.0250629 -0.00873521
internal_weight=0 0.75843 0.501595 0.373464 0.22668
internal_count=38 30 21 19 10
is_linear=0
shrinkage=0.1


Tree=91
num_leaves=7
num_cat=0
split_feature=15 8 7 7 14 9
split_gain=0.0315915 0.0300015 0.072103 0.0254426 0.0798624 0.0211285
threshold=798.66666666666708 0.55000000000000016 609.00000000000011 382.33333333333036 512.99999999999966 24.500000000000004
decision_type=2 2 2 2 2 2
left_child=3 -2 -3 5 -5 -1
right_child=1 2 -4 4 -6 -7
leaf_value=-0.024828977345072188 -0.015572968345911995 0.1044841485955437 -0.009142739311415916 0.018632097499148653 -0.069358582906646912 0.027756915274494594
leaf_weight=0.11847668583504856 0.11785496398806572 0.10997468634741381 0.11346321972087026 0.19453826826065779 0.21957512386143208 0.21517249569296837
leaf_count=7 3 5 6 8 5 4
internal_value=0 0.0252507 0.0467837 -0.0114661 -0.0280232 0.009084
internal_weight=0 0.341293 0.223438 0.747763 0.414113 0.333649
internal_count=38 14 11 24 13 11
is_linear=0
shrinkage=0.1


Tree=92
num_leaves=6
num_cat=0
split_feature=15 7 7 14 15
split_gain=0.0265502 0.0901525 0.021146 0.0675783 0.0138754
threshold=798.66666666666708 624.16666666666617 382.33333333333036 512.99999999999966 697.66666666666674
decision_type=2 2 2 2 2
left_child=2 -2 4 -4 -1
right_child=1 -3 3 -5 -6
leaf_value=0.03255285575959959 -0.010149120946239156 0.10432042735622281 0.016814143207081467 -0.064889376116627026 -0.0089403760620621383
leaf_weight=0.13737338059581816 0.23338083177804947 0.097563570248894393 0.19404263910837471 0.21165780909359455 0.19497745111584663
leaf_count=8 9 5 8 5 3
internal_value=0 0.0235969 -0.0104911 -0.0258114 0.00821037
internal_weight=0 0.330944 0.738051 0.4057 0.332351
internal_count=38 14 24 13 11
is_linear=0
shrinkage=0.1


Tree=93
num_leaves=5
num_cat=0
split_feature=9 9 9 6
split_gain=0.0292136 0.0596132 0.0458648 0.123465
threshold=30.500000000000004 24.500000000000004 15.500000000000002 3.9000000000000012
decision_type=2 2 2 2
left_child=1 2 3 -1
right_child=-2 -3 -4 -5
leaf_value=-0.066161902830945876 -0.024126990270875406 0.052846609705571805 -0.032667529324687132 0.10192638455549563
leaf_weight=0.075371452141553164 0.3381070252507925 0.23465983202913776 0.2990412114886567 0.10399000439792871
leaf_count=6 8 6 9 9
internal_value=0 0.0115623 -0.00868793 0.0312922
internal_weight=0 0.713063 0.478403 0.179361
internal_count=38 30 24 15
is_linear=0
shrinkage=0.1


Tree=94
num_leaves=8
num_cat=0
split_feature=9 6 9 7 6 6 6
split_gain=0.0240779 0.0520381 0.165323 0.101461 0.107969 0.0488683 0.0366092
threshold=30.500000000000004 2.7499999999999996 15.500000000000002 382.33333333333036 0.55000000000000004 4.8000000000000034 2.1000000000000005
decision_type=2 2 2 2 2 2 2
left_child=1 3 5 -1 -5 -3 -6
right_child=-2 2 -4 4 6 -7 -8
leaf_value=0.10838343516361731 -0.021824455470000434 -0.021959350597929059 -0.10725000704372832 -0.069032317256630629 0.10210807378611107 0.10195665126167695 0.011758418440549222
leaf_weight=0.12397600710391998 0.33649097010493279 0.052717264508828521 0.12521243467926979 0.12804345972836018 0.078822828538250178 0.080305749783292413 0.10404595546424389
leaf_count=2 8 6 2 3 8 6 3
internal_value=0 0.0107783 -0.0247796 0.0318925 0.0013918 0.0528485 0.0507023
internal_weight=0 0.693124 0.258235 0.434888 0.310912 0.133023 0.182869
internal_count=38 30 14 16 14 12 11
is_linear=0
shrinkage=0.1


Tree=95
num_leaves=8
num_cat=0
split_feature=15 9 9 8 8 6 9
split_gain=0.0319345 0.147234 0.097487 0.0844302 0.076577 0.0660764 0.0656632
threshold=798.66666666666708 30.500000000000004 36.500000000000007 1.8000000000000005 0.55000000000000016 4.8000000000000034 12.500000000000002
decision_type=2 2 2 2 2 2 2
left_child=1 3 4 -1 -2 -6 -5
right_child=2 -3 -4 6 5 -7 -8
leaf_value=0.042628093567401389 -0.10424402790103954 -0.10515822504363262 0.1058451692588494 0.008963091278769186 0.10272519524976881 -0.032746646576302031 -0.10558604795698144
leaf_weight=0.33160216733813286 0.063626118004322052 0.13573461398482323 0.10371271148324013 0.11970487283542752 0.064598200202453882 0.081336811650544405 0.085990766761824489
leaf_count=9 2 3 2 9 6 4 3
internal_value=0 -0.0121013 0.0265493 0.0114072 -0.0126946 0.02722 -0.038924
internal_weight=0 0.673032 0.313274 0.537298 0.209561 0.145935 0.205696
internal_count=38 24 14 21 12 10 12
is_linear=0
shrinkage=0.1


Tree=96
num_leaves=7
num_cat=0
split_feature=15 9 8 7 14 14
split_gain=0.0279922 0.0879513 0.0687185 0.0184993 0.0586177 0.0501846
threshold=798.66666666666708 36.500000000000007 0.55000000000000016 382.33333333333036 512.99999999999966 86.44155844155847
decision_type=2 2 2 2 2 2
left_child=3 2 -2 5 -5 -1
right_child=1 -3 -4 4 -6 -7
leaf_value=-0.030942163214534149 -0.10382764653008086 0.10525848042168473 0.025872906966471806 0.014937627911878812 -0.064980447359901536 0.053971125690342583
leaf_weight=0.15224342292640358 0.057790398597717285 0.094339493662118912 0.13935301930177957 0.17818581778556108 0.1892599193379283 0.12822046177461743
leaf_count=5 2 2 10 8 5 6
internal_value=0 0.0258515 -0.0121474 -0.0114631 -0.0262257 0.00787788
internal_weight=0 0.291483 0.197143 0.64791 0.367446 0.280464
internal_count=38 14 12 24 13 11
is_linear=0
shrinkage=0.1


Tree=97
num_leaves=6
num_cat=0
split_feature=9 7 6 8 8
split_gain=0.0194976 0.0436603 0.0585683 0.0725399 0.0247452
threshold=30.500000000000004 382.33333333333036 0.55000000000000004 1.1000000000000003 4.75
decision_type=2 2 2 2 2
left_child=1 -1 -3 -4 -5
right_child=-2 2 3 4 -6
leaf_value=0.048264920853079568 -0.021435575611437545 -0.06786882580522878 0.10192642370450314 0.017583167703124486 -0.047859926473941529
leaf_weight=0.20209062471985817 0.28776542562991381 0.11857188306748867 0.072966745588928461 0.12635365594178438 0.10645886673592031
leaf_count=9 8 3 8 4 6
internal_value=0 0.0100095 -0.00820903 0.0149252 -0.0123422
internal_weight=0 0.626442 0.424351 0.305779 0.232813
internal_count=38 30 21 18 10
is_linear=0
shrinkage=0.1


Tree=98
num_leaves=7
num_cat=0
split_feature=15 6 8 8 14 14
split_gain=0.026044 0.0209109 0.0237281 0.0191519 0.0513159 0.0319484
threshold=798.66666666666708 1.0500000000000003 1.1000000000000003 1.8000000000000005 151.66129898013955 991.25000000000102
decision_type=2 2 2 2 2 2
left_child=3 -2 -3 5 -5 -1
right_child=1 2 -4 4 -6 -7
leaf_value=0.025916545053996501 0.051194960047736382 0.048872024035772205 -0.038188447001828663 0.0031459684935542555 -0.10248523143324258 -0.029319948916879286
leaf_weight=0.22872716933488846 0.14822272211313248 0.051880544837331399 0.078937795013189316 0.12014029442798346 0.074515440734103322 0.19312568753957748
leaf_count=8 4 6 4 8 4 4
internal_value=0 0.0254774 -0.0036616 -0.0113435 -0.0372903 0.000629088
internal_weight=0 0.279041 0.130818 0.616509 0.194656 0.421853
internal_count=38 14 10 24 12 12
is_linear=0
shrinkage=0.1


Tree=99
num_leaves=8
num_cat=0
split_feature=9 6 9 7 14 9 6
split_gain=0.0222443 0.0400696 0.146788 0.0811516 0.154024 0.0626777 0.0411141
threshold=30.500000000000004 2.7499999999999996 15.500000000000002 382.33333333333036 1402.5555555555563 18.500000000000004 4.8000000000000034
decision_type=2 2 2 2 2 2 2
left_child=1 3 6 -1 5 -5 -3
right_child=-2 2 -4 4 -6 -7 -8
leaf_value=0.10672766477323481 -0.022889242909836946 -0.018760521975786537 -0.10612113235494619 -0.018748251558099806 -0.10511059949689755 0.10371017844421382 0.10178324060640012
leaf_weight=0.10313145071268082 0.28497661370784044 0.046382711501792073 0.10836696624755859 0.068173015431966633 0.088920995593070984 0.10802481276914477 0.072553785867057741
leaf_count=2 8 6 2 5 2 7 6
internal_value=0 0.0110824 -0.0219329 0.0314612 0.00218245 0.0563296 0.0547737
internal_weight=0 0.595554 0.227303 0.36825 0.265119 0.176198 0.118936
internal_count=38 30 14 16 14 12 12
is_linear=0
shrinkage=0.1


end of trees

feature_importances:
taskNum=160
s_scroll_speed=107
response_time=82
scroll_length=82
scroll_time=70
s_view_position=46
s_choice_left=3
event_scroll=1

parameters:
[boosting: gbdt]
[objective: binary]
[metric: binary_error]
[tree_learner: serial]
[device_type: cpu]
[data_sample_strategy: bagging]
[data: ]
[valid: ]
[num_iterations: 100]
[learning_rate: 0.1]
[num_leaves: 31]
[num_threads: 0]
[seed: 0]
[deterministic: 0]
[force_col_wise: 0]
[force_row_wise: 0]
[histogram_pool_size: -1]
[max_depth: -1]
[min_data_in_leaf: 5]
[min_sum_hessian_in_leaf: 0.001]
[bagging_fraction: 1]
[pos_bagging_fraction: 1]
[neg_bagging_fraction: 1]
[bagging_freq: 0]
[bagging_seed: 3]
[feature_fraction: 0.8]
[feature_fraction_bynode: 1]
[feature_fraction_seed: 2]
[extra_trees: 0]
[extra_seed: 6]
[early_stopping_round: 0]
[first_metric_only: 0]
[max_delta_step: 0]
[lambda_l1: 0]
[lambda_l2: 0]
[linear_lambda: 0]
[min_gain_to_split: 0]
[drop_rate: 0.1]
[max_drop: 50]
[skip_drop: 0.5]
[xgboost_dart_mode: 0]
[uniform_drop: 0]
[drop_seed: 4]
[top_rate: 0.2]
[other_rate: 0.1]
[min_data_per_group: 100]
[max_cat_threshold: 32]
[cat_l2: 10]
[cat_smooth: 10]
[max_cat_to_onehot: 4]
[top_k: 20]
[monotone_constraints: ]
[monotone_constraints_method: basic]
[monotone_penalty: 0]
[feature_contri: ]
[forcedsplits_filename: ]
[refit_decay_rate: 0.9]
[cegb_tradeoff: 1]
[cegb_penalty_split: 0]
[cegb_penalty_feature_lazy: ]
[cegb_penalty_feature_coupled: ]
[path_smooth: 0]
[interaction_constraints: ]
[verbosity: -1]
[saved_feature_importance_type: 0]
[use_quantized_grad: 0]
[num_grad_quant_bins: 4]
[quant_train_renew_leaf: 0]
[stochastic_rounding: 1]
[linear_tree: 0]
[max_bin: 255]
[max_bin_by_feature: ]
[min_data_in_bin: 3]
[bin_construct_sample_cnt: 200000]
[data_random_seed: 1]
[is_enable_sparse: 1]
[enable_bundle: 1]
[use_missing: 1]
[zero_as_missing: 0]
[feature_pre_filter: 0]
[pre_partition: 0]
[two_round: 0]
[header: 0]
[label_column: ]
[weight_column: ]
[group_column: ]
[ignore_column: ]
[categorical_feature: ]
[forcedbins_filename: ]
[precise_float_parser: 0]
[parser_config_file: ]
[objective_seed: 5]
[num_class: 1]
[is_unbalance: 0]
[scale_pos_weight: 1]
[sigmoid: 1]
[boost_from_average: 1]
[reg_sqrt: 0]
[alpha: 0.9]
[fair_c: 1]
[poisson_max_delta_step: 0.7]
[tweedie_variance_power: 1.5]
[lambdarank_truncation_level: 30]
[lambdarank_norm: 1]
[label_gain: ]
[lambdarank_position_bias_regularization: 0]
[eval_at: ]
[multi_error_top_k: 1]
[auc_mu_weights: ]
[num_machines: 1]
[local_listen_port: 12400]
[time_out: 120]
[machine_list_filename: ]
[machines: ]
[gpu_platform_id: -1]
[gpu_device_id: -1]
[gpu_use_dp: 0]
[num_gpu: 1]

end of parameters

pandas_categorical:[]
