tree
version=v4
num_class=1
num_tree_per_iteration=1
label_index=0
max_feature_idx=15
objective=binary sigmoid:1
feature_names=response_time s_tap_count ratio_tap_position_y scroll_length event_scroll s_scroll_speed tap_position_x taskNum tap_position_y screen_width s_view_position predicted_isAnswerCorrect scroll_time ratio_tap_position_x s_choice_left screen_height
feature_infos=[0:10.399999999999981] [1:1] none [0:14300.666666666672] [0:6] [-3503.3333333333576:6900.0000000000018] none [1:140] none [390:390] [-343.99999999999989:1145.6666666666642] [0:1] [-0.5:18.799999999999962] none [0:1] [844:844]
tree_sizes=650 744 651 648 650 649 650 645 652 649 748 652 742 652 655 753 637 652 642 752 653 742 651 755 653 655 652 652 656 640 652 655 655 651 654 656 654 653 758 654 652 652 653 551 649 653 754 650 551 656 755 658 651 653 650 649 752 655 758 654 754 650 755 554 756 657 654 754 755 757 652 755 753 655 659 653 755 656 654 749 656 653 650 552 655 756 657 755 653 641 652 655 655 656 655 653 755 653 756 757

Tree=0
num_leaves=5
num_cat=0
split_feature=11 4 12 12
split_gain=49.0186 2.36315 2.1784 1.98233
threshold=1.0000000180025095e-35 1.0000000180025095e-35 1.0000000180025095e-35 1.5000000000000002
decision_type=2 2 2 2
left_child=-1 2 -2 -3
right_child=1 3 -4 -5
leaf_value=0.25686231046430313 0.56525393574317806 0.50671663650042864 0.64624567571540781 0.5844024353519971
leaf_weight=5.6032651662826529 5.8367345482110995 5.603265166282652 7.704489603638649 7.9379589855670929
leaf_count=24 25 24 33 34
internal_value=0.526093 0.581796 0.611335 0.552257
internal_weight=0 27.0824 13.5412 13.5412
internal_count=140 116 58 58
is_linear=0
shrinkage=1


Tree=1
num_leaves=6
num_cat=0
split_feature=3 10 0 0 7
split_gain=3.52088 4.17106 1.94219 3.43062 1.3859
threshold=832.3333333333386 348.50000000000489 1.9500000000000008 0.15000000000000005 63.500000000000007
decision_type=2 2 2 2 2
left_child=1 -1 3 -3 -5
right_child=-2 2 -4 4 -6
leaf_value=0.046479297916698914 0.076897770704433682 -0.086774469969775281 -0.09516153198942047 -0.022804987361315903 0.053310803675015464
leaf_weight=8.08130691945553 5.0559005886316291 5.1788675189018276 4.6768064796924582 4.9129492193460447 4.6621080935001373
leaf_count=35 22 22 20 21 20
internal_value=0 -0.0138969 -0.0390075 -0.0212074 0.0142559
internal_weight=0 27.512 19.4307 14.7539 9.57506
internal_count=140 118 83 63 41
is_linear=0
shrinkage=0.1


Tree=2
num_leaves=5
num_cat=0
split_feature=11 7 10 10
split_gain=36.6461 2.55985 0.591931 1.27058
threshold=1.0000000180025095e-35 93.500000000000014 350.33333333333945 510.50000000000006
decision_type=2 2 2 2
left_child=-1 2 -2 -4
right_child=1 -3 3 -5
leaf_value=-0.22471222144828618 0.059548818967564671 0.099964882693154497 -0.0034988190710779701 0.058948108033000324
leaf_weight=5.9225565940141669 5.2468626201152864 7.4760174453258506 8.6178437769412977 5.2389687001705161
leaf_count=24 23 33 37 23
internal_value=0 0.0503564 0.0309427 0.020111
internal_weight=0 26.5797 19.1037 13.8568
internal_count=140 116 83 60
is_linear=0
shrinkage=0.1


Tree=3
num_leaves=5
num_cat=0
split_feature=11 7 10 7
split_gain=29.4566 2.20945 0.600466 1.44839
threshold=1.0000000180025095e-35 93.500000000000014 399.00000000000369 54.500000000000007
decision_type=2 2 2 2
left_child=-1 2 3 -2
right_child=1 -3 -4 -5
leaf_value=-0.19966047888786359 0.012413040214646967 0.093114850999970633 0.0077368455008472951 0.086808147332867514
leaf_weight=5.9937038570642462 6.2237455397844368 7.2360524535179129 8.1825071424245817 4.5157214999198914
leaf_count=24 27 33 36 20
internal_value=0 0.0461177 0.0281453 0.0436946
internal_weight=0 26.158 18.922 10.7395
internal_count=140 116 83 47
is_linear=0
shrinkage=0.1


Tree=4
num_leaves=5
num_cat=0
split_feature=11 4 10 12
split_gain=24.165 1.44365 2.46804 1.82648
threshold=1.0000000180025095e-35 1.0000000180025095e-35 466.00000000000006 1.5000000000000002
decision_type=2 2 2 2
left_child=-1 2 -2 -3
right_child=1 3 -4 -5
leaf_value=-0.18165726707334318 0.033001539808402376 -0.024690517682677257 0.12534346494312035 0.050630358449403681
leaf_weight=5.9312939345836666 7.9545908868312853 5.5219564139842969 4.5498984009027481 7.7210820466279984
leaf_count=24 37 24 21 34
internal_value=0 0.042233 0.0666012 0.0192238
internal_weight=0 25.7475 12.5045 13.243
internal_count=140 116 58 58
is_linear=0
shrinkage=0.1


Tree=5
num_leaves=5
num_cat=0
split_feature=11 7 7 10
split_gain=20.1161 1.78919 0.590357 1.3018
threshold=1.0000000180025095e-35 93.500000000000014 30.500000000000004 399.00000000000369
decision_type=2 2 2 2
left_child=-1 2 -2 -4
right_child=1 -3 3 -5
leaf_value=-0.16811871627710656 0.046728273979384116 0.082539859119508896 0.040256489520669965 -0.025767503693914097
leaf_weight=5.7756432592868832 6.5513531565666261 6.8035219758748999 6.3904274106025678 5.6062485426664352
leaf_count=24 29 33 29 25
internal_value=0 0.0386758 0.0225863 0.00940237
internal_weight=0 25.3516 18.548 11.9967
internal_count=140 116 83 54
is_linear=0
shrinkage=0.1


Tree=6
num_leaves=5
num_cat=0
split_feature=11 7 10 10
split_gain=16.928 1.55187 0.584784 1.13162
threshold=1.0000000180025095e-35 93.500000000000014 510.50000000000006 382.66666666666703
decision_type=2 2 2 2
left_child=-1 2 3 -2
right_child=1 -3 -4 -5
leaf_value=-0.15759717392764627 0.031481923646416929 0.077136562543230328 0.049539016181614701 -0.029053683220743899
leaf_weight=5.5562212914228466 8.5290868580341392 6.5647738426923743 5.0388202816247931 4.8405744135379782
leaf_count=24 39 33 23 21
internal_value=0 0.035393 0.0205065 0.00956461
internal_weight=0 24.9733 18.4085 13.3697
internal_count=140 116 83 60
is_linear=0
shrinkage=0.1


Tree=7
num_leaves=5
num_cat=0
split_feature=3 10 10 3
split_gain=1.70438 1.7339 1.49142 1.1572
threshold=832.3333333333386 348.50000000000489 466.00000000000006 699.33333333333223
decision_type=2 2 2 2
left_child=1 -1 3 -3
right_child=-2 2 -4 -5
leaf_value=0.031828035028915146 0.056299848928258657 -0.075611006107741227 0.014235993664319282 -0.013707048480049944
leaf_weight=7.1352066248655381 4.5883447825908652 6.4378597885370272 6.0432992428541175 5.687594935297966
leaf_count=35 22 29 29 25
internal_value=0 -0.00994316 -0.0263475 -0.0465742
internal_weight=0 25.304 18.1688 12.1255
internal_count=140 118 83 54
is_linear=0
shrinkage=0.1


Tree=8
num_leaves=5
num_cat=0
split_feature=3 3 12 12
split_gain=1.41024 0.72643 1.15254 1.36665
threshold=832.3333333333386 730.3333333333286 1.0000000180025095e-35 0.75000000000000011
decision_type=2 2 2 2
left_child=1 2 -1 -4
right_child=-2 -3 3 -5
leaf_value=-0.030230206605809742 0.051914154000057278 -0.040304625891713346 0.064214450603225101 -0.005992782070625615
leaf_weight=7.6040081232786276 4.4839973151683798 5.7142181992530814 4.3579686284065229 7.621764600276947
leaf_count=36 22 25 22 35
internal_value=0 -0.00893397 0.000219481 0.0195471
internal_weight=0 25.298 19.5837 11.9797
internal_count=140 118 93 57
is_linear=0
shrinkage=0.1


Tree=9
num_leaves=5
num_cat=0
split_feature=11 7 7 7
split_gain=14.1016 1.22305 0.477711 0.957815
threshold=1.0000000180025095e-35 93.500000000000014 30.500000000000004 57.500000000000007
decision_type=2 2 2 2
left_child=-1 2 -2 -4
right_child=1 -3 3 -5
leaf_value=-0.14839775584164647 0.041161507701870062 0.07041882545621822 -0.026296086182586921 0.031354088491766331
leaf_weight=5.2544559687376049 6.375051409006125 6.2304838448762885 4.9588496983051282 6.8807760179042816
leaf_count=24 29 33 22 32
internal_value=0 0.0321737 0.0190917 0.00720818
internal_weight=0 24.4452 18.2147 11.8396
internal_count=140 116 83 54
is_linear=0
shrinkage=0.1


Tree=10
num_leaves=6
num_cat=0
split_feature=7 7 0 12 0
split_gain=0.856808 1.10266 3.8644 1.36763 1.22063
threshold=30.500000000000004 72.500000000000014 0.15000000000000005 0.55000000000000004 1.3500000000000003
decision_type=2 2 2 2 2
left_child=-1 4 3 -3 -2
right_child=1 2 -4 -5 -6
leaf_value=0.03221030565748683 -0.07169109281634449 -0.063868173379774573 0.085756568767500069 0.014751028633177855 0.0011043466351544969
leaf_weight=6.4857410788536098 4.6513013094663638 4.919250473380087 4.4247302263975135 4.0214743614196777 4.563246414065361
leaf_count=30 21 24 23 21 21
internal_value=0 -0.00902703 0.00932157 -0.0285058 -0.0356412
internal_weight=0 22.58 13.3655 8.94072 9.21455
internal_count=140 110 68 45 42
is_linear=0
shrinkage=0.1


Tree=11
num_leaves=5
num_cat=0
split_feature=11 10 10 10
split_gain=11.8452 0.78739 1.94094 0.556085
threshold=1.0000000180025095e-35 466.00000000000006 366.50000000000733 268.83333333332854
decision_type=2 2 2 2
left_child=-1 2 3 -2
right_child=1 -3 -4 -5
leaf_value=-0.14106785965743987 0.024752285988217389 0.05674966390305472 -0.018531256641115618 0.074974686939800181
leaf_weight=4.9253735691309002 4.4582209587097221 7.2350317388772956 7.9559310525655738 4.3615653365850449
leaf_count=24 23 37 35 21
internal_value=0 0.0291749 0.0172824 0.0495883
internal_weight=0 24.0107 16.7757 8.81979
internal_count=140 116 79 44
is_linear=0
shrinkage=0.1


Tree=12
num_leaves=6
num_cat=0
split_feature=11 7 12 12 0
split_gain=10.1977 1.01773 0.661796 1.78024 0.752778
threshold=1.0000000180025095e-35 93.500000000000014 1.25 2.7499999999999996 0.45000000000000007
decision_type=2 2 2 2 2
left_child=-1 2 4 -4 -2
right_child=1 -3 3 -5 -6
leaf_value=-0.13568844689468182 0.026463389858867509 0.06287394771416456 0.078974990107291254 -0.010534650463228554 -0.031652716745284359
leaf_weight=4.6240774691104916 4.1973338276147896 5.8466479927301398 4.4347058832645398 4.4532376378774643 4.7523435652256012
leaf_count=24 20 33 21 21 21
internal_value=0 0.0266662 0.0147984 0.0341269 -0.00439668
internal_weight=0 23.6843 17.8376 8.88794 8.94968
internal_count=140 116 83 42 41
is_linear=0
shrinkage=0.1


Tree=13
num_leaves=5
num_cat=0
split_feature=11 7 0 7
split_gain=8.823 0.875396 0.497042 0.913972
threshold=1.0000000180025095e-35 93.500000000000014 0.65000000000000002 42.500000000000007
decision_type=2 2 2 2
left_child=-1 2 -2 -4
right_child=1 -3 3 -5
leaf_value=-0.13117905449103603 -0.0053916232523787003 0.058642069520191721 0.055596281115125705 -0.005545351597503325
leaf_weight=4.3203527033329037 7.8236612528562608 5.6521281749010077 5.4837105274200422 4.4119210243225098
leaf_count=24 37 33 26 20
internal_value=0 0.024375 0.0134444 0.0283366
internal_weight=0 23.3714 17.7193 9.89563
internal_count=140 116 83 46
is_linear=0
shrinkage=0.1


Tree=14
num_leaves=5
num_cat=0
split_feature=11 7 0 0
split_gain=7.66323 0.837028 0.811322 2.17017
threshold=1.0000000180025095e-35 36.500000000000007 0.15000000000000005 0.84999999999999998
decision_type=2 2 2 2
left_child=-1 -2 -3 -4
right_child=1 2 3 -5
leaf_value=-0.12736104167028964 -0.0061477300980365742 0.0065835266441816066 0.097901896297978908 0.003538744971218108
leaf_weight=4.0203046202659634 7.1661584377288845 6.1603362411260596 5.1131758987903577 4.6568815112113953
leaf_count=24 34 33 28 21
internal_value=0 0.0222358 0.0350039 0.0529239
internal_weight=0 23.0966 15.9304 9.77006
internal_count=140 116 82 49
is_linear=0
shrinkage=0.1


Tree=15
num_leaves=6
num_cat=0
split_feature=0 0 12 7 7
split_gain=0.662568 1.44377 1.38147 1.33005 0.890662
threshold=2.6500000000000017 1.0500000000000003 0.55000000000000004 99.500000000000014 96.500000000000014
decision_type=2 2 2 2 2
left_child=1 2 3 -1 -4
right_child=-2 -3 4 -5 -6
leaf_value=0.011807777873765326 0.035787753389683936 -0.05690099127409453 0.0093776054764562536 -0.070432037491076682 0.073135621898494138
leaf_weight=4.4164202809333899 4.3357234597206107 4.5909974277019492 6.3396992683410627 3.5451042354106903 3.3481156080961227
leaf_count=21 21 23 32 21 22
internal_value=0 -0.00694483 0.00604991 -0.0248119 0.0314124
internal_weight=0 22.2403 17.6493 7.96152 9.68781
internal_count=140 119 96 42 54
is_linear=0
shrinkage=0.1


Tree=16
num_leaves=5
num_cat=0
split_feature=12 12 10 12
split_gain=0.655967 2.31583 1.02541 2.14211
threshold=2.4000000000000008 1.25 609.00000000000011 0.55000000000000004
decision_type=2 2 2 2
left_child=1 2 3 -1
right_child=-2 -3 -4 -5
leaf_value=-0.03102259942282954 -0.03005914691860755 0.070371041822138256 -0.05677904512969939 0.052866757904403865
leaf_weight=7.3257832080125898 5.6824236884713164 4.6602094545960417 3.5906464159488669 5.2077071815729141
leaf_count=37 29 25 20 29
internal_value=0 0.00828124 -0.009664 0.00383371
internal_weight=0 20.7843 16.1241 12.5335
internal_count=140 111 86 66
is_linear=0
shrinkage=0.1


Tree=17
num_leaves=5
num_cat=0
split_feature=10 10 5 10
split_gain=0.642992 0.852274 0.908914 0.751966
threshold=348.50000000000489 466.00000000000006 279.75243147657073 637.83333333333042
decision_type=2 2 2 2
left_child=-1 2 -2 -3
right_child=1 3 -4 -5
leaf_value=0.028118314275735336 -0.04882459399396772 0.04589027801846346 0.0066593369949628544 -0.015277732872848823
leaf_weight=6.2434130460023907 6.9888472259044665 4.1968118101358396 5.1121607422828674 3.8566948175430298
leaf_count=35 34 24 25 22
internal_value=0 -0.00860912 -0.025385 0.0165979
internal_weight=0 20.1545 12.101 8.05351
internal_count=140 105 59 46
is_linear=0
shrinkage=0.1


Tree=18
num_leaves=5
num_cat=0
split_feature=12 12 3 12
split_gain=0.468618 1.92132 0.727022 0.839838
threshold=2.4000000000000008 1.25 730.3333333333286 1.0000000180025095e-35
decision_type=2 2 2 2
left_child=1 2 3 -1
right_child=-2 -3 -4 -5
leaf_value=-0.019496786542632462 -0.025218872726359504 0.064677385721975802 -0.044969976154317429 0.034265516639813691
leaf_weight=6.7838105931878179 5.725238785147666 4.525077983736991 4.1791733354330054 5.082592248916626
leaf_count=36 29 25 19 31
internal_value=0 0.00712802 -0.00910171 0.00353057
internal_weight=0 20.5707 16.0456 11.8664
internal_count=140 111 86 67
is_linear=0
shrinkage=0.1


Tree=19
num_leaves=6
num_cat=0
split_feature=0 0 0 7 7
split_gain=0.617317 1.0749 1.00196 1.93695 0.132694
threshold=2.6500000000000017 1.0500000000000003 0.15000000000000005 36.500000000000007 117.50000000000001
decision_type=2 2 2 2 2
left_child=1 2 4 -4 -1
right_child=-2 -3 3 -5 -6
leaf_value=-0.010397494450083469 0.034584849256210234 -0.049675476915594735 -0.031573021829599611 0.062486629500223295 -0.036533135214796834
leaf_weight=4.6701277345419028 4.3339625746011725 4.6020718961954108 3.5166586786508542 5.8004809021949768 3.3261655196547508
leaf_count=25 21 23 17 33 21
internal_value=0 -0.00671954 0.00469855 0.0269848 -0.021269
internal_weight=0 21.9155 17.3134 9.31714 7.99629
internal_count=140 119 96 50 46
is_linear=0
shrinkage=0.1


Tree=20
num_leaves=5
num_cat=0
split_feature=7 7 7 12
split_gain=0.619642 0.692782 0.856922 1.92986
threshold=30.500000000000004 57.500000000000007 105.50000000000001 0.75000000000000011
decision_type=2 2 2 2
left_child=-1 -2 3 -3
right_child=1 2 -4 -5
leaf_value=0.027604474790304631 -0.038196491157444674 0.076623169688144879 -0.027829130239643604 -0.017996041507181156
leaf_weight=6.2436040639877346 5.6337622553110149 3.7712046056985837 5.480700470507144 5.0316816121339798
leaf_count=30 27 19 35 29
internal_value=0 -0.00850022 0.00321265 0.0225393
internal_weight=0 19.9173 14.2836 8.80289
internal_count=140 110 83 48
is_linear=0
shrinkage=0.1


Tree=21
num_leaves=6
num_cat=0
split_feature=10 12 12 5 7
split_gain=0.559762 1.45774 1.45969 0.578697 0.534169
threshold=348.50000000000489 2.4000000000000008 1.25 492.71008403361617 99.500000000000014
decision_type=2 2 2 2 2
left_child=-1 2 3 4 -2
right_child=1 -3 -4 -5 -6
leaf_value=0.026505056579712978 0.031779114436872473 -0.05658188098075783 0.060887035345817235 -0.041170619711512917 -0.022050790047485336
leaf_weight=6.1490573808550861 3.8319810330867785 4.7163704931735984 3.7836270034313193 4.0457519292831421 3.5524100363254547
leaf_count=35 18 24 21 19 23
internal_value=0 -0.00800847 0.00704962 -0.0107717 0.00588315
internal_weight=0 19.9301 15.2138 11.4301 7.38439
internal_count=140 105 81 60 41
is_linear=0
shrinkage=0.1


Tree=22
num_leaves=5
num_cat=0
split_feature=7 12 0 7
split_gain=0.587705 0.622782 1.98179 0.961167
threshold=30.500000000000004 1.5000000000000002 0.45000000000000007 105.50000000000001
decision_type=2 2 2 2
left_child=-1 2 3 -2
right_child=1 -3 -4 -5
leaf_value=0.026936980777042836 0.035104579807731212 0.022256955757407926 -0.077478560363626686 -0.024980974998889738
leaf_weight=6.225000903010371 5.1705507189035433 4.9882086068391791 4.1230471283197394 5.4881600067019463
leaf_count=30 28 28 19 35
internal_value=0 -0.00829617 -0.0186065 0.00416658
internal_weight=0 19.77 14.7818 10.6587
internal_count=140 110 82 63
is_linear=0
shrinkage=0.1


Tree=23
num_leaves=6
num_cat=0
split_feature=0 7 0 7 10
split_gain=0.500185 1.79931 0.833093 2.12172 0.815281
threshold=0.15000000000000005 72.500000000000014 2.6500000000000017 45.500000000000007 357.33333333333218
decision_type=2 2 2 2 2
left_child=4 2 3 -2 -1
right_child=1 -3 -4 -5 -6
leaf_value=0.0074654750262382694 0.014145214613821809 0.073297600645377381 0.030806999427999544 -0.079707729805825564 -0.057204548698497594
leaf_weight=4.4617401510477093 6.2877895683050173 3.5368016660213462 4.2700910419225684 3.9045003354549408 3.4620007947087288
leaf_count=26 30 23 21 20 20
internal_value=0 0.00936215 -0.00627338 -0.0218083 -0.0207898
internal_weight=0 17.9992 14.4624 10.1923 7.92374
internal_count=140 94 71 50 46
is_linear=0
shrinkage=0.1


Tree=24
num_leaves=5
num_cat=0
split_feature=10 12 0 0
split_gain=0.426911 1.37712 1.39234 0.558821
threshold=348.50000000000489 2.4000000000000008 0.65000000000000002 0.15000000000000005
decision_type=2 2 2 2
left_child=-1 2 3 -2
right_child=1 -3 -4 -5
leaf_value=0.02345319001705784 -0.043889202653474013 -0.054286633750346348 0.050284739536230486 0.0048036301071260612
leaf_weight=6.026194371283057 3.8386350870132464 4.6871759966015807 5.0975461900234214 6.1059248670935631
leaf_count=35 22 24 25 34
internal_value=0 -0.00695749 0.00779045 -0.013992
internal_weight=0 19.7293 15.0421 9.94456
internal_count=140 105 81 56
is_linear=0
shrinkage=0.1


Tree=25
num_leaves=5
num_cat=0
split_feature=0 0 0 12
split_gain=0.445646 0.664085 1.00163 0.3005
threshold=2.6500000000000017 1.0500000000000003 0.55000000000000016 0.75000000000000011
decision_type=2 2 2 2
left_child=1 2 3 -1
right_child=-2 -3 -4 -5
leaf_value=0.00062072033685060801 0.029754401315138075 -0.039522790011788607 0.051232849905634953 -0.032374651472212058
leaf_weight=9.4910241067409604 4.2461425960063925 4.5692005529999724 3.4820596426725379 3.892091564834117
leaf_count=56 21 23 18 22
internal_value=0 -0.00570605 0.00345576 -0.00897503
internal_weight=0 21.4344 16.8652 13.3831
internal_count=140 119 96 78
is_linear=0
shrinkage=0.1


Tree=26
num_leaves=5
num_cat=0
split_feature=10 10 12 12
split_gain=0.389176 1.08807 1.39042 0.809533
threshold=379.83333333333582 466.00000000000006 0.75000000000000011 1.5000000000000002
decision_type=2 2 2 2
left_child=3 -2 -3 -1
right_child=1 2 -4 -5
leaf_value=-0.006548203251084953 -0.035830881921466849 0.062170760314320506 -0.022465276379117046 0.052336855274526674
leaf_weight=6.1977273821830767 7.8928743898868543 3.6229758486151695 4.181092344224453 3.745633564889431
leaf_count=36 38 23 23 20
internal_value=0 -0.00965124 0.0168263 0.0156336
internal_weight=0 15.6969 7.80407 9.94336
internal_count=140 84 46 56
is_linear=0
shrinkage=0.1


Tree=27
num_leaves=5
num_cat=0
split_feature=7 12 0 7
split_gain=0.407525 0.528624 1.51396 0.865659
threshold=30.500000000000004 1.5000000000000002 0.45000000000000007 105.50000000000001
decision_type=2 2 2 2
left_child=-1 2 3 -2
right_child=1 -3 -4 -5
leaf_value=0.022715946517655003 0.033781474573623342 0.021750933735090686 -0.067185763580897798 -0.023702752632670514
leaf_weight=6.1009477376937893 5.0461746826767939 4.844383016228675 4.1867890208959571 5.447955995798111
leaf_count=30 28 28 19 35
internal_value=0 -0.00689296 -0.0163448 0.00393893
internal_weight=0 19.5253 14.6809 10.4941
internal_count=140 110 82 63
is_linear=0
shrinkage=0.1


Tree=28
num_leaves=5
num_cat=0
split_feature=0 4 5 7
split_gain=0.365413 0.954614 0.744124 0.19719
threshold=0.15000000000000005 1.0000000180025095e-35 228.64923747276717 105.50000000000001
decision_type=2 2 2 2
left_child=3 -2 -3 -1
right_child=1 2 -4 -5
leaf_value=0.00038957089069247008 0.050176260687479574 0.020590811445525714 -0.026468570618790932 -0.031520822925065882
leaf_weight=3.4096985757350948 4.1381841003894833 6.2485451996326429 7.2689008563756943 4.4820835068821907
leaf_count=18 27 31 36 28
internal_value=0 0.00815059 -0.004715 -0.0177337
internal_weight=0 17.6556 13.5174 7.89178
internal_count=140 94 67 46
is_linear=0
shrinkage=0.1


Tree=29
num_leaves=5
num_cat=0
split_feature=12 12 5 0
split_gain=0.395334 1.15843 0.713969 1.17446
threshold=2.4000000000000008 1.25 781.33333333333405 0.15000000000000005
decision_type=2 2 2 2
left_child=1 2 3 -1
right_child=-2 -3 -4 -5
leaf_value=-0.015912874441114413 -0.023424886754427079 0.053482955659465203 -0.043191741507600218 0.050621177818287504
leaf_weight=7.9131617620587402 5.5602024346590033 4.1866174265742293 3.8405750691890708 3.9912231639027596
leaf_count=46 29 25 18 22
internal_value=0 0.00673057 -0.00570099 0.00639422
internal_weight=0 19.9316 15.745 11.9044
internal_count=140 111 86 68
is_linear=0
shrinkage=0.1


Tree=30
num_leaves=5
num_cat=0
split_feature=3 3 5 7
split_gain=0.404264 0.319126 0.398945 0.149575
threshold=832.3333333333386 730.3333333333286 135.79242636746184 105.50000000000001
decision_type=2 2 2 2
left_child=1 2 3 -1
right_child=-2 -3 -4 -5
leaf_value=0.0027647624036686992 0.030548356775995829 -0.026584800905989497 0.030633983718361742 -0.019108484088358722
leaf_weight=7.2811438664794057 3.7345639318227759 5.2326576933264723 3.7086118608713141 5.478743277490139
leaf_count=39 22 25 19 35
internal_value=0 -0.00507159 0.00176396 -0.00662701
internal_weight=0 21.7012 16.4685 12.7599
internal_count=140 118 93 74
is_linear=0
shrinkage=0.1


Tree=31
num_leaves=5
num_cat=0
split_feature=7 7 0 12
split_gain=0.363702 0.488651 0.798224 0.809393
threshold=30.500000000000004 57.500000000000007 0.25000000000000006 0.55000000000000004
decision_type=2 2 2 2
left_child=-1 -2 3 -3
right_child=1 2 -4 -5
leaf_value=0.021550379858551464 -0.031828658298218487 -0.043509077806678537 0.034104523279264554 0.018121546306335262
leaf_weight=6.0485544800758388 5.4784369021654156 4.6631840392947179 5.2659886926412574 3.9240930825471878
leaf_count=30 27 26 32 25
internal_value=0 -0.00654663 0.00345145 -0.015346
internal_weight=0 19.3317 13.8533 8.58728
internal_count=140 110 83 51
is_linear=0
shrinkage=0.1


Tree=32
num_leaves=5
num_cat=0
split_feature=10 3 10 7
split_gain=0.428331 0.640878 1.56119 0.00793549
threshold=348.50000000000489 771.16666666667118 466.00000000000006 57.500000000000007
decision_type=2 2 2 2
left_child=-1 2 3 -2
right_child=1 -3 -4 -5
leaf_value=0.023635977053285257 -0.047859224125359472 0.017896448282816665 0.029681191406737157 -0.041718038416741543
leaf_weight=5.9403311386704472 4.5471936911344546 6.7188264802098265 4.1795887351036063 3.916289821267128
leaf_count=35 20 37 27 21
internal_value=0 -0.00706061 -0.0203234 -0.0450175
internal_weight=0 19.3619 12.6431 8.46348
internal_count=140 105 68 41
is_linear=0
shrinkage=0.1


Tree=33
num_leaves=5
num_cat=0
split_feature=10 12 3 10
split_gain=0.349609 1.1444 1.28968 1.50476
threshold=348.50000000000489 2.4000000000000008 771.16666666667118 466.00000000000006
decision_type=2 2 2 2
left_child=-1 2 3 -2
right_child=1 -3 -4 -5
leaf_value=0.021491841665608212 -0.048353646216170179 -0.049446831878130371 0.047637798848217748 0.032131568848645119
leaf_weight=5.882832013070586 5.5124503225088137 4.6730836704373351 5.1594674587249747 4.0147164687514305
leaf_count=35 27 24 28 26
internal_value=0 -0.00634469 0.00736981 -0.0144374
internal_weight=0 19.3597 14.6866 9.52717
internal_count=140 105 81 53
is_linear=0
shrinkage=0.1


Tree=34
num_leaves=5
num_cat=0
split_feature=7 7 0 7
split_gain=0.402181 0.373365 0.771466 0.21943
threshold=30.500000000000004 57.500000000000007 0.25000000000000006 108.50000000000001
decision_type=2 2 2 2
left_child=-1 -2 3 -3
right_child=1 2 -4 -5
leaf_value=0.022691104347995501 -0.029002129112336895 -0.034862139623810698 0.032460286319997471 -0.0024696235723944541
leaf_weight=6.0196411162614849 5.4773575440049198 3.7073455005884153 5.1471110358834258 4.7973572909832001
leaf_count=30 27 20 32 31
internal_value=0 -0.00694604 0.00190327 -0.0165901
internal_weight=0 19.1292 13.6518 8.5047
internal_count=140 110 83 51
is_linear=0
shrinkage=0.1


Tree=35
num_leaves=5
num_cat=0
split_feature=0 0 0 12
split_gain=0.359723 0.541552 0.958626 0.319977
threshold=2.6500000000000017 1.0500000000000003 0.55000000000000016 0.75000000000000011
decision_type=2 2 2 2
left_child=1 2 3 -1
right_child=-2 -3 -4 -5
leaf_value=0.0010372433889309538 0.027179154548879654 -0.035725365005526755 0.051186714108763312 -0.033484989174202055
leaf_weight=9.3371034115552991 4.1143333762884131 4.5416240021586409 3.3312360271811476 3.7684598937630644
leaf_count=56 21 23 18 22
internal_value=0 -0.0051595 0.0032861 -0.00888951
internal_weight=0 20.9784 16.4368 13.1056
internal_count=140 119 96 78
is_linear=0
shrinkage=0.1


Tree=36
num_leaves=5
num_cat=0
split_feature=0 0 0 5
split_gain=0.293532 0.437412 0.374918 0.265847
threshold=2.6500000000000017 1.0500000000000003 0.25000000000000006 822.11111111111188
decision_type=2 2 2 2
left_child=1 2 -1 -4
right_child=-2 -3 3 -5
leaf_value=-0.011196915472327351 0.0246858158588459 -0.032048605223506089 0.036983663293859236 -0.00024819092952263044
leaf_weight=8.7361576929688542 4.0788509845733634 4.5555998831987372 3.9899117201566687 3.6927771791815758
leaf_count=52 21 23 23 21
internal_value=0 -0.00463295 0.00297384 0.0190877
internal_weight=0 20.9744 16.4188 7.68269
internal_count=140 119 96 44
is_linear=0
shrinkage=0.1


Tree=37
num_leaves=5
num_cat=0
split_feature=12 3 3 7
split_gain=0.267526 0.971113 0.600976 0.614078
threshold=2.4000000000000008 771.16666666667118 196.00000000000003 105.50000000000001
decision_type=2 2 2 2
left_child=1 2 3 -1
right_child=-2 -3 -4 -5
leaf_value=0.030632329949679279 -0.019404990624897183 0.043317487435180616 -0.040095199268277419 -0.018057260226051929
leaf_weight=4.9589322432875687 5.4732755571603766 5.060053162276744 4.0807190537452689 5.4230508804321289
leaf_count=27 29 28 21 35
internal_value=0 0.00561139 -0.00758081 0.00519922
internal_weight=0 19.5228 14.4627 10.382
internal_count=140 111 83 62
is_linear=0
shrinkage=0.1


Tree=38
num_leaves=6
num_cat=0
split_feature=5 5 12 0 12
split_gain=0.289534 0.914409 0.412959 0.677883 0.506613
threshold=912.78571428571411 279.75243147657073 2.4000000000000008 0.25000000000000006 0.55000000000000004
decision_type=2 2 2 2 2
left_child=1 2 3 4 -1
right_child=-2 -3 -4 -5 -6
leaf_value=-0.031625383813842362 -0.025969148691680002 0.048489536709311803 -0.028972784502479854 0.041686944025658985 0.016857249242048993
leaf_weight=4.8732862770557492 3.6303866878151885 3.8795351460576049 5.1459823846817008 3.5404236763715735 3.8643464669585228
leaf_count=27 20 21 27 20 25
internal_value=0 0.00458306 -0.0051929 0.00477373 -0.0101832
internal_weight=0 21.3036 17.424 12.2781 8.73763
internal_count=140 120 99 72 52
is_linear=0
shrinkage=0.1


Tree=39
num_leaves=5
num_cat=0
split_feature=10 10 10 10
split_gain=0.517565 0.665258 0.68668 0.449668
threshold=379.83333333333582 466.00000000000006 637.83333333333042 268.83333333332854
decision_type=2 2 2 2
left_child=3 -2 -3 -1
right_child=1 2 -4 -5
leaf_value=-0.0055289776386382578 -0.031891100964565468 0.039510286468472766 -0.021434195526955781 0.037643314883899034
leaf_weight=4.4036983624100703 7.7543160617351514 3.8207341209053993 3.5820848122239113 5.3358292579650879
leaf_count=26 38 24 22 30
internal_value=0 -0.0114213 0.0100204 0.0181231
internal_weight=0 15.1571 7.40282 9.73953
internal_count=140 84 46 56
is_linear=0
shrinkage=0.1


Tree=40
num_leaves=5
num_cat=0
split_feature=10 5 10 5
split_gain=0.420268 0.863958 0.536483 0.584745
threshold=379.83333333333582 123.42174432497008 466.00000000000006 228.64923747276717
decision_type=2 2 2 2
left_child=1 -1 -2 -4
right_child=2 -3 3 -5
leaf_value=-0.0048803288821890308 -0.028561196557721765 0.0582599278094083 0.034395233224979782 -0.022356293964432561
leaf_weight=6.4354826956987399 7.7904982194304448 3.2673691436648369 4.0739190429449081 3.2751477807760239
leaf_count=38 38 18 27 19
internal_value=0 0.0163817 -0.0102779 0.00910364
internal_weight=0 9.70285 15.1396 7.34907
internal_count=140 56 84 46
is_linear=0
shrinkage=0.1


Tree=41
num_leaves=5
num_cat=0
split_feature=7 12 0 7
split_gain=0.323957 0.417788 1.41085 0.546973
threshold=30.500000000000004 1.5000000000000002 0.45000000000000007 105.50000000000001
decision_type=2 2 2 2
left_child=-1 2 3 -2
right_child=1 -3 -4 -5
leaf_value=0.020606085040537219 0.029743696090331437 0.020137438193627146 -0.06381543085992486 -0.016581015664117005
leaf_weight=5.8940270096063641 4.8390512466430682 4.5582333952188483 4.1457805484533301 5.3854685947299004
leaf_count=30 28 28 19 35
internal_value=0 -0.00624131 -0.0146086 0.0053435
internal_weight=0 18.9285 14.3703 10.2245
internal_count=140 110 82 63
is_linear=0
shrinkage=0.1


Tree=42
num_leaves=5
num_cat=0
split_feature=10 7 7 7
split_gain=0.363066 0.584939 0.822726 0.409376
threshold=609.00000000000011 63.500000000000007 30.500000000000004 105.50000000000001
decision_type=2 2 2 2
left_child=1 2 -1 -3
right_child=-2 3 -4 -5
leaf_value=0.018768372770434132 -0.024037280426942618 0.042286014005516279 -0.038150385963775735 0.00074080214280432765
leaf_weight=4.9350727200508171 4.968018226325511 5.3554554730653745 5.2314818203449249 4.2572673410177231
leaf_count=24 31 31 27 27
internal_value=0 0.00620118 -0.0105207 0.0238865
internal_weight=0 19.7793 10.1666 9.61272
internal_count=140 109 51 58
is_linear=0
shrinkage=0.1


Tree=43
num_leaves=4
num_cat=0
split_feature=0 3 3
split_gain=0.261054 0.566279 0.959368
threshold=2.6500000000000017 771.16666666667118 196.00000000000003
decision_type=2 2 2
left_child=1 2 -1
right_child=-2 -3 -4
leaf_value=0.0036139558200901528 0.023425745986374286 0.023669463210704379 -0.049366028486513711
leaf_weight=10.179079197347169 4.0253705382347098 5.3285256847739211 5.1457490622997275
leaf_count=62 21 31 26
internal_value=0 -0.00441164 -0.0141756
internal_weight=0 20.6534 15.3248
internal_count=140 119 88
is_linear=0
shrinkage=0.1


Tree=44
num_leaves=5
num_cat=0
split_feature=10 5 7 0
split_gain=0.33946 0.819214 0.529629 1.03905
threshold=379.83333333333582 123.42174432497008 36.500000000000007 0.15000000000000005
decision_type=2 2 2 2
left_child=1 -1 -2 -4
right_child=2 -3 3 -5
leaf_value=-0.0059090180981723264 -0.035412559540261797 0.05611197180518615 -0.04181183759825316 0.026861060349691893
leaf_weight=6.3593467399477976 5.106889732182025 3.2020558044314384 3.2888415679335576 6.6749319508671761
leaf_count=38 26 18 19 39
internal_value=0 0.0148614 -0.00922752 0.00419352
internal_weight=0 9.5614 15.0707 9.96377
internal_count=140 56 84 58
is_linear=0
shrinkage=0.1


Tree=45
num_leaves=5
num_cat=0
split_feature=10 7 7 7
split_gain=0.326202 0.515346 0.602494 0.479309
threshold=609.00000000000011 72.500000000000014 30.500000000000004 105.50000000000001
decision_type=2 2 2 2
left_child=1 2 -1 -3
right_child=-2 3 -4 -5
leaf_value=0.018665047435998613 -0.022785638892755596 0.050207914609694426 -0.027705353968674282 0.0018054203116212632
leaf_weight=4.9091672152280861 4.9614376425743094 3.936385825276373 6.5280618518590927 4.2599063366651535
leaf_count=24 31 24 34 27
internal_value=0 0.00591316 -0.00780193 0.0250514
internal_weight=0 19.6335 11.4372 8.19629
internal_count=140 109 58 51
is_linear=0
shrinkage=0.1


Tree=46
num_leaves=6
num_cat=0
split_feature=12 7 7 12 7
split_gain=0.250746 1.08756 1.05836 1.10611 0.334694
threshold=0.55000000000000004 90.500000000000014 51.500000000000007 2.4000000000000008 96.500000000000014
decision_type=2 2 2 2 2
left_child=4 2 3 -2 -1
right_child=1 -3 -4 -5 -6
leaf_value=0.0037279341141646495 0.052353065091894836 0.057550241457625523 -0.045295141319022875 -0.019954337393005148 -0.037080586243341478
leaf_weight=4.5762560591101664 4.0755046159029025 3.4057782441377631 4.4754885286092749 4.3992138653993607 3.5835781916975975
leaf_count=23 22 25 26 22 22
internal_value=0 0.00726751 -0.00595636 0.0148184 -0.0141941
internal_weight=0 16.356 12.9502 8.47472 8.15983
internal_count=140 95 70 44 45
is_linear=0
shrinkage=0.1


Tree=47
num_leaves=5
num_cat=0
split_feature=10 7 7 5
split_gain=0.317894 1.85746 0.533388 1.76476
threshold=399.00000000000369 45.500000000000007 42.500000000000007 135.79242636746184
decision_type=2 2 2 2
left_child=2 -2 -1 -4
right_child=1 -3 3 -5
leaf_value=-0.017675425988646545 0.040399378032607181 -0.046993695645605953 -0.0094698594984181945 0.079837715596588421
leaf_weight=4.7189789712429073 3.9592831805348379 6.3047017604112625 6.0024918839335424 3.5044426023960114
leaf_count=23 21 39 36 21
internal_value=0 -0.0132822 0.00980844 0.0234507
internal_weight=0 10.264 14.2259 9.50693
internal_count=140 60 80 57
is_linear=0
shrinkage=0.1


Tree=48
num_leaves=4
num_cat=0
split_feature=5 5 3
split_gain=0.204097 0.802369 0.395057
threshold=912.78571428571411 279.75243147657073 196.00000000000003
decision_type=2 2 2
left_child=1 2 -1
right_child=-2 -3 -4
leaf_value=0.0071338318185565162 -0.021734989009000356 0.04585127344816653 -0.023940799858923903
leaf_weight=10.272286199033269 3.6314277425408354 3.7484299689531317 6.7990383058786383
leaf_count=63 20 21 36
internal_value=0 0.00395666 -0.00524234
internal_weight=0 20.8198 17.0713
internal_count=140 120 99
is_linear=0
shrinkage=0.1


Tree=49
num_leaves=5
num_cat=0
split_feature=10 10 4 0
split_gain=0.296439 0.3645 0.495052 0.436595
threshold=348.50000000000489 466.00000000000006 1.0000000180025095e-35 1.6500000000000006
decision_type=2 2 2 2
left_child=-1 3 -3 -2
right_child=1 2 -4 -5
leaf_value=0.020166627558869988 -0.0022707509422386853 0.034480475469753274 -0.017988660745444068 -0.042838330364135098
leaf_weight=5.6723621785640743 7.2792176678776759 4.1108547672629348 3.1964553222060204 4.17417111992836
leaf_count=35 38 29 17 21
internal_value=0 -0.00592193 0.0115288 -0.0170555
internal_weight=0 18.7607 7.30731 11.4534
internal_count=140 105 46 59
is_linear=0
shrinkage=0.1


Tree=50
num_leaves=6
num_cat=0
split_feature=10 10 3 10 5
split_gain=0.301376 0.69142 0.454165 0.327829 0.032654
threshold=399.00000000000369 510.50000000000006 412.50000000000119 219.33333333333943 228.64923747276717
decision_type=2 2 2 2 2
left_child=2 -2 3 -1 -3
right_child=1 4 -4 -5 -6
leaf_value=0.016530186171083514 -0.046276119376621405 0.01419905144739271 0.028095600799670953 -0.026217993963885983 -0.00013701197462250893
leaf_weight=3.1585859656333941 3.8700389489531499 3.3120530098676682 6.843647375702858 4.1523167714476585 3.0537423864006996
leaf_count=19 20 22 36 25 18
internal_value=0 -0.0129428 0.00958158 -0.00774917 0.00732188
internal_weight=0 10.2358 14.1546 7.3109 6.3658
internal_count=140 60 80 44 40
is_linear=0
shrinkage=0.1


Tree=51
num_leaves=5
num_cat=0
split_feature=0 12 5 12
split_gain=0.264953 0.737855 0.2891 0.179402
threshold=0.65000000000000002 2.4000000000000008 346.36363636363666 1.0000000180025095e-35
decision_type=2 2 2 2
left_child=2 -2 3 -1
right_child=1 -3 -4 -5
leaf_value=-0.010706753074906254 0.039953480063670499 -0.013280218846780701 -0.031869175546179046 0.016668451857917609
leaf_weight=6.0471906512975711 4.9896856397390348 5.4451638981699944 3.9324989765882483 3.9626442939043045
leaf_count=35 27 29 22 27
internal_value=0 0.0121748 -0.00889522 0.000130409
internal_weight=0 10.4348 13.9423 10.0098
internal_count=140 56 84 62
is_linear=0
shrinkage=0.1


Tree=52
num_leaves=5
num_cat=0
split_feature=7 14 7 7
split_gain=0.295352 0.429338 1.08505 1.1545
threshold=30.500000000000004 1.0000000180025095e-35 63.500000000000007 105.50000000000001
decision_type=2 2 2 2
left_child=-1 -2 -3 -4
right_child=1 2 3 -5
leaf_value=0.019729596431334911 0.019820994464776854 -0.056395627949472664 0.032636736295553151 -0.038755308859918139
leaf_weight=5.8399260640144375 4.7626243010163352 4.3391161859035465 5.6524923220276815 3.7798168808221817
leaf_count=30 29 23 34 24
internal_value=0 -0.00606 -0.0150105 0.00402774
internal_weight=0 18.534 13.7714 9.43231
internal_count=140 110 81 58
is_linear=0
shrinkage=0.1


Tree=53
num_leaves=5
num_cat=0
split_feature=0 3 3 7
split_gain=0.256842 0.448208 0.799387 0.251164
threshold=2.6500000000000017 771.16666666667118 196.00000000000003 105.50000000000001
decision_type=2 2 2 2
left_child=1 2 3 -1
right_child=-2 -3 -4 -5
leaf_value=0.020063634203851804 0.023302393296779134 0.020868404822119661 -0.045533536425914616 -0.011677001229757405
leaf_weight=4.6943026855588013 3.9925384372472754 5.2007939964532843 5.0686734020709983 5.3164320811629295
leaf_count=27 21 31 26 35
internal_value=0 -0.00444559 -0.0131762 0.00320704
internal_weight=0 20.2802 15.0794 10.0107
internal_count=140 119 88 62
is_linear=0
shrinkage=0.1


Tree=54
num_leaves=5
num_cat=0
split_feature=10 12 7 3
split_gain=0.324052 0.871444 1.18053 0.394091
threshold=609.00000000000011 0.55000000000000004 75.500000000000014 764.66666666666515
decision_type=2 2 2 2
left_child=1 -1 3 -3
right_child=-2 2 -4 -5
leaf_value=-0.022285913863275043 -0.022800561956440868 -0.013163754915066756 0.073400636606990269 0.029759023002102869
leaf_weight=6.9755984097719255 4.9178651198744765 5.5697184354066831 3.274097464978694 3.4727583229541779
leaf_count=37 31 29 24 19
internal_value=0 0.0059553 0.02195 0.00332071
internal_weight=0 19.2922 12.3166 9.04248
internal_count=140 109 72 48
is_linear=0
shrinkage=0.1


Tree=55
num_leaves=5
num_cat=0
split_feature=10 10 10 10
split_gain=0.314858 0.5035 0.44475 0.41535
threshold=379.83333333333582 466.00000000000006 268.83333333332854 637.83333333333042
decision_type=2 2 2 2
left_child=2 -2 -1 -3
right_child=1 3 -4 -5
leaf_value=-0.0095753516318478581 -0.026741475057097164 0.034136826349526854 0.03443318957999849 -0.013881293245077853
leaf_weight=4.1828927323222178 7.6613362953066808 3.5958879217505455 5.091626800596714 3.6096313893795013
leaf_count=26 38 24 30 22
internal_value=0 -0.00889425 0.0145849 0.010082
internal_weight=0 14.8669 9.27452 7.20552
internal_count=140 84 56 46
is_linear=0
shrinkage=0.1


Tree=56
num_leaves=6
num_cat=0
split_feature=10 10 10 3 10
split_gain=0.288551 0.573908 1.4025 0.392952 0.119144
threshold=399.00000000000369 510.50000000000006 642.3333333333286 412.50000000000119 256.16666666667157
decision_type=2 2 2 2 2
left_child=3 -2 -3 4 -1
right_child=1 2 -4 -5 -6
leaf_value=0.0059861189760686256 -0.043060590671048567 0.052143687488033087 -0.042641181861705998 0.026735532267764314 -0.019715633381832888
leaf_weight=3.6229479312896746 3.8607783839106542 3.2052571251988411 3.0432518422603607 6.768157321959734 3.5917245596647263
leaf_count=22 20 21 19 36 22
internal_value=0 -0.0127488 0.00598 0.0094276 -0.00680914
internal_weight=0 10.1093 6.24851 13.9828 7.21467
internal_count=140 60 40 80 44
is_linear=0
shrinkage=0.1


Tree=57
num_leaves=5
num_cat=0
split_feature=0 12 12 7
split_gain=0.213206 0.603944 0.488198 0.257642
threshold=0.55000000000000016 2.4000000000000008 0.75000000000000011 105.50000000000001
decision_type=2 2 2 2
left_child=2 -2 3 -1
right_child=1 -3 -4 -5
leaf_value=0.023723280899317561 0.031687942581774764 -0.014339343232352362 -0.039715622862463329 -0.010690277180971052
leaf_weight=3.7419757992029208 6.0511567294597608 5.3902013227343559 3.6428465917706481 5.196739450097084
leaf_count=21 33 29 22 35
internal_value=0 0.0100038 -0.00885904 0.00371612
internal_weight=0 11.4414 12.5816 8.93872
internal_count=140 62 78 56
is_linear=0
shrinkage=0.1


Tree=58
num_leaves=6
num_cat=0
split_feature=10 0 10 10 0
split_gain=0.257556 0.320994 0.896264 0.968938 1.04818
threshold=348.50000000000489 0.15000000000000005 623.50000000000011 399.00000000000369 1.6500000000000006
decision_type=2 2 2 2 2
left_child=-1 -2 3 4 -3
right_child=1 2 -4 -5 -6
leaf_value=0.019015825305645578 -0.03223418085856368 0.044757534682051077 0.045009966275083912 -0.055383553082707961 -0.029068407412034414
leaf_weight=5.5476373024284866 3.624614059925082 3.7935240566730482 3.5226719900965682 3.6238828673958778 3.9006463065743446
leaf_count=35 22 21 22 20 20
internal_value=0 -0.00555535 0.000960536 -0.0127496 0.00733064
internal_weight=0 18.4653 14.8407 11.3181 7.69417
internal_count=140 105 83 61 41
is_linear=0
shrinkage=0.1


Tree=59
num_leaves=5
num_cat=0
split_feature=10 12 7 7
split_gain=0.286302 0.792584 1.07584 0.369463
threshold=609.00000000000011 0.55000000000000004 75.500000000000014 30.500000000000004
decision_type=2 2 2 2
left_child=1 -1 3 -3
right_child=-2 2 -4 -5
leaf_value=-0.021414259811104643 -0.021611433740059697 0.027376569965268539 0.071144306294280452 -0.013658525596220534
leaf_weight=6.9175548702478471 4.8354327380657187 3.7529624179005605 3.1637670807540408 5.2824043408036232
leaf_count=37 31 19 24 29
internal_value=0 0.00562561 0.0209587 0.00338596
internal_weight=0 19.1167 12.1991 9.03537
internal_count=140 109 72 48
is_linear=0
shrinkage=0.1


Tree=60
num_leaves=6
num_cat=0
split_feature=5 7 7 10 10
split_gain=0.242712 0.658301 0.6268 0.265422 0.197042
threshold=228.64923747276717 51.500000000000007 36.500000000000007 399.00000000000369 268.83333333332854
decision_type=2 2 2 2 2
left_child=1 -1 -2 4 -3
right_child=2 3 -4 -5 -6
leaf_value=0.039001828966755928 -0.04330087439335998 -0.010073518988001439 0.011758865566689012 -0.024599095470877255 0.025005265439414739
leaf_weight=4.6524975746870068 3.8391001448035222 3.2665458992123586 4.4806539043784142 4.4832600280642509 3.1410809308290482
leaf_count=23 20 21 27 29 20
internal_value=0 0.00751508 -0.0136481 -0.00593581 0.00712244
internal_weight=0 15.5434 8.31975 10.8909 6.40763
internal_count=140 93 47 70 41
is_linear=0
shrinkage=0.1


Tree=61
num_leaves=5
num_cat=0
split_feature=10 12 3 3
split_gain=0.211019 0.619431 0.804502 0.948836
threshold=609.00000000000011 0.55000000000000004 358.33333333333513 764.66666666666515
decision_type=2 2 2 2
left_child=1 -1 -3 -4
right_child=-2 2 3 -5
leaf_value=-0.01889330669935857 -0.018471565334853526 0.058168257906136944 -0.02883942464163235 0.038510688917240458
leaf_weight=6.945407569408423 4.8554580137133589 3.602461300790309 4.6101616062223894 3.8291985280811787
leaf_count=37 31 26 23 23
internal_value=0 0.00488949 0.0186068 0.0017194
internal_weight=0 18.9872 12.0418 8.43936
internal_count=140 109 72 46
is_linear=0
shrinkage=0.1


Tree=62
num_leaves=6
num_cat=0
split_feature=5 3 10 10 7
split_gain=0.205136 0.912611 0.61604 0.776655 0.528034
threshold=228.64923747276717 412.50000000000119 466.00000000000006 348.50000000000489 36.500000000000007
decision_type=2 2 2 2 2
left_child=1 2 3 -1 -2
right_child=4 -3 -4 -5 -6
leaf_value=0.0032439918293710049 -0.039547603853614562 0.049267397005390734 0.028163476066953786 -0.059738274994436763 0.010934163694350359
leaf_weight=4.8751095235347766 3.8695960789918882 3.8331026136875144 3.4897377490997306 3.2719669863581657 4.460364043712616
leaf_count=31 20 19 25 18 27
internal_value=0 0.00694789 -0.00699192 -0.0220505 -0.0125166
internal_weight=0 15.4699 11.6368 8.14708 8.32996
internal_count=140 93 74 49 47
is_linear=0
shrinkage=0.1


Tree=63
num_leaves=4
num_cat=0
split_feature=0 5 12
split_gain=0.179182 0.821488 0.463082
threshold=0.55000000000000016 279.75243147657073 0.75000000000000011
decision_type=2 2 2
left_child=2 -2 -1
right_child=1 -3 -4
leaf_value=0.0041578658026732744 -0.012435411478890339 0.042620208285700401 -0.038502171243981594
leaf_weight=8.7851111665368098 6.8976823017001134 4.4642272219061852 3.5821264050900927
leaf_count=56 37 25 22
internal_value=0 0.00919659 -0.00819846
internal_weight=0 11.3619 12.3672
internal_count=140 62 78
is_linear=0
shrinkage=0.1


Tree=64
num_leaves=6
num_cat=0
split_feature=5 3 10 7 7
split_gain=0.201578 0.766513 0.498642 0.440913 0.406279
threshold=228.64923747276717 412.50000000000119 466.00000000000006 36.500000000000007 90.500000000000014
decision_type=2 2 2 2 2
left_child=1 2 4 -2 -1
right_child=3 -3 -4 -5 -6
leaf_value=-0.044290736768925185 -0.037042423485077122 0.045933770669544599 0.025879549113878398 0.0091244493988196628 0.00065407587195893621
leaf_weight=3.6289953440427798 3.8795258030295354 3.7920911461114875 3.4723332226276389 4.4318824745714664 4.5116917416453362
leaf_count=22 20 19 25 27 27
internal_value=0 0.0068982 -0.00584839 -0.0124249 -0.0193816
internal_weight=0 15.4051 11.613 8.31141 8.14069
internal_count=140 93 74 47 49
is_linear=0
shrinkage=0.1


Tree=65
num_leaves=5
num_cat=0
split_feature=7 14 7 7
split_gain=0.218548 0.354965 0.901768 0.926935
threshold=30.500000000000004 1.0000000180025095e-35 63.500000000000007 105.50000000000001
decision_type=2 2 2 2
left_child=-1 -2 -3 -4
right_child=1 2 3 -5
leaf_value=0.017138471223565543 0.01862581105737247 -0.051526909614496609 0.030137055165956279 -0.035066560972538935
leaf_weight=5.7264912575483349 4.6120648570358798 4.2595011889934513 5.4850256629288179 3.6186127439141273
leaf_count=30 29 23 34 24
internal_value=0 -0.00529425 -0.0135499 0.00421922
internal_weight=0 17.9752 13.3631 9.10364
internal_count=140 110 81 58
is_linear=0
shrinkage=0.1


Tree=66
num_leaves=5
num_cat=0
split_feature=10 12 7 7
split_gain=0.209465 0.720662 1.03539 0.308495
threshold=348.50000000000489 2.4000000000000008 51.500000000000007 87.500000000000014
decision_type=2 2 2 2
left_child=-1 2 -2 -4
right_child=1 -3 3 -5
leaf_value=0.017351729808979532 0.043392717745631179 -0.039549746943214233 -0.03389404507984712 0.0036954553521522182
leaf_weight=5.4319427534937885 4.8759209811687496 4.5373511016368857 4.1467173323035222 4.6111499816179276
leaf_count=35 26 24 23 32
internal_value=0 -0.00502887 0.00645974 -0.0141026
internal_weight=0 18.1711 13.6338 8.75787
internal_count=140 105 81 55
is_linear=0
shrinkage=0.1


Tree=67
num_leaves=6
num_cat=0
split_feature=0 12 7 10 10
split_gain=0.194116 0.574308 0.392312 0.346166 0.542577
threshold=0.65000000000000002 2.4000000000000008 72.500000000000014 524.3333333333286 268.83333333332854
decision_type=2 2 2 2 2
left_child=2 -2 -1 4 -4
right_child=1 -3 3 -5 -6
leaf_value=-0.036383990248307602 0.035722373080879326 -0.011997240183953005 -0.016486572983740885 -0.026037460902050082 0.039745745540513133
leaf_weight=3.5292539447546032 4.7880533710122091 5.3290104195475578 3.0964715853333455 2.9867580384016037 3.8485288061201572
leaf_count=17 27 29 20 21 26
internal_value=0 0.0105868 -0.00774559 0.00243107 0.0146742
internal_weight=0 10.1171 13.461 9.93176 6.945
internal_count=140 56 84 67 46
is_linear=0
shrinkage=0.1


Tree=68
num_leaves=6
num_cat=0
split_feature=7 7 10 3 10
split_gain=0.204471 0.25663 0.615217 1.22702 0.359904
threshold=30.500000000000004 96.500000000000014 357.33333333333218 730.3333333333286 382.33333333333491
decision_type=2 2 2 2 2
left_child=-1 2 -2 -4 -3
right_child=1 4 3 -5 -6
leaf_value=0.016589729299699745 -0.049903021379376272 0.035118786272511221 0.041189214697131465 -0.035318170033147751 -0.013597846947444994
leaf_weight=5.7100622132420567 3.3642715513706234 3.1343581266701213 3.9602485299110395 4.4536968991160393 2.9378503635525703
leaf_count=30 22 21 20 24 23
internal_value=0 -0.00515045 -0.0137597 0.000692078 0.0115487
internal_weight=0 17.8504 11.7782 8.41395 6.07221
internal_count=140 110 66 44 44
is_linear=0
shrinkage=0.1


Tree=69
num_leaves=6
num_cat=0
split_feature=0 10 10 10 0
split_gain=0.223588 0.641058 1.02862 0.346389 0.169718
threshold=0.15000000000000005 623.50000000000011 399.00000000000369 357.33333333333218 1.6500000000000006
decision_type=2 2 2 2 2
left_child=3 2 4 -1 -2
right_child=1 -3 -4 -5 -6
leaf_value=0.0043425100755106862 0.028337903499297393 0.044726885391797561 -0.049107763763417217 -0.039570824892972825 0.0010108470572021055
leaf_weight=4.2211944088339832 4.3719068653881568 3.4782349467277518 3.5845582187175742 3.1268518716096878 4.7332621961832047
leaf_count=26 26 22 20 20 26
internal_value=0 0.00669325 -0.00373171 -0.0143442 0.0141321
internal_weight=0 16.168 12.6897 7.34805 9.10517
internal_count=140 94 72 46 52
is_linear=0
shrinkage=0.1


Tree=70
num_leaves=5
num_cat=0
split_feature=10 7 10 7
split_gain=0.19948 0.324467 0.520915 0.446291
threshold=609.00000000000011 63.500000000000007 350.33333333333036 30.500000000000004
decision_type=2 2 2 2
left_child=1 3 -3 -1
right_child=-2 2 -4 -5
leaf_value=0.013885247344603538 -0.018097691537091135 -0.0066297532409742461 0.041649172550808265 -0.028941062981712853
leaf_weight=4.793822601437574 4.7856843769550315 4.289954721927641 4.6652329377830029 4.9416460767388344
leaf_count=24 31 28 30 27
internal_value=0 0.0047836 0.0185213 -0.00785305
internal_weight=0 18.6907 8.95519 9.73547
internal_count=140 109 58 51
is_linear=0
shrinkage=0.1


Tree=71
num_leaves=6
num_cat=0
split_feature=0 10 10 10 0
split_gain=0.209077 0.567395 0.808968 0.32731 0.117339
threshold=0.15000000000000005 623.50000000000011 399.00000000000369 357.33333333333218 1.6500000000000006
decision_type=2 2 2 2 2
left_child=3 2 4 -1 -2
right_child=1 -3 -4 -5 -6
leaf_value=0.0042466558500973296 0.024599853300575548 0.042450515755782674 -0.043314824084349536 -0.038525898908411654 0.0017961345129362434
leaf_weight=4.2187472656369236 4.3115109726786631 3.4475252032279959 3.6123391166329375 3.106455035507679 4.7341168746352196
leaf_count=26 26 22 20 20 26
internal_value=0 0.00648518 -0.00331034 -0.0138922 0.0126653
internal_weight=0 16.1055 12.658 7.3252 9.04563
internal_count=140 94 72 46 52
is_linear=0
shrinkage=0.1


Tree=72
num_leaves=6
num_cat=0
split_feature=5 5 5 7 7
split_gain=0.198301 0.527924 0.853902 1.48809 0.403323
threshold=912.78571428571411 279.75243147657073 150.81410825199643 51.500000000000007 96.500000000000014
decision_type=2 2 2 2 2
left_child=1 2 3 -1 -5
right_child=-2 -3 -4 4 -6
leaf_value=0.065490002180024154 -0.021835187259505659 0.039013464481304466 -0.049647372500944253 -0.035779798269358939 0.0053505974051023869
leaf_weight=3.3296545967459776 3.500522155314683 3.5357554145157328 3.2314003407955161 4.1062418743967992 5.6847020387649536
leaf_count=17 20 21 18 24 40
internal_value=0 0.00397565 -0.0036005 0.00774013 -0.0118992
internal_weight=0 19.8878 16.352 13.1206 9.79094
internal_count=140 120 99 81 64
is_linear=0
shrinkage=0.1


Tree=73
num_leaves=5
num_cat=0
split_feature=7 0 0 7
split_gain=0.199899 0.599644 0.996683 0.365136
threshold=36.500000000000007 0.25000000000000006 0.84999999999999998 108.50000000000001
decision_type=2 2 2 2
left_child=-1 3 -3 -2
right_child=1 2 -4 -5
leaf_value=-0.014290072325052148 -0.037618068994111346 0.064713515715069087 -0.0044746124933386453 0.0054744079800740511
leaf_weight=6.8145356103777912 3.5405688434839275 3.5769714005291444 4.9818984121084213 4.4222927168011665
leaf_count=36 20 25 28 31
internal_value=0 0.00606513 0.0244409 -0.013686
internal_weight=0 16.5217 8.55887 7.96286
internal_count=140 104 53 51
is_linear=0
shrinkage=0.1


Tree=74
num_leaves=5
num_cat=0
split_feature=12 4 12 12
split_gain=0.166161 0.363009 0.372608 0.285742
threshold=1.5000000000000002 1.0000000180025095e-35 1.0000000180025095e-35 3.0000000000000013
decision_type=2 2 2 2
left_child=1 2 -1 -2
right_child=3 -3 -4 -5
leaf_value=-0.01142506797434252 0.030867278611003131 -0.026286634593040495 0.027983847861275047 -0.0070882494067761592
leaf_weight=5.5270908921957034 3.9645998589694491 5.5824471488595 4.2394066825509071 3.9692402929067612
leaf_count=33 25 27 32 23
internal_value=0 -0.00594544 0.00568141 0.0118784
internal_weight=0 15.3489 9.7665 7.93384
internal_count=140 92 65 48
is_linear=0
shrinkage=0.1


Tree=75
num_leaves=5
num_cat=0
split_feature=10 12 3 3
split_gain=0.217615 0.523878 0.766117 0.852145
threshold=609.00000000000011 0.55000000000000004 358.33333333333513 764.66666666666515
decision_type=2 2 2 2
left_child=1 -1 -3 -4
right_child=-2 2 3 -5
leaf_value=-0.016924283844081432 -0.019103914196443233 0.057689502604602275 -0.027576201186706329 0.037046809493115979
leaf_weight=6.8653442934155526 4.6968208104372016 3.419334650039672 4.5516545325517637 3.698598824441433
leaf_count=37 31 26 23 23
internal_value=0 0.00499449 0.0178895 0.00139437
internal_weight=0 18.5349 11.6696 8.25025
internal_count=140 109 72 46
is_linear=0
shrinkage=0.1


Tree=76
num_leaves=6
num_cat=0
split_feature=5 0 7 7 7
split_gain=0.227102 0.605293 0.340666 0.184727 0.170485
threshold=228.64923747276717 1.3500000000000003 36.500000000000007 90.500000000000014 117.50000000000001
decision_type=2 2 2 2 2
left_child=1 3 -2 -1 -5
right_child=2 -3 -4 4 -6
leaf_value=-0.023585430270499533 -0.035070379148117635 0.037657110350837505 0.0060713807574076725 0.019490975372618541 -0.012305843818052369
leaf_weight=3.7718308791518229 3.8237487152218801 4.5908415615558615 4.2491862587630749 3.4711199104785919 3.2792907953262329
leaf_count=22 20 25 27 23 23
internal_value=0 0.0073591 -0.0134154 -0.00585989 0.00404436
internal_weight=0 15.1131 8.07293 10.5222 6.75041
internal_count=140 93 47 68 46
is_linear=0
shrinkage=0.1


Tree=77
num_leaves=5
num_cat=0
split_feature=10 0 10 10
split_gain=0.187292 0.330069 0.814694 0.456301
threshold=348.50000000000489 1.6500000000000006 609.00000000000011 399.33333333333036
decision_type=2 2 2 2
left_child=-1 2 3 -2
right_child=1 -3 -4 -5
leaf_value=0.016469261097565229 0.0012404811382157872 -0.026022345135925253 -0.032835331940076325 0.047941435838129716
leaf_weight=5.3803104013204601 4.8161738738417643 5.1985730603337279 4.0763254165649405 3.6991005018353462
leaf_count=35 28 28 27 22
internal_value=0 -0.00482356 0.00392858 0.0215277
internal_weight=0 17.7902 12.5916 8.51527
internal_count=140 105 77 50
is_linear=0
shrinkage=0.1


Tree=78
num_leaves=5
num_cat=0
split_feature=10 10 10 5
split_gain=0.176742 1.33224 0.440803 0.473702
threshold=466.00000000000006 642.3333333333286 379.83333333333582 102.95752895752945
decision_type=2 2 2 2
left_child=2 -2 3 -1
right_child=1 -3 -4 -5
leaf_value=-0.0085837769475840681 0.051646186311362585 -0.037625223985584079 -0.023457686906029958 0.039079089897157353
leaf_weight=5.4798749089241081 3.9238407090306273 2.9125453904271126 7.4538845196366301 3.3660067468881607
leaf_count=36 27 19 38 20
internal_value=0 0.0136134 -0.00554293 0.00955275
internal_weight=0 6.83639 16.2998 8.84588
internal_count=140 46 94 56
is_linear=0
shrinkage=0.1


Tree=79
num_leaves=6
num_cat=0
split_feature=3 5 3 10 10
split_gain=0.184669 0.322702 0.579559 0.478603 0.30117
threshold=832.3333333333386 228.64923747276717 412.50000000000119 466.00000000000006 256.16666666667157
decision_type=2 2 2 2 2
left_child=1 2 3 4 -1
right_child=-2 -3 -4 -5 -6
leaf_value=0.0020287410319113301 0.022339474790890459 -0.025007403024765097 0.040154314609312187 0.025386898225627147 -0.037097934957965033
leaf_weight=3.4883656874299103 3.2184722833335391 5.1557206176221362 3.4160975590348235 3.26676070317626 4.5116312354803085
leaf_count=22 22 27 17 25 27
internal_value=0 -0.00348424 0.00407337 -0.00686642 -0.0200369
internal_weight=0 19.8386 14.6829 11.2668 8
internal_count=140 118 91 74 49
is_linear=0
shrinkage=0.1


Tree=80
num_leaves=5
num_cat=0
split_feature=10 3 10 10
split_gain=0.163444 0.276854 0.620573 0.362637
threshold=348.50000000000489 771.16666666667118 466.00000000000006 382.33333333333036
decision_type=2 2 2 2
left_child=-1 2 3 -2
right_child=1 -3 -4 -5
leaf_value=0.015427846800304103 -0.0067562239492812886 0.012982741787514924 0.021597534281635279 -0.048967495938956301
leaf_weight=5.3495349772274521 3.9258274808526057 5.9739541932940474 3.5209676250815383 4.2261821627616882
leaf_count=35 22 37 27 19
internal_value=0 -0.00452582 -0.0134863 -0.0286395
internal_weight=0 17.6469 11.673 8.15201
internal_count=140 105 68 41
is_linear=0
shrinkage=0.1


Tree=81
num_leaves=5
num_cat=0
split_feature=7 0 7 7
split_gain=0.183673 0.196314 0.560997 0.209395
threshold=30.500000000000004 0.65000000000000002 90.500000000000014 117.50000000000001
decision_type=2 2 2 2
left_child=-1 2 -2 -4
right_child=1 -3 3 -5
leaf_value=0.015880493773409207 -0.039002251512809262 0.010008135293285659 0.022382267252019958 -0.012740224092853756
leaf_weight=5.5858305692672756 4.7240598313510436 5.8185791894793502 3.604377169162035 3.2084167376160622
leaf_count=30 27 34 26 23
internal_value=0 -0.00496776 -0.0125208 0.00584168
internal_weight=0 17.3554 11.5369 6.81279
internal_count=140 110 76 49
is_linear=0
shrinkage=0.1


Tree=82
num_leaves=5
num_cat=0
split_feature=10 0 10 0
split_gain=0.169136 0.290188 0.627472 0.235191
threshold=609.00000000000011 1.6500000000000006 268.83333333332854 0.45000000000000007
decision_type=2 2 2 2
left_child=1 2 -1 -4
right_child=-2 -3 3 -5
leaf_value=-0.02153712209807401 -0.016829580319626333 -0.01505210531770737 0.012368410654521263 0.044728437351973731
leaf_weight=3.79593243449927 4.6920394301414481 5.3780273571610442 5.0091255828738195 4.0715484023094177
leaf_count=24 31 30 34 21
internal_value=0 0.00445721 0.0126055 0.0268778
internal_weight=0 18.2546 12.8766 9.08067
internal_count=140 109 79 55
is_linear=0
shrinkage=0.1


Tree=83
num_leaves=4
num_cat=0
split_feature=10 7 10
split_gain=0.176763 0.305705 0.789357
threshold=348.50000000000489 45.500000000000007 399.00000000000369
decision_type=2 2 2
left_child=-1 -2 -3
right_child=1 2 -4
leaf_value=0.015981063478100584 0.010774410210048832 0.016467383748125852 -0.039754274739968315
leaf_weight=5.3698288500309017 7.3743261024355915 4.3328849114477617 5.8947054445743561
leaf_count=35 39 27 39
internal_value=0 -0.00474576 -0.0159362
internal_weight=0 17.6019 10.2276
internal_count=140 105 66
is_linear=0
shrinkage=0.1


Tree=84
num_leaves=5
num_cat=0
split_feature=7 0 0 7
split_gain=0.158509 0.522911 0.992978 0.286022
threshold=36.500000000000007 0.25000000000000006 0.84999999999999998 108.50000000000001
decision_type=2 2 2 2
left_child=-1 3 -3 -2
right_child=1 2 -4 -5
leaf_value=-0.012798323562059233 -0.034130434043583624 0.063349715934218023 -0.0062892071634176984 0.0043532646643069392
leaf_weight=6.7362994998693493 3.557063780725005 3.5091635733842832 4.9159586057066917 4.2254895530641079
leaf_count=36 20 25 28 31
internal_value=0 0.00545282 0.0227162 -0.0132359
internal_weight=0 16.2077 8.42512 7.78255
internal_count=140 104 53 51
is_linear=0
shrinkage=0.1


Tree=85
num_leaves=6
num_cat=0
split_feature=5 3 12 7 7
split_gain=0.188766 0.608939 0.395986 0.48073 0.253136
threshold=228.64923747276717 412.50000000000119 0.75000000000000011 105.50000000000001 36.500000000000007
decision_type=2 2 2 2 2
left_child=1 2 3 -1 -2
right_child=4 -3 -4 -5 -6
leaf_value=0.036554383909954684 -0.030966373350894402 0.04228141855352692 -0.034647392986970234 -0.013166682237649194 0.0046465551437347664
leaf_weight=3.2747229412198084 3.8043756783008558 3.6447047740221015 3.1785631254315367 4.7872661761939526 4.1986300610005856
leaf_count=19 20 19 20 35 27
internal_value=0 0.00676155 -0.00475563 0.00702966 -0.0122827
internal_weight=0 14.8853 11.2406 8.06199 8.00301
internal_count=140 93 74 54 47
is_linear=0
shrinkage=0.1


Tree=86
num_leaves=5
num_cat=0
split_feature=10 12 7 10
split_gain=0.160487 0.541144 0.881477 0.333144
threshold=348.50000000000489 2.4000000000000008 51.500000000000007 582.66666666665708
decision_type=2 2 2 2
left_child=-1 2 -2 -4
right_child=1 -3 3 -5
leaf_value=0.015271100158836993 0.040698665050527834 -0.034514240385550884 0.00070414016367275028 -0.041434970068850989
leaf_weight=5.3431014567613628 4.6486400589346912 4.478146754205226 5.5197727903723699 2.8421405181288719
leaf_count=35 26 24 35 20
internal_value=0 -0.00453114 0.00578885 -0.0136186
internal_weight=0 17.4887 13.0106 8.36191
internal_count=140 105 81 55
is_linear=0
shrinkage=0.1


Tree=87
num_leaves=6
num_cat=0
split_feature=5 3 10 10 7
split_gain=0.17353 0.531958 0.464968 0.493424 0.241965
threshold=228.64923747276717 412.50000000000119 466.00000000000006 348.50000000000489 36.500000000000007
decision_type=2 2 2 2 2
left_child=1 2 3 -1 -2
right_child=4 -3 -4 -5 -6
leaf_value=0.0028130556094569988 -0.029984236732960631 0.03991901777986518 0.027821753417595175 -0.048160410134114394 0.004828487025452923
leaf_weight=4.8321886882185954 3.8137270361185056 3.6059876680374137 3.2186162248253822 3.1285344958305359 4.1901094652712345
leaf_count=31 20 19 25 18 27
internal_value=0 0.00652111 -0.00425166 -0.0172193 -0.0117593
internal_weight=0 14.7853 11.1793 7.96072 8.00384
internal_count=140 93 74 49 47
is_linear=0
shrinkage=0.1


Tree=88
num_leaves=5
num_cat=0
split_feature=3 3 10 10
split_gain=0.168214 0.218152 0.301987 0.334802
threshold=832.3333333333386 730.3333333333286 466.00000000000006 348.50000000000489
decision_type=2 2 2 2
left_child=1 2 3 -1
right_child=-2 -3 -4 -5
leaf_value=0.013288965056600988 0.021488184787645942 -0.021641052238587252 0.029161849191839413 -0.021180067208297505
leaf_weight=5.2941870875656658 3.1638383343815795 4.8961137235164633 3.3398777842521659 6.0246614851057529
leaf_count=35 22 25 26 32
internal_value=0 -0.00336533 0.00273888 -0.0050578
internal_weight=0 19.5548 14.6587 11.3188
internal_count=140 118 93 67
is_linear=0
shrinkage=0.1


Tree=89
num_leaves=5
num_cat=0
split_feature=10 12 12 10
split_gain=0.137654 0.484938 0.623295 0.32863
threshold=609.00000000000011 0.55000000000000004 1.25 382.33333333333036
decision_type=2 2 2 2
left_child=1 -1 -3 -4
right_child=-2 2 3 -5
leaf_value=-0.01717459736140042 -0.015271843858973594 0.046886838016836789 0.018817349745453613 -0.024547226153247399
leaf_weight=6.7402984872460427 4.6383240222930899 4.2627782411873323 3.7120355740189552 3.3022187799215317
leaf_count=37 31 29 24 19
internal_value=0 0.00404592 0.0167295 -0.00159812
internal_weight=0 18.0173 11.277 7.01425
internal_count=140 109 72 43
is_linear=0
shrinkage=0.1


Tree=90
num_leaves=5
num_cat=0
split_feature=7 12 0 7
split_gain=0.203942 0.357533 0.87638 0.299452
threshold=30.500000000000004 1.5000000000000002 0.45000000000000007 105.50000000000001
decision_type=2 2 2 2
left_child=-1 2 3 -2
right_child=1 -3 -4 -5
leaf_value=0.016761671572136341 0.02208532803528377 0.020927775422418506 -0.052826567386398973 -0.014037629918213848
leaf_weight=5.541617780923846 4.4894245564937609 3.9823332950472823 3.9264353811740866 4.6946980580687523
leaf_count=30 28 28 19 35
internal_value=0 -0.00531395 -0.0132849 0.00362016
internal_weight=0 17.0929 13.1106 9.18412
internal_count=140 110 82 63
is_linear=0
shrinkage=0.1


Tree=91
num_leaves=5
num_cat=0
split_feature=0 5 12 10
split_gain=0.143516 0.58901 0.309985 0.137385
threshold=0.55000000000000016 279.75243147657073 0.75000000000000011 446.00000000000006
decision_type=2 2 2 2
left_child=2 -2 3 -1
right_child=1 -3 -4 -5
leaf_value=-0.0063003705334963899 -0.01025764959174859 0.037690112811088403 -0.032708576897968043 0.020806436589295443
leaf_weight=5.505068104714157 6.5728831216692907 4.1986208856105804 3.4574507847428313 2.8314110040664673
leaf_count=33 37 25 22 23
internal_value=0 0.00843189 -0.00753444 0.00290622
internal_weight=0 10.7715 11.7939 8.33648
internal_count=140 62 78 56
is_linear=0
shrinkage=0.1


Tree=92
num_leaves=5
num_cat=0
split_feature=7 12 0 7
split_gain=0.158588 0.297631 0.735115 0.270625
threshold=30.500000000000004 1.5000000000000002 0.45000000000000007 105.50000000000001
decision_type=2 2 2 2
left_child=-1 2 3 -2
right_child=1 -3 -4 -5
leaf_value=0.014839632523057023 0.021188349292142174 0.019357615516152768 -0.048177813545411362 -0.013178729283403398
leaf_weight=5.5064190104603794 4.4648804664611834 3.9558202177286139 3.9218018352985373 4.7067119181156158
leaf_count=30 28 28 19 35
internal_value=0 -0.00468019 -0.0119426 0.00355172
internal_weight=0 17.0492 13.0934 9.17159
internal_count=140 110 82 63
is_linear=0
shrinkage=0.1


Tree=93
num_leaves=5
num_cat=0
split_feature=7 14 10 7
split_gain=0.128998 0.296369 1.01563 0.379694
threshold=30.500000000000004 1.0000000180025095e-35 466.00000000000006 72.500000000000014
decision_type=2 2 2 2
left_child=-1 -2 3 -3
right_child=1 2 -4 -5
leaf_value=0.013424241247029537 0.018107799548326191 -0.058187376311309873 0.028138798397684614 -0.014777513539168599
leaf_weight=5.4797634780406979 4.4057392515242144 3.351354859769339 4.1988880112767228 5.0527531057596207
leaf_count=30 29 20 28 33
internal_value=0 -0.00421805 -0.0120227 -0.0320883
internal_weight=0 17.0087 12.603 8.40411
internal_count=140 110 81 53
is_linear=0
shrinkage=0.1


Tree=94
num_leaves=5
num_cat=0
split_feature=10 12 7 10
split_gain=0.134053 0.524772 0.801366 0.387781
threshold=348.50000000000489 2.4000000000000008 51.500000000000007 582.66666666665708
decision_type=2 2 2 2
left_child=-1 2 -2 -4
right_child=1 -3 3 -5
leaf_value=0.014108174129443233 0.03992104646561042 -0.03379839493131339 0.0031905842786815602 -0.042479584378957623
leaf_weight=5.2250823937356499 4.5272966846823719 4.4397845901548854 5.4382191412150842 2.8249550685286522
leaf_count=35 26 24 35 20
internal_value=0 -0.00417724 0.00610475 -0.0124228
internal_weight=0 17.2303 12.7905 8.26317
internal_count=140 105 81 55
is_linear=0
shrinkage=0.1


Tree=95
num_leaves=5
num_cat=0
split_feature=7 0 0 7
split_gain=0.138056 0.483049 0.847531 0.295088
threshold=36.500000000000007 0.25000000000000006 0.84999999999999998 108.50000000000001
decision_type=2 2 2 2
left_child=-1 3 -3 -2
right_child=1 2 -4 -5
leaf_value=-0.012043038376872929 -0.034350445567447423 0.06005475107004378 -0.005249330560314831 0.0051370712624238188
leaf_weight=6.6214643567800548 3.4909331277012816 3.4153909832239133 4.7530876286327839 4.133078571408987
leaf_count=36 20 25 28 31
internal_value=0 0.00515921 0.0220555 -0.0129437
internal_weight=0 15.7925 8.16848 7.62401
internal_count=140 104 53 51
is_linear=0
shrinkage=0.1


Tree=96
num_leaves=6
num_cat=0
split_feature=5 3 3 10 10
split_gain=0.19312 0.510037 0.331212 0.301725 0.357708
threshold=228.64923747276717 412.50000000000119 771.16666666667118 466.00000000000006 348.50000000000489
decision_type=2 2 2 2 2
left_child=1 3 -2 4 -1
right_child=2 -3 -4 -5 -6
leaf_value=0.0029989872465408592 -0.03776291660698082 0.039818293625556826 0.0041847696035583054 0.022587940073602226 -0.040706786108426075
leaf_weight=4.7547305822372454 3.1316449828445903 3.5574327111244193 4.7182433344423771 3.1113602556288242 3.0893504619598389
leaf_count=31 16 19 31 25 18
internal_value=0 0.0069202 -0.0125499 -0.00376242 -0.0142143
internal_weight=0 14.5129 7.84989 10.9554 7.84408
internal_count=140 93 47 74 49
is_linear=0
shrinkage=0.1


Tree=97
num_leaves=5
num_cat=0
split_feature=0 12 7 10
split_gain=0.133296 0.422973 0.294364 0.271715
threshold=0.65000000000000002 2.4000000000000008 90.500000000000014 382.33333333333491
decision_type=2 2 2 2
left_child=2 -2 -1 -4
right_child=1 -3 3 -5
leaf_value=-0.022358677857047538 0.031547796297688856 -0.010637310113024332 0.02833873863358366 -0.012255779735226952
leaf_weight=6.1460914462804812 4.4492794126272184 5.1026428677141666 3.3006133921444416 3.2947578690946102
leaf_count=35 27 29 23 26
internal_value=0 0.00901249 -0.0066133 0.0080595
internal_weight=0 9.55192 12.7415 6.59537
internal_count=140 56 84 49
is_linear=0
shrinkage=0.1


Tree=98
num_leaves=6
num_cat=0
split_feature=5 3 3 12 7
split_gain=0.15354 0.431777 0.270106 0.245321 0.450686
threshold=228.64923747276717 412.50000000000119 771.16666666667118 0.75000000000000011 105.50000000000001
decision_type=2 2 2 2 2
left_child=1 3 -2 4 -1
right_child=2 -3 -4 -5 -6
leaf_value=0.035069869723098196 -0.033937764638722216 0.036636880248330984 0.0039573335286683135 -0.02728521348955612 -0.013934662070439375
leaf_weight=3.1495670825243014 3.1329870484769335 3.5229366868734351 4.7064895145595074 3.1272572726011276 4.6438672356307507
leaf_count=19 16 19 31 20 35
internal_value=0 0.00619551 -0.0111872 -0.00362465 0.00586958
internal_weight=0 14.4436 7.83948 10.9207 7.79343
internal_count=140 93 47 74 54
is_linear=0
shrinkage=0.1


Tree=99
num_leaves=6
num_cat=0
split_feature=5 0 3 0 12
split_gain=0.124686 0.368803 0.21798 0.0774606 0.0743261
threshold=228.64923747276717 2.2000000000000011 771.16666666667118 0.25000000000000006 0.55000000000000004
decision_type=2 2 2 2 2
left_child=1 3 -2 4 -1
right_child=2 -3 -4 -5 -6
leaf_value=-0.016617004482771227 -0.03045713282495445 0.034992652875888756 0.0035660048215716356 0.009675187291413357 0.0033225596504502749
leaf_weight=4.637284882366659 3.1414412185549727 3.2938118651509276 4.7009845860302448 3.317283421754837 3.1320641376078129
leaf_count=27 16 19 31 22 25
internal_value=0 0.00561201 -0.0100626 -0.0031169 -0.00857875
internal_weight=0 14.3804 7.84243 11.0866 7.76935
internal_count=140 93 47 74 52
is_linear=0
shrinkage=0.1


end of trees

feature_importances:
taskNum=104
s_view_position=104
response_time=65
scroll_time=60
scroll_length=39
s_scroll_speed=32
predicted_isAnswerCorrect=11
event_scroll=5
s_choice_left=3

parameters:
[boosting: gbdt]
[objective: binary]
[metric: binary_error]
[tree_learner: serial]
[device_type: cpu]
[data_sample_strategy: bagging]
[data: ]
[valid: ]
[num_iterations: 100]
[learning_rate: 0.1]
[num_leaves: 31]
[num_threads: 0]
[seed: 0]
[deterministic: 0]
[force_col_wise: 0]
[force_row_wise: 0]
[histogram_pool_size: -1]
[max_depth: -1]
[min_data_in_leaf: 20]
[min_sum_hessian_in_leaf: 0.001]
[bagging_fraction: 1]
[pos_bagging_fraction: 1]
[neg_bagging_fraction: 1]
[bagging_freq: 0]
[bagging_seed: 3]
[feature_fraction: 0.7]
[feature_fraction_bynode: 1]
[feature_fraction_seed: 2]
[extra_trees: 0]
[extra_seed: 6]
[early_stopping_round: 0]
[first_metric_only: 0]
[max_delta_step: 0]
[lambda_l1: 0]
[lambda_l2: 0]
[linear_lambda: 0]
[min_gain_to_split: 0]
[drop_rate: 0.1]
[max_drop: 50]
[skip_drop: 0.5]
[xgboost_dart_mode: 0]
[uniform_drop: 0]
[drop_seed: 4]
[top_rate: 0.2]
[other_rate: 0.1]
[min_data_per_group: 100]
[max_cat_threshold: 32]
[cat_l2: 10]
[cat_smooth: 10]
[max_cat_to_onehot: 4]
[top_k: 20]
[monotone_constraints: ]
[monotone_constraints_method: basic]
[monotone_penalty: 0]
[feature_contri: ]
[forcedsplits_filename: ]
[refit_decay_rate: 0.9]
[cegb_tradeoff: 1]
[cegb_penalty_split: 0]
[cegb_penalty_feature_lazy: ]
[cegb_penalty_feature_coupled: ]
[path_smooth: 0]
[interaction_constraints: ]
[verbosity: -1]
[saved_feature_importance_type: 0]
[use_quantized_grad: 0]
[num_grad_quant_bins: 4]
[quant_train_renew_leaf: 0]
[stochastic_rounding: 1]
[linear_tree: 0]
[max_bin: 255]
[max_bin_by_feature: ]
[min_data_in_bin: 3]
[bin_construct_sample_cnt: 200000]
[data_random_seed: 1]
[is_enable_sparse: 1]
[enable_bundle: 1]
[use_missing: 1]
[zero_as_missing: 0]
[feature_pre_filter: 0]
[pre_partition: 0]
[two_round: 0]
[header: 0]
[label_column: ]
[weight_column: ]
[group_column: ]
[ignore_column: ]
[categorical_feature: ]
[forcedbins_filename: ]
[precise_float_parser: 0]
[parser_config_file: ]
[objective_seed: 5]
[num_class: 1]
[is_unbalance: 0]
[scale_pos_weight: 1]
[sigmoid: 1]
[boost_from_average: 1]
[reg_sqrt: 0]
[alpha: 0.9]
[fair_c: 1]
[poisson_max_delta_step: 0.7]
[tweedie_variance_power: 1.5]
[lambdarank_truncation_level: 30]
[lambdarank_norm: 1]
[label_gain: ]
[lambdarank_position_bias_regularization: 0]
[eval_at: ]
[multi_error_top_k: 1]
[auc_mu_weights: ]
[num_machines: 1]
[local_listen_port: 12400]
[time_out: 120]
[machine_list_filename: ]
[machines: ]
[gpu_platform_id: -1]
[gpu_device_id: -1]
[gpu_use_dp: 0]
[num_gpu: 1]

end of parameters

pandas_categorical:[]
