tree
version=v4
num_class=1
num_tree_per_iteration=1
label_index=0
max_feature_idx=14
objective=binary sigmoid:1
feature_names=response_time s_tap_count ratio_tap_position_y scroll_length event_scroll s_scroll_speed tap_position_x taskNum tap_position_y screen_width s_view_position scroll_time ratio_tap_position_x s_choice_left screen_height
feature_infos=[0:10.399999999999981] [1:1] none [0:37464.666666666657] [0:6] [-3503.3333333333576:6900.0000000000018] none [1:147] none [390:390] [-343.99999999999989:1145.6666666666642] [-0.5:18.799999999999962] none [0:1] [844:844]
tree_sizes=643 750 748 740 645 654 648 750 649 750 752 655 652 754 752 749 648 650 550 752 655 751 545 756 751 653 753 651 756 740 548 649 643 757 757 759 860 755 749 754 653 749 763 656 652 652 754 758 759 650 656 757 759 646 652 651 652 653 550 763 654 650 656 654 761 752 656 642 554 753 761 649 550 754 755 758 354 756 664 654 657 757 652 758 557 654 653 653 546 755 655 655 660 652 656 754 554 658 664 751

Tree=0
num_leaves=5
num_cat=0
split_feature=10 10 10 10
split_gain=5.16864 2.9689 3.02999 0.510314
threshold=659.66666666667163 466.00000000000006 348.33333333334127 382.66666666666703
decision_type=2 2 2 2
left_child=1 2 -1 -4
right_child=-2 -3 3 -5
leaf_value=0.47375709891470008 0.33421815951009964 0.49883552581230117 0.41395469631272847 0.37568115864746665
leaf_weight=8.3608680963516289 5.0165208578109732 7.4053403139114371 8.3608680963516218 5.9720486402511588
leaf_count=35 21 31 35 25
internal_value=0.428193 0.443856 0.425915 0.398007
internal_weight=0 30.0991 22.6938 14.3329
internal_count=147 126 95 60
is_linear=0
shrinkage=1


Tree=1
num_leaves=6
num_cat=0
split_feature=7 7 0 7 0
split_gain=5.40683 2.00884 5.05384 3.96941 0.820352
threshold=120.50000000000001 72.500000000000014 0.15000000000000005 30.500000000000004 1.3500000000000003
decision_type=2 2 2 2 2
left_child=1 3 -3 -1 -5
right_child=-2 2 -4 4 -6
leaf_value=0.053908010694644973 -0.082713242645517382 -0.0076880495969307433 0.12625565526996177 -0.072034029328323354 -0.014863601516239373
leaf_weight=7.1677925735712114 6.4458650946617118 6.4139456003904325 5.0229732692241669 5.031743720173834 5.0079377442598343
leaf_count=30 27 27 21 21 21
internal_value=0 0.0186555 0.0511386 -0.00293427 -0.0435166
internal_weight=0 28.6444 11.4369 17.2075 10.0397
internal_count=147 120 48 72 42
is_linear=0
shrinkage=0.1


Tree=2
num_leaves=6
num_cat=0
split_feature=7 7 7 7 7
split_gain=4.32618 1.65583 3.2233 0.163139 0.0531093
threshold=120.50000000000001 72.500000000000014 30.500000000000004 93.500000000000014 51.500000000000007
decision_type=2 2 2 2 2
left_child=1 2 -1 -3 -4
right_child=-2 3 4 -5 -6
leaf_value=0.049132172966504496 -0.073217927744372857 0.060290236487401297 -0.031540104898746847 0.036068457740259977 -0.046026858684335467
leaf_weight=7.082666337490088 6.5476835370063773 4.940632611513136 5.0374538302421552 6.3602919578552246 5.0852942019701004
leaf_count=30 27 21 21 27 21
internal_value=0 0.0169198 -0.00261285 0.0466579 -0.0388177
internal_weight=0 28.5063 17.2054 11.3009 10.1227
internal_count=147 120 72 48 42
is_linear=0
shrinkage=0.1


Tree=3
num_leaves=6
num_cat=0
split_feature=7 11 11 4 7
split_gain=3.47462 1.56954 2.24679 1.00567 0.00824928
threshold=120.50000000000001 2.4000000000000008 1.25 1.0000000180025095e-35 96.500000000000014
decision_type=2 2 2 2 2
left_child=1 2 3 4 -1
right_child=-2 -3 -4 -5 -6
leaf_value=0.02531858008452938 -0.065125944914269054 -0.026317215938281915 0.080957164049098862 -0.024616158164350348 0.031120793550510124
leaf_weight=5.1548401415348106 6.6208514869213095 6.8599768579006186 5.9371121227741233 5.7368691563606253 4.6704533696174622
leaf_count=22 27 29 25 24 20
internal_value=0 0.0153304 0.0286193 0.00865187 0.0280767
internal_weight=0 28.3593 21.4993 15.5622 9.82529
internal_count=147 120 91 66 42
is_linear=0
shrinkage=0.1


Tree=4
num_leaves=5
num_cat=0
split_feature=11 11 11 11
split_gain=0.821203 3.25347 0.285419 0.203005
threshold=2.4000000000000008 1.25 1.0000000180025095e-35 0.75000000000000011
decision_type=2 2 2 2
left_child=1 2 -1 -4
right_child=-2 -3 3 -5
leaf_value=-0.022201882520499889 -0.030109080785506583 0.074322775708469499 0.011748808944662679 -0.014688915470898021
leaf_weight=10.00324915349484 7.1491685658693305 5.8262693583965293 6.948344483971594 4.9904092401266098
leaf_count=42 30 25 29 21
internal_value=0 0.00789623 -0.00974204 0.000697818
internal_weight=0 27.7683 21.942 11.9388
internal_count=147 117 92 50
is_linear=0
shrinkage=0.1


Tree=5
num_leaves=5
num_cat=0
split_feature=10 10 10 10
split_gain=3.80601 2.34017 2.69667 0.439347
threshold=659.66666666667163 466.00000000000006 348.33333333334127 379.83333333333582
decision_type=2 2 2 2
left_child=1 2 -1 -4
right_child=-2 -3 3 -5
leaf_value=0.043395760663644006 -0.079735646699060067 0.063401628745479374 -0.0052786599240648062 -0.041642556784908816
leaf_weight=8.2740809619426781 5.0966238975524893 7.2054557949304572 5.2433939129114142 9.0694035440683347
leaf_count=35 21 31 22 38
internal_value=0 0.0137803 -0.00204947 -0.0283209
internal_weight=0 29.7923 22.5869 14.3128
internal_count=147 126 95 60
is_linear=0
shrinkage=0.1


Tree=6
num_leaves=5
num_cat=0
split_feature=11 11 11 11
split_gain=0.639108 2.70315 0.242103 0.141254
threshold=2.4000000000000008 1.25 1.0000000180025095e-35 0.75000000000000011
decision_type=2 2 2 2
left_child=1 2 -1 -4
right_child=-2 -3 3 -5
leaf_value=-0.020366020765729728 -0.026428324233937924 0.068389806441092493 0.0099967991191668784 -0.012065803169152985
leaf_weight=10.013564258813863 7.1879598647356024 5.7008941918611518 6.908465310931204 5.0038053542375565
leaf_count=42 30 25 29 21
internal_value=0 0.00704514 -0.00890497 0.000729299
internal_weight=0 27.6267 21.9258 11.9123
internal_count=147 117 92 50
is_linear=0
shrinkage=0.1


Tree=7
num_leaves=6
num_cat=0
split_feature=7 7 7 11 11
split_gain=2.68793 1.28715 3.02836 0.311969 0.27717
threshold=120.50000000000001 72.500000000000014 30.500000000000004 1.9000000000000001 1.0000000180025095e-35
decision_type=2 2 2 2 2
left_child=1 2 -1 -4 -3
right_child=-2 4 3 -5 -6
leaf_value=0.046932191691876721 -0.057009248931994022 0.02326673919528062 -0.055437016690557075 -0.020177912516416908 0.055026930360894094
leaf_weight=7.0059367269277635 6.6557414382696143 5.134989380836485 5.284698545932768 4.778368204832077 5.9105247557163239
leaf_count=30 27 22 22 20 26
internal_value=0 0.0136631 -0.00354921 -0.0386945 0.0402618
internal_weight=0 28.1145 17.069 10.0631 11.0455
internal_count=147 120 72 42 48
is_linear=0
shrinkage=0.1


Tree=8
num_leaves=5
num_cat=0
split_feature=10 10 10 5
split_gain=2.97386 1.90965 2.25061 1.31785
threshold=659.66666666667163 466.00000000000006 348.33333333334127 279.75243147657073
decision_type=2 2 2 2
left_child=1 2 -1 -4
right_child=-2 -3 3 -5
leaf_value=0.039998587185828313 -0.070129078873174253 0.057813879298446169 -0.050992686599450367 0.01072969654750025
leaf_weight=8.1719308346509987 5.1306445747613898 7.0379315316677085 8.4668679237365705 5.8488522917032233
leaf_count=35 21 31 35 25
internal_value=0 0.0123542 -0.00187331 -0.0257753
internal_weight=0 29.5256 22.4877 14.3157
internal_count=147 126 95 60
is_linear=0
shrinkage=0.1


Tree=9
num_leaves=6
num_cat=0
split_feature=7 11 7 7 0
split_gain=2.46977 2.8662 2.26473 2.45227 0.570932
threshold=105.50000000000001 0.55000000000000004 72.500000000000014 30.500000000000004 1.3500000000000003
decision_type=2 2 2 2 2
left_child=2 -2 3 -1 -5
right_child=1 -3 -4 4 -6
leaf_value=0.043023665865323142 -0.094433307214013093 0.012459176636171984 0.063092723342603282 -0.057825700246514705 -0.010290753604727488
leaf_weight=6.9067061096429887 5.0783360749483091 4.9570703953504562 7.4881573766469947 5.102210119366644 5.0056215971708298
leaf_count=30 21 21 33 21 21
internal_value=0 -0.0416329 0.0172654 -0.00290332 -0.0342853
internal_weight=0 10.0354 24.5027 17.0145 10.1078
internal_count=147 42 105 72 42
is_linear=0
shrinkage=0.1


Tree=10
num_leaves=6
num_cat=0
split_feature=3 3 7 3 7
split_gain=2.12727 1.06276 1.83676 0.740466 0.00580332
threshold=832.3333333333386 730.3333333333286 105.50000000000001 196.00000000000003 126.50000000000001
decision_type=2 2 2 2 2
left_child=1 2 3 -1 -4
right_child=-2 -3 4 -5 -6
leaf_value=0.048015173417123441 0.059768338032938489 -0.047957150416669536 -0.03595269961894984 0.0011578928503556789 -0.031091381037125967
leaf_weight=6.3922328799963051 5.1002293527126303 5.9452935457229605 4.8991813212633115 7.1389395892620087 4.9235292822122574
leaf_count=28 23 25 21 30 20
internal_value=0 -0.0102101 -0.000600663 0.0232936 -0.033516
internal_weight=0 29.2992 23.3539 13.5312 9.82271
internal_count=147 124 99 58 41
is_linear=0
shrinkage=0.1


Tree=11
num_leaves=5
num_cat=0
split_feature=10 10 10 10
split_gain=2.43486 1.43698 1.87403 0.317113
threshold=659.66666666667163 466.00000000000006 348.33333333334127 379.83333333333582
decision_type=2 2 2 2
left_child=1 2 -1 -4
right_child=-2 -3 3 -5
leaf_value=0.037595583143571989 -0.06344033164471452 0.051449201339077225 -0.0030608564987100466 -0.033997611465478327
leaf_weight=8.0653468072414451 5.1198087632656089 6.8355774879455558 5.2205737531185141 9.0693326294422132
leaf_count=35 21 31 22 38
internal_value=0 0.0113252 -0.000943566 -0.0226954
internal_weight=0 29.1908 22.3553 14.2899
internal_count=147 126 95 60
is_linear=0
shrinkage=0.1


Tree=12
num_leaves=5
num_cat=0
split_feature=10 11 10 11
split_gain=1.96834 1.60767 2.44444 1.63428
threshold=659.66666666667163 2.4000000000000008 466.00000000000006 0.55000000000000004
decision_type=2 2 2 2
left_child=1 2 3 -1
right_child=-2 -3 -4 -5
leaf_value=-0.029057152770116463 -0.056889202729733926 -0.034004312587810948 0.079966272498223301 0.033011146526656307
leaf_weight=7.9898833930492499 5.1373774707317343 6.3980776220560065 5.6175662726163855 9.0439892709255201
leaf_count=34 21 27 26 39
internal_value=0 0.0102598 0.0227626 0.00389748
internal_weight=0 29.0495 22.6514 17.0339
internal_count=147 126 99 73
is_linear=0
shrinkage=0.1


Tree=13
num_leaves=6
num_cat=0
split_feature=0 7 7 0 11
split_gain=1.79865 3.1097 1.87238 0.473686 0.378031
threshold=0.15000000000000005 72.500000000000014 30.500000000000004 1.3500000000000003 0.55000000000000004
decision_type=2 2 2 2 2
left_child=4 2 -2 -4 -1
right_child=1 -3 3 -5 -6
leaf_value=-0.046963473678509102 0.037586080823622088 0.084443028209542192 -0.052395710277119728 -0.0090304316325216395 -0.011549777116630055
leaf_weight=6.5644895583391172 6.5933934748172822 5.244493067264556 5.0946436077356321 4.9821154326200485 5.5735771358013153
leaf_count=28 29 24 21 21 24
internal_value=0 0.0172831 -0.00384569 -0.0309552 -0.0307022
internal_weight=0 21.9146 16.6702 10.0768 12.1381
internal_count=147 95 71 42 52
is_linear=0
shrinkage=0.1


Tree=14
num_leaves=6
num_cat=0
split_feature=7 7 7 5 7
split_gain=1.68953 1.46525 1.7427 0.234975 0.000552178
threshold=105.50000000000001 72.500000000000014 30.500000000000004 240.90773809523799 126.50000000000001
decision_type=2 2 2 2 2
left_child=1 2 -1 -4 -2
right_child=4 -3 3 -5 -6
leaf_value=0.037873466075213018 -0.033652435928241888 0.052602349703006479 -0.042147839589596586 -0.011605850746645635 -0.035141462873652947
leaf_weight=6.743790924549109 4.8618437200784665 7.1215181797742835 5.347688823938368 4.762199655175209 5.1058456301689148
leaf_count=30 21 33 22 20 21
internal_value=0 0.0145716 -0.00149832 -0.0277612 -0.0344152
internal_weight=0 23.9752 16.8537 10.1099 9.96769
internal_count=147 105 72 42 42
is_linear=0
shrinkage=0.1


Tree=15
num_leaves=6
num_cat=0
split_feature=7 3 7 7 7
split_gain=1.36937 1.34724 1.61156 1.51622 0.000571374
threshold=105.50000000000001 832.3333333333386 63.500000000000007 30.500000000000004 126.50000000000001
decision_type=2 2 2 2 2
left_child=1 2 3 -1 -2
right_child=4 -3 -4 -5 -6
leaf_value=0.020238536516896836 -0.030092397517901159 0.062137072606436854 0.03837426281739223 -0.052004853153621668 -0.031604469382711393
leaf_weight=5.0712901502847725 4.8916294723749143 4.5549999624490729 7.3743310421705237 6.8013342171907425 5.1093170046806335
leaf_count=22 21 22 33 28 21
internal_value=0 0.0132322 0.00165832 -0.0211467 -0.0308649
internal_weight=0 23.802 19.247 11.8726 10.0009
internal_count=147 105 83 50 42
is_linear=0
shrinkage=0.1


Tree=16
num_leaves=5
num_cat=0
split_feature=10 11 10 11
split_gain=1.77815 1.40916 1.95277 1.27521
threshold=659.66666666667163 2.4000000000000008 466.00000000000006 0.55000000000000004
decision_type=2 2 2 2
left_child=1 2 3 -1
right_child=-2 -3 -4 -5
leaf_value=-0.024100919157949277 -0.054447735470867897 -0.031658190218870605 0.074132508620349855 0.031010801679891981
leaf_weight=7.9597062319517233 5.06122763454914 6.357668697834014 5.3878994584083548 8.8851048052310926
leaf_count=34 21 27 26 39
internal_value=0 0.00985801 0.02173 0.00496877
internal_weight=0 28.5904 22.2327 16.8448
internal_count=147 126 99 73
is_linear=0
shrinkage=0.1


Tree=17
num_leaves=5
num_cat=0
split_feature=7 4 7 7
split_gain=1.12744 1.3342 0.868895 0.00124331
threshold=105.50000000000001 1.0000000180025095e-35 30.500000000000004 126.50000000000001
decision_type=2 2 2 2
left_child=1 -1 -3 -2
right_child=3 2 -4 -5
leaf_value=0.044845012963408912 -0.02689347137212016 0.02393307405476576 -0.024554206174598248 -0.029129439931168205
leaf_weight=8.1464640647172946 4.8838729560375196 6.15283578634262 9.2550871521234495 5.0668257474899292
leaf_count=38 21 28 39 21
internal_value=0 0.0121138 -0.00519181 -0.028032
internal_weight=0 23.5544 15.4079 9.9507
internal_count=147 105 67 42
is_linear=0
shrinkage=0.1


Tree=18
num_leaves=4
num_cat=0
split_feature=3 3 3
split_gain=0.975848 0.851983 0.672107
threshold=832.3333333333386 730.3333333333286 358.33333333333513
decision_type=2 2 2
left_child=1 2 -1
right_child=-2 -3 -4
leaf_value=-0.0077363075719501379 0.042926831664566019 -0.040449227250079961 0.031981216831108349
leaf_weight=17.196549758315093 4.6047034710645667 5.9243542402982703 5.6639389097690573
leaf_count=75 23 25 24
internal_value=0 -0.00665398 0.00210415
internal_weight=0 28.7848 22.8605
internal_count=147 124 99
is_linear=0
shrinkage=0.1


Tree=19
num_leaves=6
num_cat=0
split_feature=10 7 11 10 7
split_gain=1.63441 3.41994 2.06654 1.13858 0.529236
threshold=348.33333333334127 114.50000000000001 0.40000000000000013 382.33333333333491 42.500000000000007
decision_type=2 2 2 2 2
left_child=-1 2 -2 -4 -5
right_child=1 -3 3 4 -6
leaf_value=0.039669722108548827 0.069880462311479916 -0.086481081706700574 -0.047415296769365511 0.03083081142540995 -0.013205605908858928
leaf_weight=7.9721225053071967 4.0482590645551744 4.985224023461341 5.416369020938876 5.4220167696475965 5.4950177222490311
leaf_count=35 18 21 23 25 25
internal_value=0 -0.0122385 0.00592079 -0.00993171 0.00866537
internal_weight=0 25.3669 20.3817 16.3334 10.917
internal_count=147 112 91 73 50
is_linear=0
shrinkage=0.1


Tree=20
num_leaves=5
num_cat=0
split_feature=10 10 10 10
split_gain=1.37183 0.91015 1.22802 0.542594
threshold=256.16666666667157 659.66666666667163 466.00000000000006 379.83333333333582
decision_type=2 2 2 2
left_child=-1 2 3 -2
right_child=1 -3 -4 -5
leaf_value=0.047263373954558478 0.0048351361068937494 -0.047337687550313638 0.037463085853197124 -0.031289274321931369
leaf_weight=5.2142745703458777 7.8140287846326926 4.9856307953596106 6.2875250875949851 8.8864030390977842
leaf_count=23 34 21 31 38
internal_value=0 -0.00860545 -0.0002052 -0.0143869
internal_weight=0 27.9736 22.988 16.7004
internal_count=147 124 103 72
is_linear=0
shrinkage=0.1


Tree=21
num_leaves=6
num_cat=0
split_feature=0 7 0 7 7
split_gain=1.27373 2.44461 1.24922 1.79734 0.360022
threshold=0.15000000000000005 72.500000000000014 2.6500000000000017 45.500000000000007 114.50000000000001
decision_type=2 2 2 2 2
left_child=4 2 3 -2 -1
right_child=1 -3 -4 -5 -6
leaf_value=-0.046549085867914598 0.012400957975816185 0.076965046130517745 0.039312383580558365 -0.067376993410935546 -0.011240530949075888
leaf_weight=4.9848983883857709 6.6473238319158607 4.8771860897541037 4.7749830186367026 4.9098585844039917 6.8645136952400208
leaf_count=23 30 24 21 20 29
internal_value=0 0.0148383 -0.00371429 -0.0214913 -0.0260944
internal_weight=0 21.2094 16.3322 11.5572 11.8494
internal_count=147 95 71 50 52
is_linear=0
shrinkage=0.1


Tree=22
num_leaves=4
num_cat=0
split_feature=3 3 3
split_gain=0.375228 1.06164 1.29686
threshold=412.50000000000119 730.3333333333286 832.3333333333386
decision_type=2 2 2
left_child=-1 -2 -3
right_child=1 2 -4
leaf_value=-0.0093100386884426654 0.054655873619338248 -0.035524633073203069 0.036057603973690844
leaf_weight=18.409675613045692 4.1891762465238562 5.9373501241207105 4.4114348590373993
leaf_count=81 18 25 23
internal_value=0 0.0121824 -0.00501087
internal_weight=0 14.538 10.3488
internal_count=147 66 48
is_linear=0
shrinkage=0.1


Tree=23
num_leaves=6
num_cat=0
split_feature=7 7 5 7 7
split_gain=0.697846 0.769682 1.06341 0.521779 0.00325669
threshold=105.50000000000001 72.500000000000014 193.60504920838693 36.500000000000007 126.50000000000001
decision_type=2 2 2 2 2
left_child=1 2 -1 -4 -2
right_child=4 -3 3 -5 -6
leaf_value=0.026173656771170825 -0.0239295789018618 0.038566298302549998 -0.050366535703218744 -0.0021895490698813449 -0.020295653763964128
leaf_weight=7.4156740605831208 4.862672030925749 6.5921900346875182 4.2600770294666273 4.7598482519388199 5.0040541738271713
leaf_count=32 21 33 20 20 21
internal_value=0 0.00969891 -0.00187957 -0.0249434 -0.0220866
internal_weight=0 23.0278 16.4356 9.01993 9.86673
internal_count=147 105 72 40 42
is_linear=0
shrinkage=0.1


Tree=24
num_leaves=6
num_cat=0
split_feature=0 7 0 7 7
split_gain=0.93072 1.94493 0.926221 1.60832 0.373564
threshold=0.15000000000000005 72.500000000000014 2.6500000000000017 45.500000000000007 114.50000000000001
decision_type=2 2 2 2 2
left_child=4 2 3 -2 -1
right_child=1 -3 -4 -5 -6
leaf_value=-0.042909563968452802 0.013332316691055283 0.069615418229149864 0.033886282053919872 -0.062164074459877733 -0.007025540779508334
leaf_weight=5.0223125666379911 6.6396281421184593 4.6852257996797553 4.7046394348144522 4.9073258638381958 6.8688055872917175
leaf_count=23 30 24 21 20 29
internal_value=0 0.0128505 -0.00351443 -0.0187528 -0.0221815
internal_weight=0 20.9368 16.2516 11.547 11.8911
internal_count=147 95 71 50 52
is_linear=0
shrinkage=0.1


Tree=25
num_leaves=5
num_cat=0
split_feature=7 7 7 3
split_gain=0.592532 0.755237 0.722244 0.756681
threshold=120.50000000000001 96.500000000000014 30.500000000000004 395.33333333333218
decision_type=2 2 2 2
left_child=1 2 -1 -4
right_child=-2 -3 3 -5
leaf_value=0.026561775664242549 -0.02698916130209339 0.041396159834424961 -0.041505279962416944 0.0047553487387333587
leaf_weight=6.4026069790124955 6.4512415379285803 5.0959428623318663 5.8733232021331778 8.8842539936304075
leaf_count=30 27 24 27 39
internal_value=0 0.00683615 -0.00148683 -0.0136558
internal_weight=0 26.2561 21.1602 14.7576
internal_count=147 120 96 66
is_linear=0
shrinkage=0.1


Tree=26
num_leaves=6
num_cat=0
split_feature=0 4 0 0 7
split_gain=0.663397 1.8489 0.496673 0.70975 0.305546
threshold=0.15000000000000005 1.0000000180025095e-35 2.6500000000000017 1.0500000000000003 114.50000000000001
decision_type=2 2 2 2 2
left_child=4 -2 3 -3 -1
right_child=1 2 -4 -5 -6
leaf_value=-0.03709428470722325 0.0594946358354723 0.0037969504551472119 0.02083959493565422 -0.048349747458539129 -0.0047807325545650122
leaf_weight=5.1103436946868879 5.6961837634444263 5.9285900890827161 4.3911182731389991 4.6629230529069901 6.8466770946979523
leaf_count=23 28 27 20 20 29
internal_value=0 0.0109997 -0.00743738 -0.0191607 -0.0185913
internal_weight=0 20.6788 14.9826 10.5915 11.957
internal_count=147 95 67 47 52
is_linear=0
shrinkage=0.1


Tree=27
num_leaves=5
num_cat=0
split_feature=10 7 7 10
split_gain=1.48733 2.50213 0.94648 0.785146
threshold=348.33333333334127 114.50000000000001 72.500000000000014 382.33333333333491
decision_type=2 2 2 2
left_child=-1 2 3 -2
right_child=1 -3 -4 -5
leaf_value=0.038009196527271458 -0.039404004466019708 -0.075915486704726531 0.039340952376109906 0.0087676582775224211
leaf_weight=7.8725113421678534 5.4628496319055619 4.8962964415550223 5.4627218544483176 8.8891586363315565
leaf_count=35 23 21 28 40
internal_value=0 -0.0119023 0.00391565 -0.00956807
internal_weight=0 24.711 19.8147 14.352
internal_count=147 112 91 63
is_linear=0
shrinkage=0.1


Tree=28
num_leaves=6
num_cat=0
split_feature=10 10 10 5 10
split_gain=1.27288 0.878616 0.841577 0.720974 1.27773
threshold=659.66666666667163 219.33333333333943 466.00000000000006 102.95752895752945 382.33333333333036
decision_type=2 2 2 2 2
left_child=1 -1 3 -3 -5
right_child=-2 2 -4 4 -6
leaf_value=0.049112694566956688 -0.047305317921331871 -0.035027112566904189 0.032703593031054849 0.045649866148558232 -0.026165566030143292
leaf_weight=4.4513549953699139 4.8129431158304206 7.1244769692421022 6.0363520309329024 4.5578192323446256 5.4277025610208511
leaf_count=20 21 31 31 20 24
internal_value=0 0.00842547 0.000600763 -0.010725 0.00661407
internal_weight=0 27.5977 23.1464 17.11 9.98552
internal_count=147 126 106 75 44
is_linear=0
shrinkage=0.1


Tree=29
num_leaves=6
num_cat=0
split_feature=11 11 7 7 11
split_gain=0.58602 1.22609 0.295853 0.638816 1.92571
threshold=2.4000000000000008 1.25 63.500000000000007 105.50000000000001 0.55000000000000004
decision_type=2 2 2 2 2
left_child=1 2 -1 -4 -5
right_child=-2 -3 3 4 -6
leaf_value=-0.02673413261135045 -0.025868866274152448 0.051871237718514644 0.02616986064502512 -0.057374192748912624 0.033058295232424546
leaf_weight=4.3663063496351304 6.8270787596702567 4.9362233057618132 6.7189899161458042 4.9292734861373884 4.5084486752748489
leaf_count=19 30 25 32 21 20
internal_value=0 0.00712441 -0.00363815 0.00260347 -0.0141741
internal_weight=0 25.4592 20.523 16.1567 9.43772
internal_count=147 117 92 73 41
is_linear=0
shrinkage=0.1


Tree=30
num_leaves=4
num_cat=0
split_feature=5 5 5
split_gain=0.326629 1.43214 0.52081
threshold=279.75243147657073 912.78571428571411 135.79242636746184
decision_type=2 2 2
left_child=2 -2 -1
right_child=1 -3 -4
leaf_value=0.0015645973130793819 0.056550793575040031 -0.024793668956178769 -0.035377809775150863
leaf_weight=18.696884587407116 4.4227524846792203 4.2385980784893036 4.794842228293418
leaf_count=84 21 21 21
internal_value=0 0.0167433 -0.00597563
internal_weight=0 8.66135 23.4917
internal_count=147 42 105
is_linear=0
shrinkage=0.1


Tree=31
num_leaves=5
num_cat=0
split_feature=10 0 0 4
split_gain=1.14376 1.98827 1.7123 1.0718
threshold=348.33333333334127 0.15000000000000005 1.0500000000000003 1.0000000180025095e-35
decision_type=2 2 2 2
left_child=-1 -2 3 -3
right_child=1 2 -4 -5
leaf_value=0.033661776038537032 -0.06024887504608635 0.071110751337895753 -0.026375038104893108 0.0043551864829043403
leaf_weight=7.7302017956972113 6.0401880890131023 4.4174357652664202 8.6816958338022214 5.2797956019639969
leaf_count=35 27 23 38 24
internal_value=0 -0.0104743 0.005884 0.0347647
internal_weight=0 24.4191 18.3789 9.69723
internal_count=147 112 85 47
is_linear=0
shrinkage=0.1


Tree=32
num_leaves=5
num_cat=0
split_feature=11 11 11 11
split_gain=0.360381 0.907076 0.284248 0.108915
threshold=2.4000000000000008 1.25 0.75000000000000011 0.55000000000000004
decision_type=2 2 2 2
left_child=1 2 3 -1
right_child=-2 -3 -4 -5
leaf_value=-0.0029772343227105207 -0.020144854282751822 0.044877071985767875 -0.02549128887516033 0.014702904188864364
leaf_weight=10.59438324719668 6.8763929903507224 4.7829693853855124 4.56655029952526 5.1918087899684897
leaf_count=48 30 25 21 23
internal_value=0 0.00569035 -0.00351867 0.00283746
internal_weight=0 25.1357 20.3527 15.7862
internal_count=147 117 92 71
is_linear=0
shrinkage=0.1


Tree=33
num_leaves=6
num_cat=0
split_feature=7 7 7 11 11
split_gain=0.583994 0.740668 0.804248 3.06206 1.22816
threshold=30.500000000000004 57.500000000000007 105.50000000000001 0.55000000000000004 0.55000000000000004
decision_type=2 2 2 2 2
left_child=-1 -2 3 -3 -4
right_child=1 2 4 -5 -6
leaf_value=0.027300895377026832 -0.036716690753980756 0.095971441816502731 -0.052889799501661533 -0.019491229123323021 0.018792997025816893
leaf_weight=6.3429683148860958 6.1894967705011394 3.6354675889015216 4.8639279603958112 6.2377968579530716 4.6995188593864441
leaf_count=30 27 18 21 30 21
internal_value=0 -0.00658986 0.00300383 0.0230237 -0.0176646
internal_weight=0 25.6262 19.4367 9.87326 9.56345
internal_count=147 117 90 48 42
is_linear=0
shrinkage=0.1


Tree=34
num_leaves=6
num_cat=0
split_feature=7 13 7 7 7
split_gain=0.476467 1.37242 1.86162 3.35524 0.247971
threshold=30.500000000000004 1.0000000180025095e-35 63.500000000000007 117.50000000000001 90.500000000000014
decision_type=2 2 2 2 2
left_child=-1 -2 -3 4 -4
right_child=1 2 3 -5 -6
leaf_value=0.024804141419355521 0.034103575276863182 -0.069415623321024689 0.055747494252345167 -0.063452977212418535 0.021731813210375164
leaf_weight=6.2863997071981457 6.4110557213425698 5.3504963517189017 4.2241709455847722 5.1784925311803809 4.3500695675611496
leaf_count=30 30 23 22 22 20
internal_value=0 -0.00593146 -0.0193672 0.000104058 0.0384899
internal_weight=0 25.5143 19.1032 13.7527 8.57424
internal_count=147 117 87 64 42
is_linear=0
shrinkage=0.1


Tree=35
num_leaves=6
num_cat=0
split_feature=7 13 7 0 11
split_gain=0.885761 1.26389 1.49866 2.84175 0.31238
threshold=15.500000000000002 1.0000000180025095e-35 39.500000000000007 0.15000000000000005 0.55000000000000004
decision_type=2 2 2 2 2
left_child=-1 -2 -3 4 -4
right_child=1 2 3 -5 -6
leaf_value=0.051322049430028799 0.033199667280830271 -0.067020508689339051 -0.059202033468557271 0.0407238283877146 -0.022686105127430654
leaf_weight=3.0550600290298489 6.5591069608926835 4.6806521266698828 4.5855044424533862 7.951794706284999 4.7897882461547852
leaf_count=15 31 21 21 38 21
internal_value=0 -0.00532942 -0.0168125 -0.00324955 -0.0405462
internal_weight=0 28.5668 22.0077 17.3271 9.37529
internal_count=147 132 101 80 42
is_linear=0
shrinkage=0.1


Tree=36
num_leaves=7
num_cat=0
split_feature=7 7 7 11 7 11
split_gain=0.730725 0.952993 0.455679 0.325739 0.6877 1.31869
threshold=15.500000000000002 36.500000000000007 51.500000000000007 0.75000000000000011 105.50000000000001 0.55000000000000004
decision_type=2 2 2 2 2 2
left_child=-1 -2 -3 4 -4 -6
right_child=1 2 3 -5 5 -7
leaf_value=0.047119092787454672 -0.046406545491864071 0.036739993412664755 0.040322741326400097 -0.019786146402232124 -0.044704480013108797 0.030960536594906014
leaf_weight=2.9979046359658268 4.6116431877017048 3.4709094017744091 4.1888887733221081 7.0852369666099539 4.8179204761981946 4.4130516052246094
leaf_count=15 21 15 21 34 21 20
internal_value=0 -0.00477561 0.00323185 -0.00244009 0.00671805 -0.0085313
internal_weight=0 28.5877 23.976 20.5051 13.4199 9.23097
internal_count=147 132 111 96 62 41
is_linear=0
shrinkage=0.1


Tree=37
num_leaves=6
num_cat=0
split_feature=10 7 7 10 7
split_gain=1.07404 0.844234 0.428471 0.420434 0.320449
threshold=659.66666666667163 72.500000000000014 105.50000000000001 379.83333333333582 33.500000000000007
decision_type=2 2 2 2 2
left_child=1 3 -3 -1 -5
right_child=-2 2 -4 4 -6
leaf_value=0.013900480204740995 -0.044066389604256705 0.051466745227116417 0.012405096775896631 -0.03978803056211902 -0.0029856478947764662
leaf_weight=5.6261102855205598 4.6779070645570746 4.6794486939907056 7.0221966505050659 4.5394595488905889 4.9414159953594208
leaf_count=25 21 27 31 22 21
internal_value=0 0.00786251 0.0280257 -0.00775561 -0.0206067
internal_weight=0 26.8086 11.7016 15.107 9.48088
internal_count=147 126 58 68 43
is_linear=0
shrinkage=0.1


Tree=38
num_leaves=6
num_cat=0
split_feature=10 7 10 3 7
split_gain=0.939835 1.4068 0.84731 0.442736 0.0468876
threshold=348.33333333334127 114.50000000000001 382.33333333333491 730.3333333333286 36.500000000000007
decision_type=2 2 2 2 2
left_child=-1 2 -2 -4 -5
right_child=1 -3 3 4 -6
leaf_value=0.031020169572180446 -0.027736124505642026 -0.059070426033858606 0.041107615831188576 0.010738093003611235 -0.004426174696485409
leaf_weight=7.503129847347739 6.3021276146173539 4.6260049343109122 4.7892252951860419 3.9033481255173665 4.268973782658577
leaf_count=35 28 21 23 19 21
internal_value=0 -0.00955072 0.002341 0.016965 0.00281674
internal_weight=0 23.8897 19.2637 12.9615 8.17232
internal_count=147 112 91 63 40
is_linear=0
shrinkage=0.1


Tree=39
num_leaves=6
num_cat=0
split_feature=10 13 7 7 7
split_gain=0.839385 0.789589 0.740781 2.11736 1.06936
threshold=659.66666666667163 1.0000000180025095e-35 30.500000000000004 66.500000000000014 105.50000000000001
decision_type=2 2 2 2 2
left_child=1 -1 -3 -4 -5
right_child=-2 2 3 4 -6
leaf_value=0.039271304538611926 -0.039191257004713168 0.0315413722896601 -0.064012899878224588 0.045812722306716708 -0.018165881626387555
leaf_weight=5.8914947062730851 4.6243275851011267 4.9504019767046001 5.3411256074905387 5.1539396718144399 5.2979578226804733
leaf_count=28 21 24 23 28 23
internal_value=0 0.00696387 -0.002212 -0.0127922 0.0133826
internal_weight=0 26.6349 20.7434 15.793 10.4519
internal_count=147 126 98 74 51
is_linear=0
shrinkage=0.1


Tree=40
num_leaves=5
num_cat=0
split_feature=10 7 10 7
split_gain=0.720092 1.05619 0.739184 0.348234
threshold=348.33333333334127 114.50000000000001 382.33333333333491 42.500000000000007
decision_type=2 2 2 2
left_child=-1 2 -2 -4
right_child=1 -3 3 -5
leaf_value=0.027400071254745036 -0.026169798351538012 -0.051661866284770402 0.034933618478326205 0.0016034968022738978
leaf_weight=7.3855484127998379 6.2839976623654428 4.5512027591466895 5.4272290244698507 7.420993335545063
leaf_count=35 28 21 26 37
internal_value=0 -0.00836375 0.00193607 0.0156825
internal_weight=0 23.6834 19.1322 12.8482
internal_count=147 112 91 63
is_linear=0
shrinkage=0.1


Tree=41
num_leaves=6
num_cat=0
split_feature=10 7 10 3 7
split_gain=0.627596 0.717315 0.639164 1.51972 1.19376
threshold=659.66666666667163 36.500000000000007 466.00000000000006 412.50000000000119 96.500000000000014
decision_type=2 2 2 2 2
left_child=1 -1 3 4 -3
right_child=-2 2 -4 -5 -6
leaf_value=-0.02125215752313148 -0.034063313337383792 -0.055657375327798131 0.049308037620081541 0.050216806115432056 0.014629581884825618
leaf_weight=7.046231195330626 4.5748130977153769 4.4005721211433428 4.442180208861827 5.1180866137146941 5.3591644018888474
leaf_count=34 21 21 23 24 24
internal_value=0 0.00606001 0.0160211 0.00608234 -0.0170621
internal_weight=0 26.3662 19.32 14.8778 9.75974
internal_count=147 126 92 69 45
is_linear=0
shrinkage=0.1


Tree=42
num_leaves=6
num_cat=0
split_feature=10 10 10 4 10
split_gain=0.626216 0.350615 0.717344 0.462454 0.577855
threshold=219.33333333333943 659.66666666667163 466.00000000000006 1.0000000180025095e-35 382.33333333333491
decision_type=2 2 2 2 2
left_child=-1 2 3 -2 -5
right_child=1 -3 -4 4 -6
leaf_value=0.036152613484590007 -0.032207029828725059 -0.030735299907937903 0.03031909195832946 -0.02040068000681421 0.027242374029235794
leaf_weight=4.1741420477628735 6.2831433340907195 4.5637528449296942 5.6890153884887686 5.3484684005379659 4.85816989839077
leaf_count=20 30 21 31 24 21
internal_value=0 -0.00549343 -0.000299381 -0.0108628 0.00227653
internal_weight=0 26.7425 22.1788 16.4898 10.2066
internal_count=147 127 106 75 45
is_linear=0
shrinkage=0.1


Tree=43
num_leaves=5
num_cat=0
split_feature=10 0 0 10
split_gain=0.581685 1.18191 1.42075 0.760776
threshold=348.33333333334127 0.15000000000000005 1.0500000000000003 399.33333333333036
decision_type=2 2 2 2
left_child=-1 -2 3 -3
right_child=1 2 -4 -5
leaf_value=0.024688655375024821 -0.047386869341027323 -0.00035089741108863608 -0.024224030988842835 0.057492395714209145
leaf_weight=7.3438758403062847 5.6558033525943783 4.0313735008239764 8.5817121267318708 5.2154161632061005
leaf_count=35 27 20 38 27
internal_value=0 -0.00755663 0.00507886 0.0322741
internal_weight=0 23.4843 17.8285 9.24679
internal_count=147 112 85 47
is_linear=0
shrinkage=0.1


Tree=44
num_leaves=5
num_cat=0
split_feature=10 0 0 5
split_gain=0.474016 0.960324 1.15651 1.85727
threshold=348.33333333334127 0.15000000000000005 1.0500000000000003 781.33333333333405
decision_type=2 2 2 2
left_child=-1 -2 3 -3
right_child=1 2 -4 -5
leaf_value=0.022387499747644451 -0.042752318598498484 0.077153645845200597 -0.021726396740542331 -0.013009892281961477
leaf_weight=7.2917248159647015 5.6427178680896786 4.304844297468664 8.6098422855138761 4.8681957796216011
leaf_count=35 27 22 38 25
internal_value=0 -0.00680881 0.00459649 0.0293032
internal_weight=0 23.4256 17.7829 9.17304
internal_count=147 112 85 47
is_linear=0
shrinkage=0.1


Tree=45
num_leaves=5
num_cat=0
split_feature=7 7 3 7
split_gain=0.418147 0.566649 0.461704 0.68604
threshold=30.500000000000004 57.500000000000007 575.00000000000375 108.50000000000001
decision_type=2 2 2 2
left_child=-1 -2 3 -3
right_child=1 2 -4 -5
leaf_value=0.023403778770252005 -0.031929612308746171 -0.031317050136748271 0.031945157093944493 0.013425993318900299
leaf_weight=6.1616703793406513 6.1765960901975658 5.9753069207072285 4.2578904107213011 8.034991689026354
leaf_count=30 27 30 22 38
internal_value=0 -0.00574554 0.00310746 -0.00565664
internal_weight=0 24.4448 18.2682 14.0103
internal_count=147 117 90 68
is_linear=0
shrinkage=0.1


Tree=46
num_leaves=6
num_cat=0
split_feature=7 7 7 7 7
split_gain=0.340834 0.457766 0.331271 0.286911 0.0219302
threshold=30.500000000000004 57.500000000000007 105.50000000000001 126.50000000000001 78.500000000000014
decision_type=2 2 2 2 2
left_child=-1 -2 4 -4 -3
right_child=1 2 3 -5 -6
leaf_value=0.021238321971735075 -0.028654901667881257 0.011068267292146494 -0.028931156037338562 0.0067815612027465298 0.020791274574355742
leaf_weight=6.1135644391179111 6.1932660490274456 4.5248388200998324 4.4483106061816198 4.5511884093284607 4.7601192072033882
leaf_count=30 27 21 21 21 27
internal_value=0 -0.00515763 0.00280131 -0.0108707 0.016053
internal_weight=0 24.4777 18.2845 8.9995 9.28496
internal_count=147 117 90 42 48
is_linear=0
shrinkage=0.1


Tree=47
num_leaves=6
num_cat=0
split_feature=7 13 7 7 7
split_gain=0.277841 0.929768 1.19797 1.93911 0.0767494
threshold=30.500000000000004 1.0000000180025095e-35 63.500000000000007 117.50000000000001 90.500000000000014
decision_type=2 2 2 2 2
left_child=-1 -2 -3 4 -4
right_child=1 2 3 -5 -6
leaf_value=0.019262255739657258 0.029119611967015957 -0.055851317663409172 0.040725373435905016 -0.049047638899181643 0.021232545517148788
leaf_weight=6.069109499454501 6.1173897981643739 5.3262415528297415 3.8659204021096212 4.9226973354816428 4.2299646288156509
leaf_count=30 30 23 22 22 20
internal_value=0 -0.00464121 -0.0158993 0.000446077 0.0305407
internal_weight=0 24.4622 18.3448 13.0186 8.09589
internal_count=147 117 87 64 42
is_linear=0
shrinkage=0.1


Tree=48
num_leaves=6
num_cat=0
split_feature=7 13 7 7 7
split_gain=0.226532 0.756355 0.966243 1.58485 0.0655225
threshold=30.500000000000004 1.0000000180025095e-35 63.500000000000007 117.50000000000001 90.500000000000014
decision_type=2 2 2 2 2
left_child=-1 -2 -3 4 -4
right_child=1 2 3 -5 -6
leaf_value=0.017460334893289971 0.026288015401224003 -0.050191133061417884 0.037347406270946001 -0.044413245715623648 0.019227313447868474
leaf_weight=6.0281552821397808 6.0996557921171251 5.3337280303239814 3.7977337166666967 4.894259735941886 4.2053530886769295
leaf_count=30 30 23 22 22 20
internal_value=0 -0.00419366 -0.0143921 0.000412735 0.0278259
internal_weight=0 24.3307 18.2311 12.8973 8.00309
internal_count=147 117 87 64 42
is_linear=0
shrinkage=0.1


Tree=49
num_leaves=5
num_cat=0
split_feature=11 3 3 7
split_gain=0.307414 1.49707 0.858903 0.264971
threshold=2.4000000000000008 771.16666666667118 196.00000000000003 108.50000000000001
decision_type=2 2 2 2
left_child=1 2 3 -1
right_child=-2 -3 -4 -5
leaf_value=-0.011482660226132124 -0.019035784699123662 0.053209502627361405 -0.0451837906483777 0.016478618171912436
leaf_weight=5.8927257880568593 6.5683300942182532 5.1314181908965102 4.6201700493693343 7.976811408996582
leaf_count=30 30 28 21 38
internal_value=0 0.00542168 -0.0078408 0.00459876
internal_weight=0 23.6211 18.4897 13.8695
internal_count=147 117 89 68
is_linear=0
shrinkage=0.1


Tree=50
num_leaves=5
num_cat=0
split_feature=10 11 10 11
split_gain=0.630103 0.718101 1.73362 1.03164
threshold=659.66666666667163 2.4000000000000008 466.00000000000006 0.55000000000000004
decision_type=2 2 2 2
left_child=1 2 3 -1
right_child=-2 -3 -4 -5
leaf_value=-0.028366570822886322 -0.03475114407555089 -0.024519711404799256 0.069485225306996856 0.023618162913633209
leaf_weight=7.2213702425360777 4.4267625361680976 5.9072407186031333 4.5377234034240237 8.0988137945532781
leaf_count=34 21 27 26 39
internal_value=0 0.00608941 0.0151949 -0.000885525
internal_weight=0 25.7651 19.8579 15.3202
internal_count=147 126 99 73
is_linear=0
shrinkage=0.1


Tree=51
num_leaves=6
num_cat=0
split_feature=10 11 11 10 11
split_gain=0.571027 1.22622 0.854787 0.719715 2.05034
threshold=379.83333333333582 2.0500000000000003 1.0000000180025095e-35 639.66666666666799 0.75000000000000011
decision_type=2 2 2 2 2
left_child=2 3 -1 4 -2
right_child=1 -3 -4 -5 -6
leaf_value=-0.017181803379160785 -0.023259698706306259 -0.055889732774296201 0.037987345206896159 -0.031300504765784908 0.069952386132858396
leaf_weight=4.5204276442527789 5.2011086791753787 4.5672791935503474 7.4155772477388382 4.0491144731640807 4.3198153078556061
leaf_count=21 26 21 36 20 23
internal_value=0 -0.011071 0.0170936 0.00401368 0.0190323
internal_weight=0 18.1373 11.936 13.57 9.52092
internal_count=147 90 57 69 49
is_linear=0
shrinkage=0.1


Tree=52
num_leaves=6
num_cat=0
split_feature=5 11 10 10 5
split_gain=0.53041 0.651833 0.154735 0.435204 0.124118
threshold=193.60504920838693 1.5000000000000002 466.00000000000006 256.16666666667157 418.12499999999739
decision_type=2 2 2 2 2
left_child=1 2 3 -1 -2
right_child=4 -3 -4 -5 -6
leaf_value=0.014712278185703673 -0.031896806638787828 0.041130619590444471 0.011878367519843091 -0.029262442805581736 -0.0093532753505449415
leaf_weight=4.1750402078032547 4.1107312738895398 4.9332026541233054 5.8447621241211882 4.8823651671409607 6.0171128883957863
leaf_count=20 18 23 30 23 33
internal_value=0 0.00962353 -0.00080655 -0.00899215 -0.0185033
internal_weight=0 19.8354 14.9022 9.05741 10.1278
internal_count=147 96 73 43 51
is_linear=0
shrinkage=0.1


Tree=53
num_leaves=5
num_cat=0
split_feature=5 7 7 7
split_gain=0.42922 0.781965 0.69401 0.55486
threshold=193.60504920838693 51.500000000000007 36.500000000000007 108.50000000000001
decision_type=2 2 2 2
left_child=1 -1 -2 -3
right_child=2 3 -4 -5
leaf_value=0.042917599386367578 -0.049039980273603782 -0.02349526856020839 0.0044591372398856566 0.01531564601784358
leaf_weight=4.990693196654326 3.9986824691295606 6.9275321736931783 6.160436999052763 7.8665694072842598
leaf_count=23 20 35 31 38
internal_value=0 0.00868879 -0.0165984 -0.00285807
internal_weight=0 19.7848 10.1591 14.7941
internal_count=147 96 51 73
is_linear=0
shrinkage=0.1


Tree=54
num_leaves=5
num_cat=0
split_feature=10 0 10 10
split_gain=0.434266 0.362859 0.663255 0.182529
threshold=600.83333333333951 1.6500000000000006 350.33333333333036 399.33333333333036
decision_type=2 2 2 2
left_child=1 2 -1 -4
right_child=-2 -3 3 -5
leaf_value=-0.0091397393032417416 -0.02178388349312145 -0.01367714742157942 0.017798764643545333 0.045187841035580087
leaf_weight=6.9492906630039313 6.9573956988751879 6.3201874345540991 4.9343242421746236 4.8002990409731865
leaf_count=33 37 29 25 23
internal_value=0 0.0067285 0.0144586 0.0313048
internal_weight=0 23.0041 16.6839 9.73462
internal_count=147 110 81 48
is_linear=0
shrinkage=0.1


Tree=55
num_leaves=5
num_cat=0
split_feature=10 7 10 7
split_gain=0.42851 0.498842 0.924001 0.27575
threshold=379.83333333333582 36.500000000000007 600.83333333333951 96.500000000000014
decision_type=2 2 2 2
left_child=3 -2 -3 -1
right_child=1 2 -4 -5
leaf_value=0.0024600511455455023 -0.035360444355103236 0.024089671071044087 -0.030366499381110953 0.033589925891629617
leaf_weight=7.1427267491817492 5.3070529177784946 7.3853556811809522 5.3898121640086174 4.729749858379364
leaf_count=35 26 36 28 22
internal_value=0 -0.00959056 0.00111475 0.0148616
internal_weight=0 18.0822 12.7752 11.8725
internal_count=147 90 64 57
is_linear=0
shrinkage=0.1


Tree=56
num_leaves=5
num_cat=0
split_feature=10 10 10 10
split_gain=0.347522 0.405792 1.52339 0.081278
threshold=379.83333333333582 466.00000000000006 684.16666666667163 268.83333333332854
decision_type=2 2 2 2
left_child=3 -2 -3 -1
right_child=1 2 -4 -5
leaf_value=0.0041508114091407524 -0.024993864753998132 0.035906893733069614 -0.045031262857261008 0.02082703425128641
leaf_weight=5.258839502930643 8.2412139773368853 6.1039155870676023 3.756615474820137 6.5790082141757011
leaf_count=26 38 34 18 31
internal_value=0 -0.00861642 0.00507148 0.0134188
internal_weight=0 18.1017 9.86053 11.8378
internal_count=147 90 52 57
is_linear=0
shrinkage=0.1


Tree=57
num_leaves=5
num_cat=0
split_feature=7 7 5 7
split_gain=0.325078 0.360397 0.717332 0.26885
threshold=30.500000000000004 96.500000000000014 135.79242636746184 120.50000000000001
decision_type=2 2 2 2
left_child=-1 2 -2 -3
right_child=1 3 -4 -5
leaf_value=0.020872557673367209 -0.043181206710017905 0.027556903494568599 0.0033074603598599521 -0.0053104537889036366
leaf_weight=6.0108328908681896 5.6137809529900577 4.4545310214161855 8.1202043220400792 5.6395618170499802
leaf_count=30 28 24 38 27
internal_value=0 -0.00515141 -0.0156948 0.00919394
internal_weight=0 23.8281 13.734 10.0941
internal_count=147 117 66 51
is_linear=0
shrinkage=0.1


Tree=58
num_leaves=4
num_cat=0
split_feature=5 3 3
split_gain=0.302177 0.69855 0.273235
threshold=193.60504920838693 358.33333333333513 798.33333333333223
decision_type=2 2 2
left_child=1 -1 -2
right_child=2 -3 -4
leaf_value=-0.0029363513474631366 -0.029201622873329849 0.041986685113757923 0.0036517244740690135
leaf_weight=15.131477378308778 5.4343809187412244 4.4881673753261557 4.7391204126179218
leaf_count=75 24 21 27
internal_value=0 0.00734019 -0.0138976
internal_weight=0 19.6196 10.1735
internal_count=147 96 51
is_linear=0
shrinkage=0.1


Tree=59
num_leaves=6
num_cat=0
split_feature=7 11 11 11 7
split_gain=0.248172 0.372434 0.912845 0.287805 0.935925
threshold=30.500000000000004 1.5000000000000002 0.75000000000000011 1.0000000180025095e-35 105.50000000000001
decision_type=2 2 2 2 2
left_child=-1 2 3 4 -2
right_child=1 -3 -4 -5 -6
leaf_value=0.018366369345331739 0.027765692985034715 0.017166999522734521 -0.049310296554186742 0.020890315589368446 -0.040278230957850741
leaf_weight=5.9422256574034718 3.676008187234407 5.9613873399794093 4.7405672892928115 4.9584736526012412 4.4911322891712189
leaf_count=30 19 29 23 25 21
internal_value=0 -0.00447647 -0.0116982 0.00188609 -0.00965184
internal_weight=0 23.8276 17.8662 13.1256 8.16714
internal_count=147 117 88 65 40
is_linear=0
shrinkage=0.1


Tree=60
num_leaves=5
num_cat=0
split_feature=10 11 10 10
split_gain=0.33807 0.727674 1.27111 0.899378
threshold=348.33333333334127 2.7499999999999996 382.33333333333491 600.83333333333951
decision_type=2 2 2 2
left_child=-1 2 -2 -4
right_child=1 -3 3 -5
leaf_value=0.019147730945585646 -0.046728377227091306 -0.038190483340571228 0.039836834836413704 -0.012859886618523417
leaf_weight=7.0814871788024929 3.8331969454884591 5.3306049555540076 8.0170751363038999 5.4339232519268981
leaf_count=35 18 24 40 30
internal_value=0 -0.00589005 0.00407171 0.0185485
internal_weight=0 22.6148 17.2842 13.451
internal_count=147 112 88 70
is_linear=0
shrinkage=0.1


Tree=61
num_leaves=5
num_cat=0
split_feature=10 7 7 7
split_gain=0.30162 0.449504 0.680274 0.215203
threshold=379.83333333333582 36.500000000000007 105.50000000000001 96.500000000000014
decision_type=2 2 2 2
left_child=3 -2 -3 -1
right_child=1 2 -4 -5
leaf_value=0.0015637736771721457 -0.032572229889487408 0.020238588342726113 -0.027687895414084104 0.029236693433502638
leaf_weight=7.0897260233759898 5.2851480394601849 7.8554640933871251 4.75396978110075 4.6555692926049232
leaf_count=35 26 39 25 22
internal_value=0 -0.00809144 0.00216949 0.0125327
internal_weight=0 17.8946 12.6094 11.7453
internal_count=147 90 64 57
is_linear=0
shrinkage=0.1


Tree=62
num_leaves=5
num_cat=0
split_feature=10 10 10 10
split_gain=0.244716 0.386031 1.15606 0.0938511
threshold=379.83333333333582 466.00000000000006 684.16666666667163 268.83333333332854
decision_type=2 2 2 2
left_child=3 -2 -3 -1
right_child=1 2 -4 -5
leaf_value=0.0012933017266301991 -0.023246442974216786 0.033284066511794441 -0.037873776239389083 0.019308821032936054
leaf_weight=5.1993709057569522 8.2011760473251361 6.0061068683862668 3.6833440884947777 6.5149874314665794
leaf_count=26 38 34 18 31
internal_value=0 -0.00727994 0.00623415 0.0113127
internal_weight=0 17.8906 9.68945 11.7144
internal_count=147 90 52 57
is_linear=0
shrinkage=0.1


Tree=63
num_leaves=5
num_cat=0
split_feature=7 13 7 7
split_gain=0.310718 0.634473 0.901495 1.71192
threshold=30.500000000000004 1.0000000180025095e-35 63.500000000000007 105.50000000000001
decision_type=2 2 2 2
left_child=-1 -2 -3 -4
right_child=1 2 3 -5
leaf_value=0.020497743153747368 0.023471741913807437 -0.049527382083542265 0.037662949968657676 -0.036306376794387633
leaf_weight=5.9473185986280468 5.8501758389175 5.1958436071872702 6.1485053747892362 6.3707402870059013
leaf_count=30 30 23 34 30
internal_value=0 -0.00508165 -0.014511 2.17547e-05
internal_weight=0 23.5653 17.7151 12.5192
internal_count=147 117 87 64
is_linear=0
shrinkage=0.1


Tree=64
num_leaves=6
num_cat=0
split_feature=10 3 10 3 3
split_gain=0.219126 0.39508 0.837964 0.420607 0.337057
threshold=256.16666666667157 1.0000000180025095e-35 466.00000000000006 696.99999999999523 798.33333333333223
decision_type=2 2 2 2 2
left_child=-1 2 -2 -3 -5
right_child=1 3 -4 4 -6
leaf_value=0.020289653205316106 -0.054647176308373714 0.030532079790111317 0.0059594358261738818 -0.023301466144735047 0.012319195674375295
leaf_weight=4.5336274802684811 3.9767320752143878 4.8625870496034613 5.351004846394062 5.1621795892715436 5.4726110398769379
leaf_count=23 19 22 29 23 31
internal_value=0 -0.00361857 -0.0198792 0.00616857 -0.00497125
internal_weight=0 24.8251 9.32774 15.4974 10.6348
internal_count=147 124 48 76 54
is_linear=0
shrinkage=0.1


Tree=65
num_leaves=6
num_cat=0
split_feature=5 5 7 7 5
split_gain=0.278637 1.10892 0.421479 0.455315 0.579068
threshold=279.75243147657073 912.78571428571411 108.50000000000001 81.500000000000014 135.79242636746184
decision_type=2 2 2 2 2
left_child=2 -2 3 4 -1
right_child=1 -3 -4 -5 -6
leaf_value=0.020627223224203448 0.052351326701585633 -0.022261701055704811 0.013047076488125196 -0.043089149172738851 -0.028958820765633043
leaf_weight=4.7492556646466308 4.0909512788057318 3.8821582421660423 7.5816667675971976 4.3461026400327674 4.671812579035759
leaf_count=24 21 21 38 22 21
internal_value=0 0.0160218 -0.00588685 -0.0163139 -0.003962
internal_weight=0 7.97311 21.3488 13.7672 9.42107
internal_count=147 42 105 67 45
is_linear=0
shrinkage=0.1


Tree=66
num_leaves=5
num_cat=0
split_feature=7 7 7 7
split_gain=0.237033 0.331514 0.227476 0.209357
threshold=30.500000000000004 96.500000000000014 69.500000000000014 120.50000000000001
decision_type=2 2 2 2
left_child=-1 2 -2 -3
right_child=1 3 -4 -5
leaf_value=0.018052540923070633 -0.0049624587572938295 0.025920232451128889 -0.031982455182451019 -0.0034323397662624627
leaf_weight=5.8673644214868572 8.8092637658119219 4.3596130646765214 4.8208819553256026 5.4898288622498512
leaf_count=30 39 24 27 27
internal_value=0 -0.00441831 -0.0145192 0.00955985
internal_weight=0 23.4796 13.6301 9.84944
internal_count=147 117 66 51
is_linear=0
shrinkage=0.1


Tree=67
num_leaves=5
num_cat=0
split_feature=11 11 7 11
split_gain=0.212938 0.447788 0.228846 0.516467
threshold=2.4000000000000008 1.25 108.50000000000001 0.40000000000000013
decision_type=2 2 2 2
left_child=1 2 3 -1
right_child=-2 -3 -4 -5
leaf_value=0.011084284338002223 -0.016021188022178622 0.033538061488526998 0.011228254163238686 -0.032247391849387443
leaf_weight=5.3099587187171071 6.4214654192328444 4.3313672617077819 7.5626560375094405 5.7068487331271172
leaf_count=27 30 25 38 27
internal_value=0 0.0045833 -0.00216683 -0.0113621
internal_weight=0 22.9108 18.5795 11.0168
internal_count=147 117 92 54
is_linear=0
shrinkage=0.1


Tree=68
num_leaves=4
num_cat=0
split_feature=3 3 3
split_gain=0.194849 0.191074 0.0450553
threshold=412.50000000000119 764.66666666666515 800.16666666666811
decision_type=2 2 2
left_child=-1 -2 -3
right_child=1 2 -4
leaf_value=-0.0072831013745643519 0.025827389755318137 -0.0067947127060634235 0.0076528468385379661
leaf_weight=16.156608954072002 4.4987620115280142 4.3282549828290922 4.3058937713503838
leaf_count=81 21 19 26
internal_value=0 0.00911712 0.000410359
internal_weight=0 13.1329 8.63415
internal_count=147 66 45
is_linear=0
shrinkage=0.1


Tree=69
num_leaves=6
num_cat=0
split_feature=7 7 7 7 7
split_gain=0.208026 0.314857 0.317821 0.380027 0.0251868
threshold=30.500000000000004 57.500000000000007 105.50000000000001 126.50000000000001 78.500000000000014
decision_type=2 2 2 2 2
left_child=-1 -2 4 -4 -3
right_child=1 2 3 -5 -6
leaf_value=0.016964626395717185 -0.023926554198985522 0.010398387165031614 -0.032890647532202534 0.0094628757792529633 0.020993300213211309
leaf_weight=5.832555145025256 5.9879303574562099 4.4321862980723399 4.1436548456549627 4.3347920179367065 4.5442915260791779
leaf_count=30 27 21 21 21 27
internal_value=0 -0.0041399 0.00264793 -0.0112365 0.015762
internal_weight=0 23.4429 17.4549 8.47845 8.97648
internal_count=147 117 90 42 48
is_linear=0
shrinkage=0.1


Tree=70
num_leaves=6
num_cat=0
split_feature=0 0 0 0 11
split_gain=0.268633 0.874634 1.56206 0.0587356 0.199383
threshold=2.6500000000000017 1.0500000000000003 0.55000000000000016 0.15000000000000005 0.55000000000000004
decision_type=2 2 2 2 2
left_child=1 2 3 4 -1
right_child=-2 -3 -4 -5 -6
leaf_value=-0.025393245318512454 0.023281457217295062 -0.040611696993461212 0.063392105786029426 0.0004477692396097165 0.0020761001287190523
leaf_weight=5.5604150742292529 4.2568271458148947 5.1500999927520743 3.7886402383446685 5.4343722313642493 5.035059779882431
leaf_count=28 21 23 19 32 24
internal_value=0 -0.00389669 0.0056442 -0.00800447 -0.0123396
internal_weight=0 24.9686 19.8185 16.0298 10.5955
internal_count=147 126 103 84 52
is_linear=0
shrinkage=0.1


Tree=71
num_leaves=5
num_cat=0
split_feature=5 7 7 7
split_gain=0.274378 0.550068 0.498339 0.360431
threshold=193.60504920838693 36.500000000000007 51.500000000000007 108.50000000000001
decision_type=2 2 2 2
left_child=2 -2 -1 -4
right_child=1 -3 3 -5
leaf_value=0.034903981962429373 -0.04260411338748997 0.0055384138201767779 -0.018873885144993243 0.01278455731769175
leaf_weight=4.8110632225871148 3.9160406216979009 6.0245266705751419 6.8540773242712003 7.5658307522535324
leaf_count=23 20 31 35 38
internal_value=0 -0.0134271 0.0070349 -0.00226335
internal_weight=0 9.94057 19.231 14.4199
internal_count=147 51 96 73
is_linear=0
shrinkage=0.1


Tree=72
num_leaves=4
num_cat=0
split_feature=5 3 3
split_gain=0.221982 0.424396 0.231986
threshold=193.60504920838693 358.33333333333513 771.16666666667118
decision_type=2 2 2
left_child=1 -1 -2
right_child=2 -3 -4
leaf_value=-0.0016960572295511612 -0.03041340349502232 0.033823724793026387 0.00062876654799462646
leaf_weight=14.858555682003503 4.0694843418896181 4.3481777384877196 5.8946429118514061
leaf_count=75 18 21 33
internal_value=0 0.0063452 -0.0120493
internal_weight=0 19.2067 9.96413
internal_count=147 96 51
is_linear=0
shrinkage=0.1


Tree=73
num_leaves=6
num_cat=0
split_feature=5 0 5 0 7
split_gain=0.245253 1.96177 1.40602 1.02739 0.590237
threshold=279.75243147657073 0.65000000000000002 150.81410825199643 0.25000000000000006 108.50000000000001
decision_type=2 2 2 2 2
left_child=2 -2 3 4 -1
right_child=1 -3 -4 -5 -6
leaf_value=-0.039754783840807564 -0.036628131303641585 0.063250285688361246 -0.059038795331163657 0.041685746760173642 0.0069959067944762978
leaf_weight=4.2753232568502515 3.794668272137641 4.0820061191916466 3.9888280034065238 5.6777564957737914 7.3315929472446442
leaf_count=21 22 20 18 29 37
internal_value=0 0.0151328 -0.00552272 0.00682733 -0.0102244
internal_weight=0 7.87667 21.2735 17.2847 11.6069
internal_count=147 42 105 87 58
is_linear=0
shrinkage=0.1


Tree=74
num_leaves=6
num_cat=0
split_feature=10 7 10 7 5
split_gain=0.279237 0.77285 0.832597 1.14774 0.375693
threshold=348.33333333334127 114.50000000000001 616.50000000000011 36.500000000000007 135.79242636746184
decision_type=2 2 2 2 2
left_child=-1 2 3 -2 -5
right_child=1 -3 -4 4 -6
leaf_value=0.017498109085533411 -0.045086845734856142 -0.044714150729428359 0.04181836181538421 -0.008514202688313861 0.033708560136547099
leaf_weight=6.9895793348550823 5.2938923463225427 4.0842435508966437 4.3080453388392916 3.9081287905573827 4.5735215619206429
leaf_count=35 25 21 24 20 22
internal_value=0 -0.00542501 0.00344858 -0.00855086 0.0142534
internal_weight=0 22.1678 18.0836 13.7755 8.48165
internal_count=147 112 91 67 42
is_linear=0
shrinkage=0.1


Tree=75
num_leaves=6
num_cat=0
split_feature=7 13 7 7 7
split_gain=0.199063 0.399374 0.920559 1.59128 0.0275397
threshold=30.500000000000004 1.0000000180025095e-35 63.500000000000007 117.50000000000001 90.500000000000014
decision_type=2 2 2 2 2
left_child=-1 -2 -3 4 -4
right_child=1 2 3 -5 -6
leaf_value=0.016737917939634216 0.018843422533169719 -0.047270741716189384 0.036889465561919098 -0.043272525461381328 0.025008075420883465
leaf_weight=5.7481309026479748 5.7475220561027589 5.109225630760192 3.7134489789605123 4.6389960050582886 4.1100611835718155
leaf_count=30 30 23 22 22 20
internal_value=0 -0.00403886 -0.0115234 0.00313186 0.0306476
internal_weight=0 23.3193 17.5717 12.4625 7.82351
internal_count=147 117 87 64 42
is_linear=0
shrinkage=0.1


Tree=76
num_leaves=2
num_cat=0
split_feature=13
split_gain=0.00662345
threshold=1.0000000180025095e-35
decision_type=2
left_child=-1
right_child=-2
leaf_value=0.0028817466040599888 -0.00074679478567044933
leaf_weight=6.485847998410466 22.420794259756804
leaf_count=34 113
internal_value=0
internal_weight=0
internal_count=147
is_linear=0
shrinkage=0.1


Tree=77
num_leaves=6
num_cat=0
split_feature=10 7 10 7 3
split_gain=0.225158 0.547738 0.665249 0.938383 0.228712
threshold=348.33333333334127 114.50000000000001 616.50000000000011 36.500000000000007 412.50000000000119
decision_type=2 2 2 2 2
left_child=-1 2 3 -2 -5
right_child=1 -3 -4 4 -6
leaf_value=0.015805712832911597 -0.04105943424500362 -0.038253348758858982 0.037113183550442068 -0.0067534430461172988 0.026662316184599289
leaf_weight=6.9109399691224125 5.3083143383264604 4.0204683840274802 4.256604451686143 3.529417507350443 4.8807712197303772
leaf_count=35 25 21 24 18 24
internal_value=0 -0.00488642 0.00257671 -0.00813933 0.0126391
internal_weight=0 21.9956 17.9751 13.7185 8.41019
internal_count=147 112 91 67 42
is_linear=0
shrinkage=0.1


Tree=78
num_leaves=5
num_cat=0
split_feature=10 10 4 4
split_gain=0.216368 0.156915 0.592078 0.0588811
threshold=600.83333333333951 382.33333333333491 1.0000000180025095e-35 1.0000000180025095e-35
decision_type=2 2 2 2
left_child=1 2 -1 -3
right_child=-2 3 -4 -5
leaf_value=0.017133821726197686 -0.015845580937078392 0.0057387740685304715 -0.025599078266315762 0.021911800863553127
leaf_weight=7.1495487764477783 6.5956536158919326 4.0052272081375104 5.9328477568924427 5.1399372518062592
leaf_count=35 37 22 29 24
internal_value=0 0.00477938 -0.00224549 0.0148286
internal_weight=0 22.2276 13.0824 9.14516
internal_count=147 110 64 46
is_linear=0
shrinkage=0.1


Tree=79
num_leaves=5
num_cat=0
split_feature=7 10 7 10
split_gain=0.23644 0.395163 0.831793 0.650373
threshold=30.500000000000004 600.83333333333951 57.500000000000007 350.33333333333036
decision_type=2 2 2 2
left_child=-1 2 -2 -4
right_child=1 -3 3 -5
leaf_value=0.018180563586954756 -0.033495607303342854 -0.027919758353611691 -0.0061669641755635191 0.038699355936205139
leaf_weight=5.7588020488619831 4.6367216706276002 5.4789006300270549 6.5767668187618238 6.3507305458188057
leaf_count=30 21 30 32 34
internal_value=0 -0.00447287 0.00284104 0.015874
internal_weight=0 23.0431 17.5642 12.9275
internal_count=147 117 87 66
is_linear=0
shrinkage=0.1


Tree=80
num_leaves=5
num_cat=0
split_feature=0 0 0 0
split_gain=0.202575 0.784215 1.31732 0.0486227
threshold=2.6500000000000017 1.0500000000000003 0.55000000000000016 0.15000000000000005
decision_type=2 2 2 2
left_child=1 2 3 -1
right_child=-2 -3 -4 -5
leaf_value=-0.010750461280604799 0.020446234230303825 -0.038179292047835267 0.059699432600931128 0.001008869222602254
leaf_weight=10.455838717520246 4.1655902564525595 5.1298974901437751 3.6741047725081435 5.2978002429008475
leaf_count=52 21 23 19 32
internal_value=0 -0.00340318 0.00577945 -0.00679591
internal_weight=0 24.5576 19.4277 15.7536
internal_count=147 126 103 84
is_linear=0
shrinkage=0.1


Tree=81
num_leaves=6
num_cat=0
split_feature=5 7 10 7 7
split_gain=0.259934 0.379037 0.785007 0.315637 0.262955
threshold=193.60504920838693 51.500000000000007 219.33333333333943 111.50000000000001 36.500000000000007
decision_type=2 2 2 2 2
left_child=1 -1 -3 -4 -2
right_child=4 2 3 -5 -6
leaf_value=0.031460088790540922 -0.033402679381991755 0.044926715356040703 0.0031757209098903991 -0.030305756166415839 0.00012756593766037464
leaf_weight=4.7162164747715059 3.8797514438629133 2.9217128381133071 5.7422544211149198 5.5245546475052834 5.8890488743782043
leaf_count=23 20 15 30 28 31
internal_value=0 0.00690015 -0.00126349 -0.0132415 -0.0131892
internal_weight=0 18.9047 14.1885 11.2668 9.7688
internal_count=147 96 73 58 51
is_linear=0
shrinkage=0.1


Tree=82
num_leaves=5
num_cat=0
split_feature=7 7 7 10
split_gain=0.201857 0.47524 0.275227 0.23122
threshold=96.500000000000014 69.500000000000014 36.500000000000007 337.83333333333809
decision_type=2 2 2 2
left_child=1 2 -1 -2
right_child=3 -3 -4 -5
leaf_value=-0.011146220717883706 0.031509991963352087 -0.033268668661396404 0.016647474710518858 -0.0004420851482036471
leaf_weight=6.8886811025440746 3.6943964660167676 4.7571984343230715 7.3796450942754745 5.8526799157261848
leaf_count=36 17 27 33 34
internal_value=0 -0.00589713 0.00322881 0.0119223
internal_weight=0 19.0255 14.2683 9.54708
internal_count=147 96 69 51
is_linear=0
shrinkage=0.1


Tree=83
num_leaves=6
num_cat=0
split_feature=0 0 7 0 0
split_gain=0.210748 1.10586 0.619252 0.258905 0.232699
threshold=1.0500000000000003 0.55000000000000016 108.50000000000001 0.25000000000000006 2.2000000000000011
decision_type=2 2 2 2 2
left_child=1 2 3 -1 -2
right_child=4 -3 -4 -5 -6
leaf_value=-0.041455609356210704 -0.031001714549496708 0.055615112313541465 0.015675484714731524 -0.0062721117627718669 0.0011280053293643941
leaf_weight=4.2446157783269935 3.8838892281055433 3.6450854316353789 7.3408764526247969 4.1232357025146484 5.3718689903616905
leaf_count=21 17 19 38 25 27
internal_value=0 0.00599205 -0.00552258 -0.024119 -0.0123542
internal_weight=0 19.3538 15.7087 8.36785 9.25576
internal_count=147 103 84 46 44
is_linear=0
shrinkage=0.1


Tree=84
num_leaves=4
num_cat=0
split_feature=11 11 11
split_gain=0.253916 0.223734 0.010118
threshold=2.7499999999999996 1.0500000000000003 0.40000000000000013
decision_type=2 2 2
left_child=1 2 -1
right_child=-2 -3 -4
leaf_value=0.0017140190088142571 -0.018709630000287795 0.022926474900431607 -0.0030796166086209634
leaf_weight=9.0907590016722768 5.7583707496523848 5.2401914894580832 8.539170674979685
leaf_count=46 28 30 43
internal_value=0 0.00478456 -0.000607809
internal_weight=0 22.8701 17.6299
internal_count=147 119 89
is_linear=0
shrinkage=0.1


Tree=85
num_leaves=5
num_cat=0
split_feature=11 7 7 11
split_gain=0.205443 0.240097 0.341307 0.507941
threshold=2.7499999999999996 51.500000000000007 108.50000000000001 0.55000000000000004
decision_type=2 2 2 2
left_child=1 -1 3 -3
right_child=-2 2 -4 -5
leaf_value=0.021107349316976998 -0.016805130047322456 0.011494130140095322 0.014165051593230355 -0.035578255586998557
leaf_weight=6.202034514397389 5.7692511454224578 4.1216853037476557 7.3422094732522956 5.1648939549922943
leaf_count=31 28 22 38 28
internal_value=0 0.00431559 -0.00194722 -0.014686
internal_weight=0 22.8308 16.6288 9.28658
internal_count=147 119 88 50
is_linear=0
shrinkage=0.1


Tree=86
num_leaves=5
num_cat=0
split_feature=5 7 7 7
split_gain=0.228386 0.332074 0.295525 0.272884
threshold=193.60504920838693 51.500000000000007 108.50000000000001 36.500000000000007
decision_type=2 2 2 2
left_child=1 -1 -3 -2
right_child=3 2 -4 -5
leaf_value=0.029503279794860532 -0.033025779514973819 -0.016167610047992092 0.012751269288460388 0.0011795968538134494
leaf_weight=4.7020363435149255 3.8627480082213861 6.8137555941939336 7.3407214805483818 5.8867582120001316
leaf_count=23 20 35 38 31
internal_value=0 0.00647876 -0.00116985 -0.0123726
internal_weight=0 18.8565 14.1545 9.74951
internal_count=147 96 73 51
is_linear=0
shrinkage=0.1


Tree=87
num_leaves=5
num_cat=0
split_feature=5 7 7 7
split_gain=0.184922 0.290939 0.451714 0.219684
threshold=193.60504920838693 81.500000000000014 108.50000000000001 36.500000000000007
decision_type=2 2 2 2
left_child=1 -1 -3 -2
right_child=3 2 -4 -5
leaf_value=0.021923474450370586 -0.029590954290749556 -0.028899768610698914 0.011478868399032126 0.0010618923498722534
leaf_weight=7.0431590378284517 3.8790883496403676 4.4506365507841092 7.3390671238303185 5.8854064419865608
leaf_count=36 20 22 38 31
internal_value=0 0.00584257 -0.00376415 -0.0111154
internal_weight=0 18.8329 11.7897 9.76449
internal_count=147 96 60 51
is_linear=0
shrinkage=0.1


Tree=88
num_leaves=4
num_cat=0
split_feature=5 5 5
split_gain=0.21772 1.12686 0.772974
threshold=279.75243147657073 150.81410825199643 912.78571428571411
decision_type=2 2 2
left_child=1 -1 -2
right_child=2 -3 -4
leaf_value=0.0060620563915614704 0.0459189975831844 -0.052905569739482107 -0.017551526048224683
leaf_weight=16.919014945626266 3.8708411045372477 4.008548215031623 3.8047683574259281
leaf_count=87 21 18 21
internal_value=0 -0.00523284 0.0144569
internal_weight=0 20.9276 7.67561
internal_count=147 105 42
is_linear=0
shrinkage=0.1


Tree=89
num_leaves=6
num_cat=0
split_feature=7 7 7 11 11
split_gain=0.199294 0.313352 0.353772 1.81869 0.719241
threshold=30.500000000000004 57.500000000000007 105.50000000000001 0.55000000000000004 0.55000000000000004
decision_type=2 2 2 2 2
left_child=-1 -2 3 -3 -4
right_child=1 2 4 -5 -6
leaf_value=0.016885024496817582 -0.024155515188480043 0.077322048021864875 -0.040370819531425906 -0.017161771203309788 0.018758153616525389
leaf_weight=5.6443784348666695 5.8110822886228588 3.1687475740909594 4.3166908621788007 5.7052476219832897 3.9301685020327568
leaf_count=30 27 18 21 30 21
internal_value=0 -0.00409095 0.00271927 0.0165767 -0.012192
internal_weight=0 22.9319 17.1209 8.874 8.24686
internal_count=147 117 90 48 42
is_linear=0
shrinkage=0.1


Tree=90
num_leaves=5
num_cat=0
split_feature=7 13 7 7
split_gain=0.162048 0.343429 0.662539 1.46521
threshold=30.500000000000004 1.0000000180025095e-35 63.500000000000007 105.50000000000001
decision_type=2 2 2 2
left_child=-1 -2 -3 -4
right_child=1 2 3 -5
leaf_value=0.015283822289459771 0.01780965662803953 -0.041248922158760359 0.037053917983071387 -0.032296832987058328
leaf_weight=5.613821633160117 5.6082645580172601 5.0224517285823813 6.0118349939584714 6.1763023436069489
leaf_count=30 30 23 34 30
internal_value=0 -0.00368127 -0.0106843 0.00191063
internal_weight=0 22.8189 17.2106 12.1881
internal_count=147 117 87 64
is_linear=0
shrinkage=0.1


Tree=91
num_leaves=5
num_cat=0
split_feature=11 11 7 7
split_gain=0.145523 0.554513 0.329986 0.19114
threshold=2.7499999999999996 1.5000000000000002 63.500000000000007 105.50000000000001
decision_type=2 2 2 2
left_child=1 2 -1 -4
right_child=-2 -3 3 -5
leaf_value=-0.025777837666139048 -0.014251394160192899 0.039685150327242708 0.017697278832637855 -0.0056914632653646165
leaf_weight=4.8135874494910338 5.6768570765852919 3.5930875800549975 6.200771063566207 8.0048033446073514
leaf_count=23 28 21 34 41
internal_value=0 0.00365669 -0.00314978 0.00451778
internal_weight=0 22.6122 19.0192 14.2056
internal_count=147 119 98 75
is_linear=0
shrinkage=0.1


Tree=92
num_leaves=5
num_cat=0
split_feature=10 11 10 10
split_gain=0.136344 0.559118 0.584301 0.832852
threshold=348.33333333334127 0.40000000000000013 600.83333333333951 382.33333333333491
decision_type=2 2 2 2
left_child=-1 -2 3 -3
right_child=1 2 -4 -5
leaf_value=0.012447297736466176 0.025078763281305871 -0.031525811933793363 -0.042034518217968928 0.022759647876646864
leaf_weight=6.7597543299198177 5.0977688729763058 4.9628978073596972 4.8332503437995902 6.5643365681171417
leaf_count=35 28 23 27 34
internal_value=0 -0.00383885 -0.0128493 -0.000612237
internal_weight=0 21.4583 16.3605 11.5272
internal_count=147 112 84 57
is_linear=0
shrinkage=0.1


Tree=93
num_leaves=5
num_cat=0
split_feature=7 11 7 10
split_gain=0.159423 0.336496 0.670615 1.40816
threshold=30.500000000000004 1.5000000000000002 108.50000000000001 382.33333333333491
decision_type=2 2 2 2
left_child=-1 2 3 -2
right_child=1 -3 -4 -5
leaf_value=0.015138243705744448 -0.072678639968043426 0.017634870698950703 0.012236788613181906 0.0045037505798043928
leaf_weight=5.6151270307600525 4.07439779490233 5.5717076919972888 7.2896195128560057 5.6303468272089958
leaf_count=30 21 29 38 29
internal_value=0 -0.00369165 -0.0106837 -0.0279002
internal_weight=0 22.5661 16.9944 9.70474
internal_count=147 117 88 50
is_linear=0
shrinkage=0.1


Tree=94
num_leaves=5
num_cat=0
split_feature=5 5 5 4
split_gain=0.178403 0.882221 0.597587 0.208765
threshold=279.75243147657073 150.81410825199643 912.78571428571411 1.0000000180025095e-35
decision_type=2 2 2 2
left_child=1 3 -2 -1
right_child=2 -3 -4 -5
leaf_value=-0.0010381213058740988 0.04135205953214241 -0.046889277824309517 -0.014948160012716569 0.024877107932789307
leaf_weight=12.540724806487569 3.7746098898351184 4.0036502927541724 3.7666042894124985 4.132911041378974
leaf_count=66 21 18 21 21
internal_value=0 -0.00473622 0.0132318 0.00538551
internal_weight=0 20.6773 7.54121 16.6736
internal_count=147 105 42 87
is_linear=0
shrinkage=0.1


Tree=95
num_leaves=6
num_cat=0
split_feature=0 7 7 7 7
split_gain=0.183749 0.692578 1.32555 0.312578 0.269003
threshold=2.6500000000000017 45.500000000000007 72.500000000000014 105.50000000000001 129.50000000000003
decision_type=2 2 2 2 2
left_child=1 -1 -3 -4 -5
right_child=-2 2 3 4 -6
leaf_value=0.025482334273294993 0.019808087351843445 -0.060831962202841428 0.021212057610252476 -0.026289567144859045 0.010137273382496483
leaf_weight=6.2300674542784753 4.0384307205677024 4.4092081785202053 5.3117727786302558 4.5144627317786199 3.6797123849391937
leaf_count=31 21 20 33 24 18
internal_value=0 -0.00323756 -0.013225 0.00231695 -0.00993157
internal_weight=0 24.1452 17.9152 13.5059 8.19418
internal_count=147 126 95 75 42
is_linear=0
shrinkage=0.1


Tree=96
num_leaves=4
num_cat=0
split_feature=0 4 0
split_gain=0.171297 0.712292 0.109993
threshold=0.15000000000000005 1.0000000180025095e-35 1.6500000000000006
decision_type=2 2 2
left_child=-1 -2 -3
right_child=1 2 -4
leaf_value=-0.01017065297273971 0.040724267359828654 0.0033515689392315073 -0.014832898851849928
leaf_weight=10.338215418159963 4.4363809451460865 6.800460532307623 6.5110932216048241
leaf_count=52 28 34 33
internal_value=0 0.00602223 -0.00554302
internal_weight=0 17.7479 13.3116
internal_count=147 95 67
is_linear=0
shrinkage=0.1


Tree=97
num_leaves=5
num_cat=0
split_feature=10 10 10 4
split_gain=0.215921 0.503437 1.11628 0.312507
threshold=379.83333333333582 446.00000000000006 684.16666666667163 1.0000000180025095e-35
decision_type=2 2 2 2
left_child=3 -2 -3 -1
right_child=1 2 -4 -5
leaf_value=0.02432159626146236 -0.027400720014161429 0.032339075338327528 -0.038728992764790492 -0.0097827341731678997
leaf_weight=6.7764944210648554 7.0801495537161854 6.3584951646625978 3.3876917138695717 4.4520452320575714
leaf_count=34 35 37 18 23
internal_value=0 -0.00710643 0.00763642 0.0107994
internal_weight=0 16.8263 9.74619 11.2285
internal_count=147 90 55 57
is_linear=0
shrinkage=0.1


Tree=98
num_leaves=5
num_cat=0
split_feature=11 11 11 11
split_gain=0.0794058 0.222563 0.0634998 0.113045
threshold=2.4000000000000008 1.0500000000000003 0.75000000000000011 0.55000000000000004
decision_type=2 2 2 2
left_child=1 2 3 -1
right_child=-2 -3 -4 -5
leaf_value=-0.0053325082412526347 -0.010016223169820647 0.022399168009602333 -0.013956162589609813 0.014364016730880769
leaf_weight=9.3140285052359193 6.1132882535457602 4.6083304174244395 3.6967960596084586 4.2405474707484236
leaf_count=48 30 28 18 23
internal_value=0 0.00287624 -0.00233888 0.000829547
internal_weight=0 21.8597 17.2514 13.5546
internal_count=147 117 89 71
is_linear=0
shrinkage=0.1


Tree=99
num_leaves=6
num_cat=0
split_feature=10 7 7 7 7
split_gain=0.184192 1.12043 0.762282 0.747449 0.75364
threshold=399.00000000000369 42.500000000000007 96.500000000000014 42.500000000000007 84.500000000000014
decision_type=2 2 2 2 2
left_child=3 -2 -3 -1 -5
right_child=1 2 -4 4 -6
leaf_value=-0.026754597419173878 0.039876960871110957 -0.062279756609940257 -0.0021635389000435258 0.046937293607396416 -0.0044918689386617408
leaf_weight=4.647830054163939 3.327036600559949 3.7536633573472482 4.8148479536175728 5.611891143023966 5.7882105521857738
leaf_count=23 19 19 28 29 29
internal_value=0 -0.00937512 -0.028499 0.00704491 0.020825
internal_weight=0 11.8955 8.56851 16.0479 11.4001
internal_count=147 66 47 81 58
is_linear=0
shrinkage=0.1


end of trees

feature_importances:
taskNum=168
s_view_position=91
scroll_time=61
response_time=37
s_scroll_speed=30
scroll_length=27
event_scroll=10
s_choice_left=9

parameters:
[boosting: gbdt]
[objective: binary]
[metric: binary_error]
[tree_learner: serial]
[device_type: cpu]
[data_sample_strategy: bagging]
[data: ]
[valid: ]
[num_iterations: 100]
[learning_rate: 0.1]
[num_leaves: 31]
[num_threads: 0]
[seed: 0]
[deterministic: 0]
[force_col_wise: 0]
[force_row_wise: 0]
[histogram_pool_size: -1]
[max_depth: -1]
[min_data_in_leaf: 20]
[min_sum_hessian_in_leaf: 0.001]
[bagging_fraction: 1]
[pos_bagging_fraction: 1]
[neg_bagging_fraction: 1]
[bagging_freq: 0]
[bagging_seed: 3]
[feature_fraction: 0.4]
[feature_fraction_bynode: 1]
[feature_fraction_seed: 2]
[extra_trees: 0]
[extra_seed: 6]
[early_stopping_round: 0]
[first_metric_only: 0]
[max_delta_step: 0]
[lambda_l1: 0]
[lambda_l2: 0]
[linear_lambda: 0]
[min_gain_to_split: 0]
[drop_rate: 0.1]
[max_drop: 50]
[skip_drop: 0.5]
[xgboost_dart_mode: 0]
[uniform_drop: 0]
[drop_seed: 4]
[top_rate: 0.2]
[other_rate: 0.1]
[min_data_per_group: 100]
[max_cat_threshold: 32]
[cat_l2: 10]
[cat_smooth: 10]
[max_cat_to_onehot: 4]
[top_k: 20]
[monotone_constraints: ]
[monotone_constraints_method: basic]
[monotone_penalty: 0]
[feature_contri: ]
[forcedsplits_filename: ]
[refit_decay_rate: 0.9]
[cegb_tradeoff: 1]
[cegb_penalty_split: 0]
[cegb_penalty_feature_lazy: ]
[cegb_penalty_feature_coupled: ]
[path_smooth: 0]
[interaction_constraints: ]
[verbosity: -1]
[saved_feature_importance_type: 0]
[use_quantized_grad: 0]
[num_grad_quant_bins: 4]
[quant_train_renew_leaf: 0]
[stochastic_rounding: 1]
[linear_tree: 0]
[max_bin: 255]
[max_bin_by_feature: ]
[min_data_in_bin: 3]
[bin_construct_sample_cnt: 200000]
[data_random_seed: 1]
[is_enable_sparse: 1]
[enable_bundle: 1]
[use_missing: 1]
[zero_as_missing: 0]
[feature_pre_filter: 0]
[pre_partition: 0]
[two_round: 0]
[header: 0]
[label_column: ]
[weight_column: ]
[group_column: ]
[ignore_column: ]
[categorical_feature: ]
[forcedbins_filename: ]
[precise_float_parser: 0]
[parser_config_file: ]
[objective_seed: 5]
[num_class: 1]
[is_unbalance: 0]
[scale_pos_weight: 1]
[sigmoid: 1]
[boost_from_average: 1]
[reg_sqrt: 0]
[alpha: 0.9]
[fair_c: 1]
[poisson_max_delta_step: 0.7]
[tweedie_variance_power: 1.5]
[lambdarank_truncation_level: 30]
[lambdarank_norm: 1]
[label_gain: ]
[lambdarank_position_bias_regularization: 0]
[eval_at: ]
[multi_error_top_k: 1]
[auc_mu_weights: ]
[num_machines: 1]
[local_listen_port: 12400]
[time_out: 120]
[machine_list_filename: ]
[machines: ]
[gpu_platform_id: -1]
[gpu_device_id: -1]
[gpu_use_dp: 0]
[num_gpu: 1]

end of parameters

pandas_categorical:[]
